[0.436, 0.178, 5, -13.36, 0.0448, 0.996, 0.912, 0.259, 0.464, 111.858] 5j6tQBJnNG4wLLdVISJ5g2
[0.85, 0.212, 7, -16.888, 0.0948, 0.987, 0.0298, 0.114, 0.781, 121.146] 2oods8nOG6bB6ZUFHEumbx
[0.508, 0.151, 2, -14.984, 0.0324, 0.986, 0.0465, 0.172, 0.523, 85.128] 1bWh9hOkQGahfQ0rEqvaGR
[0.579, 0.18, 5, -15.873, 0.0642, 0.979, 0.0403, 0.0948, 0.414, 145.128] 04O45djDgdvw08HOkouSKW
[0.564, 0.269, 2, -13.749, 0.0443, 0.995, 0.00483, 0.132, 0.602, 103.355] 3Yt6mXwFK3GMQ3Jzzk0yIN
[0.675, 0.311, 9, -11.959, 0.0525, 0.93, 0.000261, 0.102, 0.638, 97.159] 1TrGdXSgiBm8W68D2K1COG
[0.475, 0.157, 10, -19.063, 0.0567, 0.976, 0.0348, 0.0776, 0.519, 169.224] 7hYOjbDYBvUk7RymZ82To3
[0.467, 0.122, 2, -22.241, 0.0366, 0.954, 0.902, 0.132, 0.411, 111.256] 5xwCQuoGnPdgqw2omrgmCq
[0.487, 0.651, 10, -10.824, 0.741, 0.956, 4.08e-06, 0.833, 0.652, 101.651] 7bWhtFDDMgcA6DmFGGlS0C
[0.81, 0.233, 0, -15.004, 0.0627, 0.982, 0.00242, 0.135, 0.657, 86.739] 7KZ6eGK7OuLXUzTVGdc7cL
[0.57, 0.241, 4, -12.138, 0.0473, 0.948, 0.0224, 0.111, 0.543, 115.352] 3XdnNX0cPynrR7KdRoyjwa
[0.499, 0.302, 7, -15.15, 0.0495, 0.752, 0.0266, 0.129, 0.565, 167.083] 3lpj1UVCPnohjqGEwY0Lfl
[0.678, 0.228, 3, -15.007, 0.0409, 0.993, 0.0618, 0.163, 0.445, 82.978] 5EpIZRPAEqniltILeAjk38
[0.615, 0.255, 7, -14.599, 0.0618, 0.995, 0.0123, 0.169, 0.69, 181.12] 6AgwNMztb3eIgNF1m2zi7h
[0.662, 0.222, 11, -15.116, 0.0511, 0.972, 4.74e-05, 0.12, 0.786, 104.68] 2HtrbgSrkOm7HqrbD7DmGr
[0.647, 0.204, 3, -15.263, 0.0454, 0.964, 0.00351, 0.123, 0.686, 83.102] 12MFtyrU4ZPJqClBcjYFIA
[0.555, 0.393, 10, -11.949, 0.0327, 0.965, 0.015, 0.151, 0.782, 102.5] 5o1hYFDPp3G3HlWqEPANMc
[0.65, 0.424, 10, -11.238, 0.0646, 0.87, 0.0443, 0.0869, 0.865, 91.977] 7voiKv7nCbpQkF9jcN4VPn
[0.473, 0.281, 1, -11.337, 0.0354, 0.97, 0.0936, 0.11, 0.523, 119.161] 4sCCIP8eG3HVizWnm1SQ0G
[0.569, 0.394, 6, -12.499, 0.0559, 0.94, 0.00239, 0.117, 0.712, 102.364] 2sUGV5xBeNZOVhbs3Lkg2O
[0.538, 0.177, 0, -14.158, 0.0447, 0.91, 0.00825, 0.0927, 0.415, 77.396] 4vqDFur1cyE8lS1oD3XiCB
[0.446, 0.315, 8, -14.961, 0.0352, 0.904, 0, 0.235, 0.371, 99.155] 4m7GRlEcWGfaUFelKYljUj
[0.539, 0.264, 11, -14.354, 0.0383, 0.969, 0.000681, 0.361, 0.677, 162.935] 6NzOw76Vq4ogyuRGmiXG4X
[0.596, 0.308, 1, -17.814, 0.0495, 0.977, 0.0106, 0.108, 0.834, 183.398] 7A9yfYiBXLEvKn1oJy3nPL
[0.539, 0.228, 5, -8.234, 0.0466, 0.992, 2.19e-06, 0.126, 0.518, 84.324] 6Ad9JbwY1HGjbNhVYddNbk
[0.797, 0.208, 1, -11.383, 0.0672, 0.985, 0.232, 0.0434, 0.596, 86.605] 2mGnouFybpiIEWnzKq50fr
[0.683, 0.285, 3, -12.101, 0.0366, 0.994, 0.603, 0.122, 0.783, 94.913] 2KZkEbuMBsoxhgX3iEyAv2
[0.812, 0.248, 8, -11.129, 0.0534, 0.986, 3.38e-05, 0.137, 0.742, 125.33] 2Y9sTOSdXeEl15NL0MkHWl
[0.792, 0.142, 3, -16.024, 0.0442, 0.985, 0.184, 0.112, 0.669, 94.375] 7eNHeLu7yJB5HN9Srvrocv
[0.614, 0.0423, 4, -12.033, 0.0535, 0.996, 0.00293, 0.183, 0.211, 89.822] 2wAfHM7Whz67VFbdanhZlk
[0.643, 0.175, 0, -13.24, 0.0496, 0.986, 0.678, 0.299, 0.721, 100.521] 6PScTantRyDSp4AkOGTKUT
[0.561, 0.195, 0, -17.093, 0.195, 0.962, 0.000126, 0.337, 0.516, 80.771] 2SN7hLyPSHyBKwykU0k0No
[0.661, 0.174, 0, -14.089, 0.149, 0.984, 0.00687, 0.457, 0.474, 85.265] 0zt7Bb8seSANEPfcBCfDgv
[0.655, 0.134, 0, -15.836, 0.0621, 0.853, 0.0568, 0.0412, 0.444, 68.525] 2N3ppRkdOeZ75RwEqSz7nu
[0.538, 0.492, 3, -10.683, 0.125, 0.802, 0.0022, 0.161, 0.668, 164.058] 2l23EymI7ggn06fJAuI4lu
[0.521, 0.27, 10, -9.82, 0.0895, 0.987, 0.0045, 0.255, 0.567, 86.846] 2mRrzCyw3gmyy1cHb7PmFA
[0.661, 0.401, 2, -8.951, 0.0531, 0.953, 0.0211, 0.0822, 0.617, 105.103] 0Q4qVBG7jAF3Ar4sheUidp
[0.67, 0.174, 4, -15.902, 0.0635, 0.841, 0.00534, 0.117, 0.386, 149.039] 0sPES3zMG5FaGO8sNmmsu2
[0.574, 0.58, 5, -10.408, 0.088, 0.824, 1.21e-06, 0.464, 0.816, 106.496] 4C6KfxHdNt7x4LaqVa5pkD
[0.399, 0.516, 4, -13.862, 0.0472, 0.906, 0.0117, 0.109, 0.76, 94.427] 2vCEHR8tyE1Vdei2VeyrE4
[0.477, 0.53, 4, -7.198, 0.0306, 0.957, 0.0301, 0.636, 0.738, 80.304] 4uvdVSZSfDrXL09nFcrVTW
[0.595, 0.759, 7, -11.162, 0.102, 0.484, 1.18e-05, 0.384, 0.637, 114.207] 1f9FEeBWZkuT4ItJZwsJ2l
[0.55, 0.654, 4, -10.168, 0.0823, 0.802, 0.951, 0.183, 0.595, 144.709] 0TwslblVziaeWMb2D3H11v
[0.66, 0.673, 0, -6.877, 0.0577, 0.769, 0.000789, 0.0546, 0.706, 95.069] 6KSa2Y1HnG0XlPQfEN4Xgi
[0.699, 0.61, 0, -4.036, 0.131, 0.942, 0.00164, 0.293, 0.68, 116.446] 5kv6BrEpfmf2F7CkOBtw1M
[0.492, 0.596, 2, -4.038, 0.0395, 0.97, 0.043, 0.284, 0.548, 86.952] 1TVtYIucWI5fqdQwwlZFR3
[0.433, 0.7, 11, -8.197, 0.163, 0.843, 0.324, 0.102, 0.8, 80.623] 73GEVn1tqk9bn0KbtWsiqj
[0.57, 0.537, 2, -8.798, 0.04, 0.786, 0.157, 0.121, 0.391, 104.89] 2x0uiOepdvCXYk8Wh8bXIk
[0.294, 0.611, 2, -6.268, 0.0348, 0.0226, 0.435, 0.114, 0.567, 178.191] 1cRTAPP2FG9h2WiYMOIVIK
[0.617, 0.54, 3, -13.494, 0.0462, 0.284, 0, 0.511, 0.86, 127.497] 5kXJVyFqJdAv6XzjFeKqv7
[0.391, 0.229, 1, -12.766, 0.0464, 0.944, 1.66e-05, 0.0951, 0.282, 137.865] 3U9WzMwu5kpby0r4200j7J
[0.594, 0.156, 10, -15.65, 0.0411, 0.976, 2.3e-05, 0.366, 0.348, 91.644] 0JmzzjoM5HWgdEQxe58jNf
[0.486, 0.122, 2, -11.341, 0.0347, 0.937, 0.00314, 0.0867, 0.332, 105.158] 1b8yOmfO2SH4thcrwORtE8
[0.626, 0.352, 7, -10.346, 0.032, 0.879, 0.0176, 0.11, 0.239, 105.734] 6rmfVDXJjjBhDRlPvzR9Gb
[0.32, 0.438, 8, -9.119, 0.0467, 0.74, 0, 0.139, 0.235, 186.804] 3NhDsoowimZMc97tDuG1T5
[0.501, 0.0454, 0, -18.783, 0.0388, 0.938, 3.76e-05, 0.2, 0.255, 99.783] 4m6OC8u2rC6LMFtFWsME7d
[0.391, 0.229, 1, -12.766, 0.0464, 0.944, 1.66e-05, 0.0951, 0.282, 137.865] 3U9WzMwu5kpby0r4200j7J
[0.594, 0.156, 10, -15.65, 0.0411, 0.976, 2.3e-05, 0.366, 0.348, 91.644] 0JmzzjoM5HWgdEQxe58jNf
[0.486, 0.122, 2, -11.341, 0.0347, 0.937, 0.00314, 0.0867, 0.332, 105.158] 1b8yOmfO2SH4thcrwORtE8
[0.626, 0.352, 7, -10.346, 0.032, 0.879, 0.0176, 0.11, 0.239, 105.734] 6rmfVDXJjjBhDRlPvzR9Gb
[0.32, 0.438, 8, -9.119, 0.0467, 0.74, 0, 0.139, 0.235, 186.804] 3NhDsoowimZMc97tDuG1T5
[0.501, 0.0454, 0, -18.783, 0.0388, 0.938, 3.76e-05, 0.2, 0.255, 99.783] 4m6OC8u2rC6LMFtFWsME7d
[0.598, 0.735, 2, -10.882, 0.0973, 0.44, 0.000215, 0.681, 0.615, 111.129] 58PSYdY0GFg0LFb2PxYk4T
[0.683, 0.502, 9, -8.83, 0.0401, 0.799, 0.000116, 0.138, 0.5, 146.138] 4tvGhuwJYE0ALzBUNLmacQ
[0.541, 0.568, 9, -12.584, 0.0752, 0.651, 0.00563, 0.1, 0.815, 135.275] 3W5Hyy46oXDZQtRnTv6Lsh
[0.655, 0.561, 1, -8.86, 0.199, 0.369, 5.04e-06, 0.0806, 0.659, 152.775] 1cXc92MX9kFjMrrDsvdf9w
[0.492, 0.596, 2, -4.038, 0.0395, 0.97, 0.043, 0.284, 0.548, 86.952] 1TVtYIucWI5fqdQwwlZFR3
[0.433, 0.7, 11, -8.197, 0.163, 0.843, 0.324, 0.102, 0.8, 80.623] 73GEVn1tqk9bn0KbtWsiqj
[0.477, 0.29, 4, -18.066, 0.0374, 0.554, 0.178, 0.283, 0.727, 122.589] 3knwd2whi9QUViKgWCsixF
[0.711, 0.406, 7, -10.748, 0.0518, 0.978, 0.000997, 0.112, 0.484, 104.135] 4Bh8jo5AaEF8Vsv4TorXF5
[0.542, 0.588, 2, -9.268, 0.0665, 0.67, 0.158, 0.241, 0.881, 113.948] 3KSchPNSklO5McIqRH3qYX
[0.414, 0.818, 2, -5.958, 0.0455, 0.787, 0.00303, 0.0643, 0.743, 102.282] 2jgmBkJC0PhRWzn7X26WNZ
[0.481, 0.247, 4, -13.337, 0.0414, 0.644, 2.81e-05, 0.285, 0.567, 75.68] 59weqOPEUbGf6shNNwiiSW
[0.294, 0.611, 2, -6.268, 0.0348, 0.0226, 0.435, 0.114, 0.567, 178.191] 1cRTAPP2FG9h2WiYMOIVIK
[0.562, 0.701, 2, -8.061, 0.094, 0.687, 1.43e-05, 0.0649, 0.876, 157.814] 5UwulLJTnnBADpTIvQKBNp
[0.617, 0.513, 7, -12.884, 0.034, 0.885, 0.00108, 0.0833, 0.626, 69.562] 1ROQZlDDQzgSHqpnx2N2hP
[0.581, 0.333, 0, -14.209, 0.032, 0.944, 0.472, 0.332, 0.488, 94.197] 5ZUxxja3WzBZUFF6P9M9HN
[0.724, 0.5, 9, -12.191, 0.0524, 0.762, 0.000114, 0.13, 0.571, 125.195] 5ggJp945RnNI0PsmpTySjK
[0.667, 0.757, 5, -5.88, 0.0465, 0.174, 0.0393, 0.0831, 0.528, 114.78] 4t9IqVoxJN5F9aWj1YYlQ1
[0.581, 0.697, 2, -8.239, 0.045, 0.113, 0.000924, 0.0388, 0.906, 106.102] 0P1NVWntMal7tHrLG1HxEC
[0.617, 0.54, 3, -13.494, 0.0462, 0.284, 0, 0.511, 0.86, 127.497] 5kXJVyFqJdAv6XzjFeKqv7
[0.496, 0.844, 7, -6.281, 0.0432, 0.561, 0.193, 0.201, 0.822, 135.613] 7ktdaLy3DGPhmgS5vnHIx3
[0.684, 0.333, 5, -10.487, 0.0524, 0.886, 0, 0.286, 0.833, 157.887] 2cXuMaLQcHxx3JF4F6NGab
[0.459, 0.248, 7, -16.475, 0.0365, 0.437, 0.106, 0.271, 0.418, 84.969] 4iKp3icJChjTFQBYbydH43
[0.516, 0.736, 2, -3.7, 0.0279, 0.493, 0.00247, 0.124, 0.628, 98.21] 7L5U6eRJEFQbjqUUTwDVPu
[0.303, 0.725, 8, -3.827, 0.0777, 0.171, 1.9e-06, 0.336, 0.255, 185.544] 3U1r3b9y1KpBLVI3sBD0ut
[0.383, 0.458, 10, -13.403, 0.0316, 0.295, 0.00232, 0.114, 0.466, 179.169] 1SfonHAsXTcpSQCXKfKl5W
[0.638, 0.738, 9, -9.563, 0.0271, 0.0315, 0.000634, 0.211, 0.816, 104.098] 44s75M70lhq25s3CiW0pxq
[0.692, 0.625, 0, -10.375, 0.0362, 0.883, 0.0888, 0.282, 0.842, 118.774] 2f47wE92JeVnJ8EM0IGsNQ
[0.395, 0.458, 0, -12.527, 0.0462, 0.419, 0.000132, 0.594, 0.474, 168.933] 3dwWMDLZlZxtkvTjVA5J1Z
[0.577, 0.569, 2, -7.692, 0.0468, 0.674, 0.00221, 0.19, 0.754, 87.266] 0E3Ck752Kw29gVpyAVDLDo
[0.45, 0.347, 0, -16.269, 0.0349, 0.177, 0.0551, 0.102, 0.394, 157.47] 3hEqk9Uh4SBj0TZLcwxixB
[0.566, 0.251, 0, -17.183, 0.0298, 0.752, 0.818, 0.0764, 0.644, 96.721] 1jmUDgvrdOKpz1JxlEH7Qz
[0.626, 0.375, 0, -16.267, 0.0743, 0.425, 0.000653, 0.118, 0.474, 96.171] 6pdL7n3Ad3nOV46sZv5doQ
[0.432, 0.54, 0, -10.466, 0.0721, 0.0845, 3.96e-06, 0.154, 0.449, 95.998] 6QVQ98K8JrqHfImepOeQ6L
[0.6, 0.319, 4, -12.587, 0.143, 0.739, 0.102, 0.289, 0.41, 137.954] 7lbC5pd1ahrDiIf9gLUhxx
[0.62, 0.0827, 0, -20.88, 0.0625, 0.368, 0.051, 0.0621, 0.424, 145.108] 0VQqkF65MjElD99dsky0hi
[0.614, 0.522, 7, -12.964, 0.0371, 0.891, 0.000602, 0.0753, 0.586, 69.389] 24qLayLMHE9K3vcivvCw5f
[0.592, 0.464, 7, -16.925, 0.0374, 0.509, 0.000214, 0.166, 0.764, 112.986] 1bMCiGzKRJwmYkxtSBsTSM
[0.74, 0.413, 9, -11.152, 0.0499, 0.803, 0.0456, 0.752, 0.564, 131.763] 1iIKiEJ0JYsnV3ydvdxPvD
[0.528, 0.231, 4, -15.846, 0.129, 0.983, 4.18e-06, 0.117, 0.684, 213.684] 2SBeUc6cAmkLE0XyjuNWmi
[0.647, 0.651, 7, -13.135, 0.0431, 0.73, 0.000644, 0.117, 0.96, 112.139] 1Vx0NnmdL65tr55ozZYbT1
[0.612, 0.45, 9, -14.447, 0.0368, 0.201, 0.00111, 0.109, 0.881, 82.537] 7HR9VY5BiHye1MfvMzTHao
[0.508, 0.43, 2, -13.072, 0.27, 0.806, 0.0835, 0.222, 0.434, 186.263] 6tbhUMSYaqy5Enl0XDkJkO
[0.56, 0.532, 0, -9.513, 0.033, 0.458, 0.0444, 0.218, 0.756, 108.736] 7zkmkHaRU236uNKwzWmmH6
[0.423, 0.328, 5, -10.182, 0.0362, 0.734, 0.0016, 0.158, 0.469, 73.603] 7M8XGHJQPYZcYftZyQLmMC
[0.464, 0.386, 5, -13.599, 0.0499, 0.571, 9.04e-05, 0.174, 0.391, 185.19] 58563eLRjBXT60YpSMDYcm
[0.439, 0.326, 0, -14.278, 0.0348, 0.448, 0.000518, 0.135, 0.548, 159.619] 4SP7Fdwo42okQx8dzWJYjM
[0.571, 0.66, 2, -8.365, 0.0494, 0.683, 3.14e-05, 0.0566, 0.876, 138.958] 4qccpa9H5d9c37KEcpjSaK
[0.495, 0.617, 7, -8.195, 0.0427, 0.437, 7.64e-05, 0.0734, 0.833, 140.806] 0NqQU0BPlVb8HMNmcHnQPD
[0.496, 0.396, 0, -13.003, 0.0477, 0.454, 0.271, 0.107, 0.601, 180.355] 2Javc8qxSjKifYDYnyj8Bi
[0.66, 0.696, 9, -7.096, 0.0367, 0.448, 0.00194, 0.0621, 0.598, 110.016] 75ZXx6ysguj5afBRtZ8tGR
[0.589, 0.679, 5, -5.628, 0.0336, 0.0253, 0.00584, 0.167, 0.716, 85.865] 42O2R9NmHyZqN6CvGcwzrl
[0.515, 0.5, 11, -8.986, 0.0607, 0.644, 2.24e-06, 0.119, 0.634, 155.383] 5v6dtKoPkH8wJVqfOROJqD
[0.676, 0.661, 5, -5.432, 0.0384, 0.00495, 0.000871, 0.201, 0.533, 107.589] 0HPazJXESVCimRyMggplg5
[0.703, 0.809, 0, -8.873, 0.0729, 0.0806, 0.00877, 0.33, 0.523, 114.138] 3hdx96ToWSDdbJWzi0saAF
[0.546, 0.419, 3, -6.988, 0.0304, 0.808, 0.00337, 0.167, 0.393, 136.899] 7d1ZzOIyACB64aEibmWfH7
[0.537, 0.5, 7, -6.798, 0.0346, 0.128, 0.00401, 0.114, 0.476, 125.596] 7n5vTqlOB56a7kLQrGvPO4
[0.729, 0.683, 0, -6.646, 0.037, 0.665, 0.0172, 0.0786, 0.798, 129.103] 4Dd1ZiwUMdaxirVebAldJR
[0.569, 0.564, 8, -7.34, 0.0337, 0.0496, 0.0138, 0.304, 0.526, 96.112] 2RXIoXvCL53UKnsEjMRxl7
[0.652, 0.599, 5, -5.353, 0.0359, 0.618, 4.24e-06, 0.131, 0.413, 122.029] 43e8Q7rSuX10XkBNzAXsnG
[0.685, 0.787, 8, -5.139, 0.0952, 0.306, 3.39e-05, 0.282, 0.697, 124.537] 062xegh1dDwl3JutgSY5EI
[0.653, 0.16, 5, -14.793, 0.039, 0.845, 0.000778, 0.109, 0.247, 62.504] 7lYWr6C3mvaj8jMUPAhABP
[0.482, 0.402, 4, -11.261, 0.0472, 0.228, 0.133, 0.0742, 0.314, 173.302] 27Hps0EsBwR2ImKIiJfC95
[0.608, 0.592, 2, -6.312, 0.0493, 0.173, 0, 0.349, 0.642, 174.094] 5zptfX3tZMcCcM4VXaCPLZ
[0.761, 0.465, 4, -7.967, 0.0347, 0.534, 0.331, 0.129, 0.652, 114.004] 0otTCVBZRpLduHl1ogOJ0y
[0.396, 0.463, 9, -5.554, 0.0282, 0.374, 0, 0.339, 0.442, 167.32] 5dd769kGy644G8xYkdJJZt
[0.27, 0.7, 9, -4.855, 0.0454, 0.182, 7.64e-06, 0.0924, 0.619, 188.996] 3ZFwoOTjcVzVOcFM08NsjG
[0.441, 0.503, 8, -5.706, 0.0325, 0.481, 2.15e-06, 0.085, 0.385, 134.134] 30h268bCKmGWxFleXGYATy
[0.469, 0.445, 10, -8.452, 0.0286, 0.682, 0.000716, 0.119, 0.237, 107.865] 3gP6wL0DFyrJr4DzGgLhBq
[0.488, 0.614, 4, -3.66, 0.0358, 0.571, 4.6e-06, 0.306, 0.322, 160.107] 4I7exgZnKPQeLgzRAsx77r
[0.642, 0.814, 0, -5.641, 0.0281, 0.108, 0.00129, 0.141, 0.824, 107.062] 0NHW16lrKx7ra3ix9xKqxh
[0.269, 0.516, 9, -8.792, 0.0293, 0.00812, 7.39e-05, 0.114, 0.262, 75.432] 24aLYdNnFAmHVDxlKxLTbW
[0.749, 0.732, 11, -7.897, 0.0389, 0.217, 0.000469, 0.0981, 0.952, 102.063] 6wILqRslB1r6SWtEj4senP
[0.488, 0.408, 4, -8.373, 0.0432, 0.756, 0.00125, 0.198, 0.445, 151.196] 2M7woNFwYlW6EnSAREYKoC
[0.759, 0.573, 6, -5.924, 0.0276, 0.383, 6.13e-06, 0.116, 0.864, 117.551] 4VNNhbYDAt5SjXN5RERGiC
[0.718, 0.347, 11, -9.359, 0.0311, 0.513, 0.00941, 0.282, 0.15, 107.076] 0fnALehX0CnAZYD6Lerc8a
[0.57, 0.567, 4, -7.958, 0.0595, 0.0458, 0.000407, 0.205, 0.806, 155.153] 4I5G1RoD0LbJ8q5VG5YdIs
[0.716, 0.667, 11, -4.624, 0.0349, 0.128, 4.97e-06, 0.0826, 0.686, 110.61] 08aZMbV00fxoxzosGLr3cq
[0.65, 0.645, 0, -4.733, 0.0286, 0.0874, 0.00171, 0.251, 0.368, 112.953] 7HzWmedWsusc3bpWKZYbu5
[0.613, 0.608, 11, -5.429, 0.0263, 0.0147, 0, 0.245, 0.523, 87.467] 5jddjli3YTIxueb3xFdLaA
[0.444, 0.326, 4, -7.673, 0.0339, 0.553, 1.27e-05, 0.113, 0.232, 131.352] 6LOo0imVNkr9CFr6Cg6dkD
[0.666, 0.754, 11, -6.813, 0.0781, 0.43, 1.24e-06, 0.159, 0.7, 92.41] 2DMnCy43xnMVX2eglYtn6R
[0.47, 0.492, 5, -7.204, 0.0317, 0.657, 0, 0.199, 0.478, 120.311] 6S2WRQBK9uKW2J6RTJXY6N
[0.424, 0.319, 3, -9.193, 0.0272, 0.868, 4.85e-06, 0.107, 0.187, 110.584] 7vCfPnxfZstgS5QUlWV7aY
[0.645, 0.455, 1, -8.484, 0.0322, 0.49, 7.54e-06, 0.165, 0.339, 149.971] 7bpJJDFOR7CQMA2Ssm1yka
[0.414, 0.305, 10, -9.711, 0.0266, 0.942, 0.00832, 0.147, 0.304, 141.024] 4pvtn6rUZEL9hranwiaZ5d
[0.527, 0.735, 9, -6.576, 0.0352, 0.00462, 0.211, 0.32, 0.448, 115.446] 054MF2HfHcqygtR0ikyOPq
[0.594, 0.398, 6, -8.294, 0.0286, 0.209, 0.000311, 0.309, 0.529, 119.949] 2e58JCJzmWLtlLt0320MVp
[0.708, 0.565, 11, -5.505, 0.0465, 0.273, 0.000316, 0.0367, 0.837, 93.806] 0DSob5ze3sstCI5FFpCRwj
[0.365, 0.553, 5, -4.773, 0.0535, 0.902, 4.95e-06, 0.138, 0.258, 103.667] 069SjLinBiqtpSzTeAoJMx
[0.673, 0.459, 11, -14.17, 0.0684, 0.0182, 0.152, 0.117, 0.482, 152.036] 5gdWCjZpDODJduaw5agwSf
[0.639, 0.693, 2, -4.549, 0.0392, 0.191, 3.18e-05, 0.145, 0.537, 112.245] 1RDlm1UEyvBynCXBmbGsgM
[0.488, 0.66, 5, -6.994, 0.0881, 0.208, 3.71e-06, 0.111, 0.655, 173.804] 6IevgQPwNyD73SMi8nLWb1
[0.629, 0.697, 5, -5.493, 0.029, 0.18, 0.00307, 0.2, 0.621, 110.905] 6tUaoQubP95G9YseowN2Fc
[0.155, 0.733, 2, -6.018, 0.0386, 0.0123, 0.0315, 0.0714, 0.646, 199.298] 7EFUJYLscAMh62ZkSUhZyc
[0.604, 0.289, 9, -11.734, 0.0785, 0.804, 0.00416, 0.221, 0.159, 73.989] 1nPXV1tU2TwxWCcGEI2NR3
[0.509, 0.405, 2, -8.779, 0.036, 0.319, 0.0059, 0.123, 0.274, 141.509] 3waUNDqqEcv8GFLr6w3YNz
[0.355, 0.541, 7, -6.715, 0.0358, 0.262, 0.021, 0.0929, 0.386, 179.436] 5C7R3FWg4eG04eAdmu5XNv
[0.639, 0.422, 11, -9.385, 0.0263, 0.272, 9.98e-05, 0.124, 0.321, 105.015] 6Sm45PLFiplvxlQuLnMUMC
[0.655, 0.802, 11, -5.17, 0.0439, 0.101, 1.06e-05, 0.0904, 0.663, 136.82] 2FqLyyGqLM5KWRkWs4c39D
[0.401, 0.693, 9, -3.9, 0.0318, 0.293, 0.000805, 0.0983, 0.346, 122.678] 2GnsJUt8AcHJDrt0zxcQAk
[0.425, 0.204, 2, -13.097, 0.0334, 0.978, 0.000481, 0.11, 0.121, 122.093] 2wVrDSnhFnwy9SQLgP9Yiq
[0.437, 0.419, 6, -8.609, 0.0621, 0.143, 0, 0.124, 0.571, 94.339] 07FsL3niKWz19cGPDYX5z2
[0.619, 0.405, 10, -6.802, 0.0273, 0.391, 5.97e-06, 0.0736, 0.562, 128.958] 2RONhC3MSnfZx3P7b3csF5
[0.554, 0.67, 8, -5.852, 0.0509, 0.0156, 0, 0.101, 0.789, 128.661] 5lFvztSrM5KuWUEMHNZbT1
[0.627, 0.287, 0, -7.864, 0.029, 0.969, 0.0105, 0.108, 0.192, 100.154] 3aoPMIkpSHLvpbKs7iDMcy
[0.77, 0.748, 0, -9.103, 0.0411, 0.345, 0.155, 0.137, 0.966, 126.155] 5wPIxKk2MmWvgYXmGlIqrB
[0.804, 0.463, 5, -8.873, 0.0346, 0.241, 0.0167, 0.124, 0.662, 84.241] 7E3tQstQpfrQ9Pmq5EYllF
[0.43, 0.852, 9, -7.303, 0.0309, 0.0068, 0.00011, 0.137, 0.509, 93.375] 32xYsLJbczsr2s4aR0Snft
[0.701, 0.424, 9, -7.012, 0.0414, 0.346, 0.000203, 0.258, 0.437, 75.529] 1m9VnaH1Z9I5uGOqvLhRx2
[0.768, 0.446, 10, -7.255, 0.0313, 0.167, 5.36e-06, 0.151, 0.489, 86.999] 0ZQ9kfBMuCDLKqVPasJAaa
[0.5, 0.631, 11, -6.901, 0.0377, 0.0167, 0, 0.339, 0.613, 105.04] 3ZcKiRjQMa6LYGWx8AiGi1
[0.419, 0.35, 9, -9.549, 0.026, 0.658, 0.000419, 0.113, 0.125, 103.813] 0hMcafQF1FJBdZVSMM8ucm
[0.744, 0.242, 1, -12.293, 0.0382, 0.578, 0.243, 0.13, 0.229, 116.862] 5lg4ksIme67bNG6ip6qF2R
[0.709, 0.702, 10, -5.572, 0.0354, 0.00726, 1.5e-06, 0.0213, 0.573, 98.036] 7osREQzHE2YVzbpvhuKIBy
[0.585, 0.694, 5, -5.643, 0.0355, 0.0293, 0.00451, 0.158, 0.677, 85.984] 5MJvHM3UwgTJsffqrMGykL
[0.335, 0.753, 5, -5.304, 0.0333, 0.000557, 0.428, 0.0927, 0.524, 81.376] 4T4T6FNZ09Ykvp3ErY4o9M
[0.608, 0.592, 2, -6.312, 0.0493, 0.173, 0, 0.349, 0.642, 174.094] 6i4lgAEUS46EhE3YdIGoBa
[0.369, 0.853, 1, -3.438, 0.0692, 0.0277, 0, 0.198, 0.383, 97.948] 6TeRYky3LaAFfAoMDoRHdW
[0.594, 0.827, 7, -4.691, 0.0304, 0.00927, 0.0156, 0.118, 0.846, 136.037] 3f3Af84810qOSk8iLSqW3L
[0.648, 0.771, 2, -4.656, 0.0291, 0.112, 0, 0.253, 0.448, 99.962] 7dvJOlhONPK5XqLr2CtguR
[0.613, 0.608, 11, -5.429, 0.0263, 0.0147, 0, 0.245, 0.523, 87.467] 5jddjli3YTIxueb3xFdLaA
[0.564, 0.653, 0, -7.832, 0.0328, 0.00147, 0.0281, 0.091, 0.358, 95.03] 5b3xP1fcetDHbXL6TmQzHs
[0.425, 0.86, 2, -3.18, 0.0398, 0.00719, 0.00137, 0.163, 0.452, 90.03] 1Mv4WAZom2RnpDt7SKD0xV
[0.728, 0.632, 11, -5.071, 0.0404, 0.174, 2.41e-06, 0.272, 0.637, 110.378] 55HRS5caj9EvcSB6yoHewd
[0.535, 0.616, 1, -6.323, 0.0399, 0.187, 0.00137, 0.104, 0.682, 203.586] 6J9IbLfBVFN6ErDGhufoJY
[0.701, 0.592, 0, -8.728, 0.0446, 0.403, 0.00592, 0.0927, 0.829, 169.868] 5D63bKbqnQFWOcnZN7vOJR
[0.669, 0.848, 5, -6.086, 0.0318, 0.0594, 8.77e-06, 0.17, 0.868, 120.091] 05wJ1qBm5e2OdmBgA8HKex
[0.451, 0.895, 4, -5.824, 0.118, 0.0131, 0.0589, 0.37, 0.379, 120.035] 4FTwdKusSveJ9znW6gFM4Y
[0.386, 0.475, 0, -8.254, 0.0265, 0.843, 0.000106, 0.355, 0.391, 106.538] 1zHHwTIloBthaYONQX2TZ0
[0.595, 0.521, 9, -8.544, 0.0325, 0.11, 0.0369, 0.0956, 0.66, 148.062] 7v8OXl3BnpPThKa4fJVUTh
[0.372, 0.858, 2, -4.42, 0.065, 0.0791, 0.342, 0.0938, 0.612, 110.209] 21JAKSrr9fAH0RRgQimfyJ
[0.395, 0.866, 7, -7.047, 0.0691, 0.112, 9.85e-06, 0.112, 0.836, 150.77] 7Blrv4fr8DwRcytz8qrvtW
[0.488, 0.408, 4, -8.373, 0.0432, 0.756, 0.00125, 0.198, 0.445, 151.196] 2M7woNFwYlW6EnSAREYKoC
[0.535, 0.718, 7, -6.096, 0.0294, 0.0515, 0.0507, 0.328, 0.531, 82.963] 2h62TNIQHHAhnuYf3G4q79
[0.635, 0.655, 4, -9.336, 0.0837, 0.225, 0.00149, 0.246, 0.373, 131.652] 5PC7krUUPHl23wJgo8cZeq
[0.678, 0.577, 7, -9.024, 0.0264, 0.376, 0.00272, 0.0751, 0.27, 102.98] 7m8wrAR24vO8kiW5HC4j4s
[0.639, 0.895, 6, -3.217, 0.0511, 0.144, 0.164, 0.0637, 0.96, 114.968] 1aYCoLkMLlZZ7OYt67i6DS
[0.747, 0.79, 4, -6.631, 0.0391, 0.0474, 0.000183, 0.19, 0.798, 116.042] 1IBSX9Lr3Fhp40Y1fUfZsJ
[0.573, 0.789, 0, -10.482, 0.0371, 0.186, 0.835, 0.189, 0.773, 96.125] 7BReF58zazLHQyFaB8iJKZ
[0.703, 0.809, 0, -8.873, 0.0729, 0.0806, 0.00877, 0.33, 0.523, 114.138] 3hdx96ToWSDdbJWzi0saAF
[0.486, 0.806, 7, -7.395, 0.0531, 0.0545, 0, 0.292, 0.393, 141.802] 1z8ro11BAL1fmXqdH9D92O
[0.275, 0.945, 9, -4.796, 0.181, 2.42e-06, 0.914, 0.175, 0.321, 126.573] 2L82qT3JWVvNs8ZYouzukt
[0.572, 0.585, 4, -7.772, 0.0409, 0.116, 1.47e-05, 0.499, 0.611, 89.984] 3D8ZE0TtNwMG9tEsgg0u0q
[0.558, 0.774, 3, -3.064, 0.0288, 0.513, 0.0456, 0.0758, 0.787, 89.969] 21tKQI9gBeIZbNvWE1HA7t
[0.724, 0.588, 5, -6.112, 0.0378, 0.528, 0.00157, 0.129, 0.447, 115.463] 7KHE61xQjnkxEjO4IK7Jt4
[0.47, 0.488, 5, -9.78, 0.0311, 0.742, 0.427, 0.115, 0.613, 154.466] 1TGBGA4dKAUthFvo2BKTlX
[0.588, 0.786, 1, -5.543, 0.0809, 0.05, 0.000134, 0.274, 0.53, 81.431] 28D3gAPeiM9UyHrHWl1dPd
[0.639, 0.693, 2, -4.549, 0.0392, 0.191, 3.18e-05, 0.145, 0.537, 112.245] 1RDlm1UEyvBynCXBmbGsgM
[0.714, 0.736, 4, -4.475, 0.0546, 0.282, 0.000173, 0.0965, 0.64, 120.063] 33lMPupPrJgQUjtUxbaSor
[0.594, 0.572, 1, -7.315, 0.0591, 0.626, 0, 0.314, 0.779, 105.021] 3EeR0U8j93NaFej4jnRSU2
[0.547, 0.825, 2, -3.024, 0.0509, 0.26, 0, 0.111, 0.508, 75.98] 3oHKnMLhTTIfAQ2PmLY0Ql
[0.646, 0.622, 11, -9.203, 0.0348, 0.433, 0.0143, 0.365, 0.806, 91.926] 2fwkmLhjnWNyiNpd1xfQsv
[0.641, 0.655, 11, -9.425, 0.0308, 0.00614, 0.000431, 0.224, 0.514, 92.14] 0Y0mGl51xETOol96vrF01H
[0.527, 0.735, 9, -6.576, 0.0352, 0.00462, 0.211, 0.32, 0.448, 115.446] 054MF2HfHcqygtR0ikyOPq
[0.656, 0.86, 7, -8.152, 0.0356, 0.428, 0.00127, 0.0968, 0.898, 118.0] 7rTJzkj7IiAgSJYCpjjGyN
[0.735, 0.836, 2, -7.467, 0.0451, 0.353, 0.0143, 0.342, 0.781, 121.251] 76wmcjmCwc6kfkL7oa1Jg6
[0.547, 0.711, 5, -6.778, 0.0652, 0.561, 0.0265, 0.438, 0.834, 162.077] 0JucNh8ZWwgHVb3ktpPtLi
[0.457, 0.891, 1, -5.094, 0.0445, 0.0166, 0.0179, 0.102, 0.6, 153.991] 0uuf54EfHhUk6fnxJuQJOl
[0.789, 0.432, 11, -10.574, 0.0347, 0.611, 4.97e-05, 0.1, 0.846, 112.787] 31mgN2XJGaP0Y0BtJquRQY
[0.797, 0.401, 0, -6.722, 0.0315, 0.762, 0.0019, 0.094, 0.748, 88.044] 7aGdHMK2bHKUbsM4cxBi1g
[0.745, 0.739, 5, -4.38, 0.0589, 0.184, 0.0137, 0.0941, 0.753, 110.06] 0qUvblwngfSHyL4sgtc6FE
[0.525, 0.464, 2, -9.379, 0.0279, 0.753, 0.0683, 0.11, 0.453, 128.019] 3G49nkWoOU3WXqX6gUhPxZ
[0.804, 0.39, 10, -10.96, 0.0319, 0.301, 0.446, 0.146, 0.86, 111.292] 5gh78Qy9NHWmzlgeEFxtRu
[0.784, 0.775, 7, -6.848, 0.0389, 0.021, 0.00351, 0.118, 0.789, 95.03] 4RJlNsnWg5lPhdEPBe9rIY
[0.466, 0.788, 5, -4.685, 0.0442, 0.449, 0.195, 0.314, 0.709, 113.919] 41pPqXk9DOLHlCzz4bpD03
[0.577, 0.746, 9, -6.054, 0.0519, 0.078, 0.0648, 0.241, 0.888, 173.141] 3Cvr5Fwxp6HgtaKCOMhuDL
[0.649, 0.553, 7, -9.095, 0.0638, 0.0455, 2.88e-05, 0.132, 0.514, 99.771] 3Uc0mlnEZjDEmYOlTKS151
[0.823, 0.536, 2, -5.793, 0.0372, 0.15, 7.19e-06, 0.0491, 0.777, 93.481] 0KRBAOHg8LuG07fF2jrsrK
[0.516, 0.69, 9, -5.848, 0.0252, 0.0937, 4.11e-05, 0.244, 0.299, 102.804] 2HJsUV9fhR1YdYhO8jS23c
[0.771, 0.717, 5, -3.938, 0.0275, 0.0863, 0.000501, 0.068, 0.845, 87.99] 7ExcFxbzPZyy7KtJwxDmHV
[0.523, 0.681, 11, -4.243, 0.0291, 0.278, 9.77e-06, 0.222, 0.51, 98.085] 1lzPSLXycRy214uD1XlaNF
[0.497, 0.542, 0, -6.448, 0.0446, 0.177, 0.000913, 0.0889, 0.784, 208.213] 6lQv2T5sWkTojgIXlEodhK
[0.482, 0.707, 2, -4.855, 0.0428, 0.0684, 1.6e-05, 0.521, 0.489, 124.704] 1Ysuvc96XOjKFzGjlbA03d
[0.293, 0.792, 7, -3.747, 0.0363, 0.00855, 0.0111, 0.133, 0.697, 161.933] 4CHDLQA19PRKRCtpBIzASe
[0.73, 0.534, 7, -6.639, 0.0419, 0.175, 0.000185, 0.0462, 0.709, 113.912] 2z7Xi9VojMNFRKPZMLAqfH
[0.576, 0.878, 7, -5.091, 0.032, 0.0334, 0, 0.0383, 0.764, 99.01] 2Yt3JBfsdqa1kf237VESkF
[0.478, 0.978, 9, -3.832, 0.104, 0.00804, 2.71e-05, 0.231, 0.287, 117.94] 6GQtfRrGLLMlq7FxvpPkSi
[0.616, 0.808, 0, -4.505, 0.0502, 0.00124, 0.000111, 0.688, 0.531, 119.952] 1ipnaANJ3PxKhsZGgMP4LN
[0.629, 0.697, 6, -7.318, 0.0481, 0.401, 0, 0.0967, 0.795, 90.04] 0KVF0f32xUa86fFPaqytwJ
[0.655, 0.84, 10, -4.626, 0.0369, 0.179, 0.328, 0.215, 0.924, 102.302] 1feao9Lt789lS95MKdNo5i
[0.883, 0.561, 7, -9.125, 0.0302, 0.293, 0.0232, 0.0992, 0.659, 100.028] 4depNItsVJCa0HMexHohKW
[0.579, 0.81, 7, -6.527, 0.0308, 0.412, 0.0942, 0.224, 0.2, 92.405] 1L6QX4coJjPNsR6eWoa5Xm
[0.643, 0.647, 9, -4.688, 0.0283, 0.104, 2.14e-06, 0.107, 0.547, 126.935] 7Hjh6nx1ikKBlGSNQSl1kh
[0.644, 0.801, 3, -6.218, 0.036, 0.00358, 0.000871, 0.515, 0.913, 118.04] 5tzw1gWOTTDNnoro1paXVF
[0.76, 0.283, 7, -14.181, 0.0431, 0.825, 0.36, 0.1, 0.68, 89.934] 1ZHkirS0XXy4jQ61TdlUgC
[0.749, 0.546, 2, -6.566, 0.0239, 0.306, 1.84e-05, 0.127, 0.601, 95.981] 5NvVaWVoHEUKe2Sau3iLdT
[0.751, 0.624, 0, -6.025, 0.0388, 0.401, 0.000584, 0.0906, 0.847, 91.12] 3tzpmtOESLuvtPHs55BWs7
[0.161, 0.873, 9, -5.519, 0.0685, 0.00959, 0.00141, 0.711, 0.727, 158.585] 75uhaVnrEZFtqgRsqPkHv0
[0.83, 0.456, 11, -13.282, 0.031, 0.351, 0.0187, 0.0674, 0.918, 99.659] 003fxXloUCvoY57zRu3AS3
[0.479, 0.423, 2, -7.714, 0.0694, 0.768, 0.000305, 0.294, 0.4, 169.527] 7yXuquZiCxTyLXzPnwlqJv
[0.43, 0.814, 3, -5.079, 0.0511, 0.00956, 0.151, 0.0962, 0.711, 130.973] 0Nqdv0Zu3A33BhEpPwfaIk
[0.728, 0.628, 5, -8.04, 0.0299, 0.244, 4.37e-05, 0.0706, 0.709, 101.502] 5KVm5VkfweimhXkvFbR4YB
[0.467, 0.346, 0, -8.577, 0.0337, 0.223, 5.16e-05, 0.143, 0.683, 80.615] 2YwLhYI7k2NLhh4TUaBNps
[0.52, 0.749, 5, -3.21, 0.054, 0.466, 1.56e-05, 0.0744, 0.587, 96.589] 6pEps4ExHoTIcWky6Hg5eN
[0.419, 0.807, 11, -5.656, 0.0479, 0.00133, 0.00529, 0.598, 0.669, 130.233] 5KORMnuWZTLlPvM70xv165
[0.343, 0.901, 7, -4.298, 0.0444, 0.00336, 8.72e-06, 0.258, 0.668, 174.134] 0eSQFIK9NhX4740w0v0SCj
[0.455, 0.455, 0, -8.883, 0.0336, 0.225, 1.16e-05, 0.151, 0.223, 79.872] 6lNGQqEos6i2KxISBn24Xc
[0.291, 0.785, 9, -4.561, 0.0443, 0.000181, 0.000152, 0.206, 0.387, 109.924] 0tXa6nUMhBUB96DZcNatcO
[0.681, 0.599, 9, -6.398, 0.0583, 0.743, 2.12e-05, 0.13, 0.591, 122.144] 6QP8v8hQmiFKvPgnaflQbB
[0.622, 0.734, 3, -6.666, 0.0362, 0.0352, 5.23e-05, 0.211, 0.869, 115.807] 1wTGAYKtiXqvv3Ygk4AH51
[0.669, 0.834, 8, -3.646, 0.0465, 0.0746, 0.000447, 0.26, 0.467, 86.952] 3b4UCeSQRUQF4B1thAPfoO
[0.779, 0.58, 4, -7.569, 0.0378, 0.32, 0.0167, 0.0709, 0.93, 104.682] 2j0G1GvvNUTN7ThKN6Jj4y
[0.547, 0.677, 11, -5.706, 0.0345, 0.00732, 7.15e-06, 0.329, 0.623, 132.918] 7yMODjaVxKaoIuHocASAig
[0.606, 0.679, 2, -7.445, 0.0321, 0.015, 0.000427, 0.234, 0.705, 122.012] 6XRgC4KAp4upKu0v7H4tQo
[0.616, 0.712, 5, -8.704, 0.0285, 0.0461, 5.62e-05, 0.338, 0.44, 101.253] 0ogLQ4Dm6uP4pgoGJyHz73
[0.394, 0.721, 2, -6.682, 0.0774, 0.0504, 0.118, 0.12, 0.74, 175.966] 6OwYk4v6KoCo3BaHS53MxC
[0.598, 0.683, 6, -7.748, 0.0419, 0.00298, 0.0252, 0.305, 0.591, 116.923] 4FQmCfwrpyVigjhbPpZsOo
[0.573, 0.7, 7, -3.999, 0.05, 0.313, 0.000187, 0.293, 0.585, 105.084] 6L5nqMCbzcg9Xq8ZE6PC91
[0.604, 0.788, 10, -5.272, 0.0267, 0.00308, 0.146, 0.0614, 0.859, 111.093] 3ko9wLdGCwNtK6HkDG6wc4
[0.55, 0.759, 4, -8.091, 0.0376, 0.25, 0, 0.167, 0.509, 98.842] 48xm8I1E0uNpDtn0X5rKYL
[0.363, 0.38, 5, -7.778, 0.0348, 0.65, 0, 0.0859, 0.265, 178.518] 2m1CK247MhzvfuX3DiBo00
[0.65, 0.63, 11, -6.787, 0.04, 0.278, 8.55e-05, 0.119, 0.74, 107.69] 2qFfzogwpfL2HAo2q28NdP
[0.374, 0.849, 5, -6.812, 0.0437, 0.0231, 0.267, 0.335, 0.644, 177.768] 5dIXYHHvWQPltpinQu2Cos
[0.505, 0.911, 10, -3.006, 0.0624, 0.0315, 1.83e-05, 0.0745, 0.281, 81.978] 3lCfyDeaEYxEvJSnhv1ek3
[0.404, 0.727, 8, -6.641, 0.209, 0.176, 1.07e-06, 0.149, 0.925, 177.027] 5h20RGlw6iz3qM5Xc1XV3g
[0.558, 0.803, 8, -4.747, 0.051, 0.126, 0.00159, 0.19, 0.836, 89.905] 58t6mQBhUQikJPzOWuu7WX
[0.616, 0.712, 5, -8.704, 0.0285, 0.0461, 5.62e-05, 0.338, 0.44, 101.253] 3o6rjFSeFVIMA0MydAGCwt
[0.362, 0.862, 7, -5.013, 0.0779, 0.195, 0.00852, 0.164, 0.633, 121.895] 4wuX1163hgvOZAiue2nXdT
[0.597, 0.713, 6, -8.087, 0.0336, 0.121, 0.0104, 0.282, 0.771, 95.712] 7jb001ezc2eRCVrAJ4HYNq
[0.649, 0.905, 10, -6.524, 0.0454, 0.0473, 0.0461, 0.228, 0.769, 95.001] 2Rk8MdwdyFLEPdXc8SOlEp
[0.437, 0.613, 1, -3.542, 0.0519, 0.291, 0, 0.0536, 0.709, 131.621] 5wIL0iuvPmPsw9OmT5BnAg
[0.543, 0.844, 9, -5.016, 0.0321, 0.108, 0.000145, 0.327, 0.76, 99.023] 4Mdmd44KZjFxoVwhFWIZPG
[0.676, 0.663, 2, -10.177, 0.0313, 0.215, 0.000687, 0.11, 0.878, 124.773] 03r0hAd87GzJKLQoAlFiCx
[0.601, 0.404, 0, -12.553, 0.0255, 0.469, 0.425, 0.09, 0.672, 84.062] 2TLi8X9IJ3D2vntNBTn5Cu
[0.217, 0.909, 8, -5.08, 0.138, 0.0168, 0.14, 0.345, 0.673, 185.561] 2HYvSsxyLiCMUMtM7ux8rd
[0.759, 0.752, 4, -7.074, 0.036, 0.0332, 6.2e-05, 0.113, 0.937, 112.004] 3JHwgMgMEQ5lFYmLhOLYci
[0.506, 0.501, 4, -6.95, 0.0667, 0.841, 0.0502, 0.25, 0.667, 93.117] 69L5fQtSkkGIFmPa90cUIM
[0.505, 0.062, 1, -15.087, 0.048, 0.956, 0.00578, 0.0914, 0.228, 109.959] 5jzF5gswFsruIjQIDNyZYt
[0.357, 0.437, 5, -9.072, 0.0312, 0.269, 0.000403, 0.151, 0.447, 135.73] 3Mk0MhgPGSXWsi3Ypextqq
[0.431, 0.69, 7, -7.42, 0.0338, 0.073, 0.06, 0.293, 0.192, 148.335] 6Ex0R22rBI7Lm5RNdKzBs9
[0.549, 0.905, 9, -3.974, 0.0433, 0.0054, 0.467, 0.161, 0.703, 137.977] 2YbHdXlXvAgLbZgb7kROJr
[0.26, 0.262, 1, -9.737, 0.0364, 0.874, 4.03e-06, 0.106, 0.326, 89.267] 0sE3Rp12EmSxAj5q99LthE
[0.433, 0.778, 4, -4.027, 0.0282, 0.0231, 0.545, 0.377, 0.904, 172.64] 7a19ONgUWreV4yZykAy7Ub
[0.781, 0.564, 9, -6.685, 0.0271, 0.000876, 0.00014, 0.361, 0.809, 114.007] 6PMikWb3yXQbrW8iaoIwQu
[0.696, 0.531, 7, -5.253, 0.0263, 0.261, 7.71e-06, 0.101, 0.245, 108.033] 7svqBYHKU6elueeKEdcpvc
[0.414, 0.496, 11, -10.856, 0.0313, 0.133, 0.0326, 0.156, 0.7, 129.528] 2ylwCTXm10G2dDjGhwSRv4
[0.733, 0.549, 7, -5.937, 0.046, 0.195, 1e-06, 0.0595, 0.823, 120.033] 4IAoWr81fm9MkqIw9wSWkx
[0.449, 0.832, 6, -6.56, 0.0496, 0.189, 0.000413, 0.0989, 0.819, 162.045] 4OxyN4Lb8RqERyo3u9Jmz3
[0.634, 0.779, 9, -6.607, 0.0361, 0.0255, 0.00103, 0.342, 0.562, 82.003] 2bmBc4ovS9p18e1IUYHSE9
[0.515, 0.946, 9, -4.996, 0.0745, 0.0188, 0.00117, 0.226, 0.537, 96.066] 0BCVkygu0IIKP864Y8A8Gv
[0.724, 0.746, 2, -7.785, 0.0292, 0.0223, 0.0346, 0.292, 0.819, 107.203] 4BpkEfYLfGyLx1ty2vhY2y
[0.641, 0.539, 7, -5.69, 0.0264, 0.568, 0.00186, 0.12, 0.699, 95.942] 0TuPaGnVZ9wwv0qAjCLEin
[0.668, 0.86, 11, -6.865, 0.0775, 0.03, 1.64e-06, 0.0947, 0.62, 109.071] 63jyY5B89edQx8WUPUgqsz
[0.473, 0.706, 7, -8.433, 0.0305, 0.0808, 0.000167, 0.0958, 0.825, 126.099] 0ezPpXJ1uJUsMrWSjMezMr
[0.495, 0.592, 4, -5.3, 0.0917, 0.39, 2.58e-05, 0.235, 0.599, 171.459] 22yeq3ujAg0PKDXwCFxuRK
[0.66, 0.415, 4, -15.016, 0.151, 0.00354, 0.000518, 0.169, 0.537, 90.384] 6m8HNk4CjfUInDqVyOQoTt
[0.721, 0.582, 9, -10.419, 0.0262, 0.0478, 0.00224, 0.2, 0.778, 95.141] 2b1akqaINKryMyWyNe1WZL
[0.558, 0.796, 9, -5.512, 0.0277, 0.00984, 0.0357, 0.0818, 0.606, 140.593] 6Su1k99QbExaFqlsthGFiM
[0.67, 0.919, 10, -7.248, 0.0835, 0.685, 0.00746, 0.156, 0.792, 109.908] 4wJUQsT5D2LpNnB0HPrsBm
[0.595, 0.53, 9, -5.985, 0.0741, 0.135, 0.012, 0.0672, 0.414, 77.765] 2fjEqI5psk4oz5H4TzWFUM
[0.428, 0.828, 6, -5.289, 0.0418, 0.000468, 3.96e-05, 0.187, 0.705, 158.935] 6dh3RjahKiBrygKA8we05z
[0.49, 0.696, 7, -6.073, 0.0315, 0.00773, 1.94e-05, 0.1, 0.386, 110.167] 5MzuKnX9r4mMkMijmnGGL6
[0.313, 0.707, 7, -4.772, 0.0363, 0.227, 0.00237, 0.0949, 0.537, 175.158] 3BkMv30DKcUEOsRbDSAyIq
[0.214, 0.847, 0, -5.02, 0.111, 0.000568, 0.00361, 0.069, 0.791, 199.297] 7sZm3bbNyL0Lt78peoS2Hc
[0.671, 0.92, 10, -7.247, 0.0838, 0.68, 0.00736, 0.153, 0.794, 109.929] 6YRJNpXpj4npBQyIYokRLS
[0.544, 0.381, 10, -11.48, 0.0582, 0.307, 0, 0.104, 0.4, 146.731] 2bEuccJk2nIN7Ltlk2Ao5r
[0.589, 0.637, 5, -7.928, 0.0717, 0.00843, 6.44e-06, 0.404, 0.53, 89.879] 1Dd4FkykptluOBi91SxJHC
[0.486, 0.457, 8, -7.199, 0.0281, 0.149, 0.000356, 0.0724, 0.272, 81.686] 6eZWIkybP2N8KQmbOQiLXp
[0.501, 0.446, 7, -8.673, 0.0507, 0.794, 0.000711, 0.0978, 0.356, 175.251] 2ojpe2iiB4hyFQQSv2xfay
[0.629, 0.448, 10, -9.321, 0.0336, 0.433, 0, 0.0901, 0.221, 83.036] 2GTPdTOkdCAcWFqtCJ5CFG
[0.321, 0.969, 9, -4.795, 0.119, 0.00668, 0.333, 0.278, 0.197, 119.985] 0M0IK0joSJa7hvQStUBedu
[0.485, 0.716, 5, -7.646, 0.147, 0.00456, 0.026, 0.214, 0.517, 172.041] 50vAHJzOzTxShm3a79TFPU
[0.667, 0.676, 9, -6.187, 0.0777, 0.105, 2.31e-05, 0.11, 0.764, 87.325] 2Otm8FQp28OlLcIKl2KIFc
[0.303, 0.767, 2, -4.824, 0.0333, 0.128, 0.0399, 0.309, 0.418, 170.0] 2VHZZgvq66rlhzlzuBs0zs
[0.422, 0.696, 2, -5.42, 0.0482, 0.00708, 4.5e-06, 0.14, 0.641, 153.369] 7c0TwwS3FUInC9pqw7RgVo
[0.644, 0.457, 0, -8.863, 0.0563, 0.653, 2.77e-05, 0.16, 0.446, 106.561] 7idRSDjJNF9z6juHoKpM4O
[0.633, 0.632, 0, -9.441, 0.0835, 0.401, 5.83e-05, 0.372, 0.597, 130.318] 1fUJpQRC1vWFnBvtUzFtGK
[0.643, 0.473, 4, -6.073, 0.118, 0.46, 0, 0.117, 0.643, 77.549] 2aXKckAZJNuNO2XQTCy4V3
[0.219, 0.535, 4, -12.514, 0.0747, 0.604, 0.107, 0.304, 0.458, 185.039] 1Y3A3GwRtIQ6uRyHCcRqQV
[0.539, 0.538, 6, -7.698, 0.0345, 0.357, 0.000505, 0.13, 0.413, 134.83] 7HitHRlirliDmbl3SGQoPZ
[0.496, 0.826, 0, -8.885, 0.051, 0.0203, 0.02, 0.242, 0.731, 162.822] 7MfyXUkstohoZMrq0C8vtG
[0.514, 0.715, 11, -7.943, 0.0367, 0.147, 0, 0.371, 0.733, 120.881] 2G3jRqrVVl8PmJOqNP64tr
[0.371, 0.157, 2, -13.652, 0.0416, 0.956, 0.65, 0.108, 0.231, 71.287] 44ZXUxKN8VqKs0BScqJidl
[0.598, 0.735, 2, -10.882, 0.0973, 0.44, 0.000215, 0.681, 0.615, 111.129] 58PSYdY0GFg0LFb2PxYk4T
[0.661, 0.401, 2, -8.951, 0.0531, 0.953, 0.0211, 0.0822, 0.617, 105.103] 0Q4qVBG7jAF3Ar4sheUidp
[0.333, 0.603, 0, -8.339, 0.176, 0.331, 0.0268, 0.982, 0.525, 207.8] 2PatEYrrVBNx5LPjTL2ruP
[0.626, 0.307, 9, -14.645, 0.0836, 0.689, 0.00663, 0.0843, 0.62, 173.652] 2txRs0wxjGE1uzOhcBxN7L
[0.542, 0.588, 2, -9.268, 0.0665, 0.67, 0.158, 0.241, 0.881, 113.948] 3KSchPNSklO5McIqRH3qYX
[0.786, 0.0479, 4, -12.601, 0.0811, 0.992, 0.000171, 0.119, 0.385, 84.675] 6uSBSTEnZJY0XI3IS69gBU
[0.365, 0.713, 2, -6.984, 0.114, 0.597, 2.07e-05, 0.971, 0.324, 82.434] 5dpxVXiKhjGehNkEvII5vS
[0.398, 0.755, 5, -5.929, 0.0491, 0.148, 0.0123, 0.104, 0.685, 176.454] 1UHa7agK1kxbcyHLNQ8gTM
[0.686, 0.757, 11, -7.337, 0.0267, 0.707, 0.000153, 0.653, 0.896, 107.712] 47yBPZ5GEDld4CMlsyudCV
[0.547, 0.377, 2, -8.395, 0.0573, 0.532, 2.58e-05, 0.254, 0.245, 80.87] 1OhUmE8Wkw1KBXx2gQcOo9
[0.533, 0.804, 11, -7.928, 0.114, 0.282, 0.00863, 0.583, 0.789, 103.06] 3nV1Sy2qjdZW8Wo7Q0PCpE
[0.547, 0.131, 4, -15.434, 0.0371, 0.767, 0.0214, 0.0707, 0.383, 96.728] 5IMCtjbZEd5L22AeRNC4FI
[0.519, 0.779, 4, -9.159, 0.0648, 0.573, 8.13e-05, 0.286, 0.888, 113.487] 65VzqBb5ogD2xIFD8jetMG
[0.51, 0.369, 5, -7.792, 0.0449, 0.937, 0.00783, 0.252, 0.543, 183.655] 6D9G3KT1ehlmSER3pauuIf
[0.738, 0.339, 7, -9.701, 0.0641, 0.994, 0.3, 0.0922, 0.424, 94.419] 63zf1gUxJnMGRCxSDO3wbD
[0.573, 0.0815, 7, -21.29, 0.0979, 0.793, 0.0825, 0.0755, 0.185, 106.985] 4sz6SyP9dfIjuTZhL5uW1C
[0.637, 0.431, 4, -12.496, 0.0356, 0.146, 0, 0.169, 0.773, 83.495] 4FJps2ZpYwwwOmKTLyAao5
[0.515, 0.345, 5, -9.379, 0.104, 0.925, 0.00224, 0.117, 0.659, 179.517] 3Bu3JJvvTzEYnz61x4plF2
[0.338, 0.839, 7, -6.277, 0.273, 0.33, 0.0065, 0.972, 0.525, 179.337] 1iL5y9axvIm4Hel8OSYsOr
[0.555, 0.883, 2, -8.052, 0.0463, 0.492, 0.669, 0.744, 0.759, 114.172] 0uqCSaw89DrglZ8LTgMfvM
[0.358, 0.433, 4, -12.402, 0.0428, 0.0665, 0, 0.115, 0.637, 172.884] 0IoDOXfEmOBPGwKL9mfdCj
[0.717, 0.534, 10, -7.84, 0.0413, 0.864, 0, 0.147, 0.709, 121.723] 2NQ8X3rlxQqmGx6oofdQcn
[0.55, 0.789, 6, -5.731, 0.0437, 0.41, 1.12e-05, 0.435, 0.774, 116.528] 493ZYZqnZZR6rKBOwjw3R2
[0.505, 0.683, 11, -7.037, 0.0298, 0.218, 0.0333, 0.69, 0.719, 86.574] 3RcQoZDJPRqYnxJ7Eho21N
[0.464, 0.933, 5, -5.118, 0.103, 0.373, 0.00118, 0.575, 0.687, 111.962] 5Q5GJBCmWJo7z7K8g223K1
[0.502, 0.973, 7, -5.755, 0.368, 0.23, 0.00262, 0.978, 0.519, 133.472] 2AU5y0y0mGPkwTt0znU7P5
[0.537, 0.387, 5, -9.924, 0.0304, 0.617, 0.000163, 0.0671, 0.61, 108.67] 3R8jEWbqIexfbDteE3jlOz
[0.313, 0.708, 3, -5.354, 0.0333, 0.0486, 5.93e-05, 0.652, 0.688, 170.123] 2g5D6AJAgO9TWrSwbjJQ9t
[0.4, 0.284, 10, -15.542, 0.0702, 0.889, 0.0238, 0.909, 0.629, 176.781] 6f42YOJ6Lc3s6osTbVQAZ5
[0.565, 0.941, 7, -4.851, 0.0377, 0.474, 0.315, 0.819, 0.805, 95.395] 7nmuppFL2ZYADlViZR0LUN
[0.659, 0.457, 0, -7.06, 0.0386, 0.82, 9.19e-06, 0.22, 0.675, 113.345] 2pdRmHCY8d3u4oEVLWvws2
[0.911, 0.362, 9, -10.397, 0.0368, 0.982, 0.00556, 0.107, 0.692, 118.433] 2v6v8sGavRY7cTLHql687z
[0.559, 0.685, 5, -8.641, 0.0623, 0.388, 0.00058, 0.729, 0.805, 109.121] 1qCQ8n7quH6mWOhnAJm08E
[0.316, 0.928, 11, -5.381, 0.0652, 0.599, 0.778, 0.363, 0.506, 107.982] 6aMqOnAy0Q5EkHyjjb4VXE
[0.637, 0.324, 7, -12.8, 0.034, 0.703, 0, 0.0599, 0.686, 85.347] 5tDx3DmAvMfB5dPHiTbtse
[0.657, 0.448, 2, -7.936, 0.0324, 0.735, 0.000187, 0.17, 0.755, 88.411] 2VWGxUiosMSVua5TwOxzut
[0.428, 0.541, 5, -10.12, 0.15, 0.845, 0.000796, 0.779, 0.452, 70.102] 41v91xITauZTlwcUhJLaK4
[0.714, 0.356, 7, -10.588, 0.0605, 0.963, 0.0073, 0.115, 0.472, 79.745] 2EbjfOgiuRDdkQC7ePrrMf
[0.495, 0.674, 11, -6.912, 0.0268, 0.225, 0.00218, 0.907, 0.498, 79.515] 6YHCmE0IM50ZlHUOIhuF9z
[0.747, 0.291, 11, -15.552, 0.0435, 0.404, 0.00286, 0.143, 0.595, 82.8] 660rcIQpvt7nOC0tL616az
[0.648, 0.367, 2, -8.439, 0.0332, 0.954, 0.0012, 0.0821, 0.671, 82.92] 1TmF2tQFNZB27UbMyOSPYy
[0.738, 0.753, 2, -7.081, 0.0532, 0.109, 0.00881, 0.102, 0.549, 121.985] 3Ui7cdWASapLaUp2RHym7q
[0.47, 0.417, 4, -11.815, 0.0415, 0.0653, 4.29e-05, 0.0959, 0.733, 171.114] 0EkUPv7GnNz66gAZ0iVxCG
[0.673, 0.554, 1, -9.548, 0.0463, 0.744, 0.00296, 0.282, 0.816, 134.052] 3ibFQ8CgMVCcGBtrPY9hmH
[0.752, 0.124, 9, -13.25, 0.0901, 0.994, 0.189, 0.0657, 0.399, 70.806] 20gZE1sJQwOuQ1UlbaKXeU
[0.656, 0.614, 5, -9.579, 0.0337, 0.848, 0.000189, 0.237, 0.812, 126.347] 4CJbNuTeXjL66rNvc4omHu
[0.513, 0.881, 7, -6.142, 0.0618, 0.0114, 0.0229, 0.967, 0.737, 110.215] 2BA4wk0HsgJO9iyvKr8hiE
[0.548, 0.519, 6, -7.576, 0.0422, 0.808, 2.45e-06, 0.0744, 0.619, 101.724] 1oeiFSjodABa0DsnVhinnY
[0.403, 0.465, 5, -9.594, 0.107, 0.88, 0.00105, 0.812, 0.521, 186.297] 1XTAXScKMtTyMqJ6utPOF0
[0.3, 0.802, 0, -7.303, 0.0418, 0.00784, 0.00279, 0.102, 0.587, 176.182] 7mkH6cbNwZZtGNUmqhEG1r
[0.559, 0.656, 9, -8.699, 0.0469, 0.257, 0.000171, 0.2, 0.679, 79.638] 14rTFBs1cCkOBp5JPUrJhw
[0.652, 0.254, 7, -16.32, 0.0524, 0.0665, 5.78e-05, 0.177, 0.503, 78.3] 5ougbQ7I39nZ6ImTdyBQ5W
[0.67, 0.479, 8, -10.666, 0.0418, 0.567, 1.97e-05, 0.103, 0.557, 136.565] 4wvKPOCiOlZh6xwwympC8c
[0.464, 0.351, 5, -13.195, 0.0471, 0.579, 0, 0.183, 0.473, 90.693] 7MD82qlNOsp8xCw9k8xpTs
[0.495, 0.32, 1, -10.174, 0.029, 0.508, 8.13e-05, 0.116, 0.0828, 97.644] 4YL4fa4WdWC9zhUBDWC8js
[0.424, 0.695, 5, -4.049, 0.0493, 0.539, 9.58e-06, 0.324, 0.697, 74.604] 5Kj3GszJWgeHB25zwR0f1k
[0.44, 0.466, 0, -7.95, 0.0421, 0.712, 4.46e-06, 0.156, 0.424, 172.08] 4sKqZNmKEmC1QLDLcnBktD
[0.468, 0.329, 4, -16.816, 0.0854, 0.388, 0.14, 0.0862, 0.269, 123.772] 2fzt7edOT2MxsY28TmVm91
[0.613, 0.733, 5, -8.933, 0.0355, 0.0337, 0.000285, 0.639, 0.731, 106.744] 5puU5XIfGowZiD0k7upAwm
[0.214, 0.325, 11, -11.731, 0.035, 0.0689, 0.000599, 0.149, 0.185, 77.532] 57hn5hV3mnXrj898IX9CJe
[0.56, 0.169, 1, -21.191, 0.114, 0.654, 1.74e-05, 0.285, 0.686, 93.233] 6yAuxzHTX7ZlCsN2lQOicK
[0.394, 0.259, 5, -17.244, 0.0316, 0.376, 0.024, 0.143, 0.629, 175.482] 5c8zraa52a8VvBqdmfEHsu
[0.47, 0.435, 5, -9.13, 0.0311, 0.61, 8.51e-05, 0.385, 0.415, 108.63] 79X4DwBcKWh1EThF2MN566
[0.389, 0.272, 1, -14.342, 0.0451, 0.634, 0.000698, 0.121, 0.319, 184.85] 4WpPulAb2k1Ssh0JY7KfLd
[0.562, 0.744, 11, -12.429, 0.0812, 0.771, 0.284, 0.909, 0.661, 125.366] 1UgAiZYDLNWaVHC7uDFcYo
[0.283, 0.302, 5, -19.659, 0.0563, 0.859, 0.735, 0.131, 0.634, 180.623] 3tF5AEoePZ368JwIAAcYuj
[0.67, 0.533, 7, -8.121, 0.028, 0.661, 0.644, 0.0895, 0.775, 98.876] 3ITF8zrheQYN4RplTx6TtA
[0.759, 0.473, 11, -15.827, 0.0982, 0.384, 1.4e-05, 0.0808, 0.914, 89.806] 0EA4wGDEcG17MZiBr4Xn8W
[0.558, 0.407, 9, -14.366, 0.0285, 0.402, 0.0233, 0.208, 0.892, 97.061] 7d6JvLjEOW8IWBK48FIAxK
[0.474, 0.393, 1, -16.667, 0.0844, 0.656, 9.55e-06, 0.728, 0.788, 107.353] 3m6FB5phiTsCEvFeDwlBay
[0.671, 0.619, 10, -6.673, 0.0528, 0.648, 4.27e-06, 0.0831, 0.562, 75.162] 3sJPW93sZFNNwUeMQrcMNe
[0.576, 0.311, 8, -16.864, 0.0675, 0.0483, 2.47e-05, 0.064, 0.541, 152.799] 76eAhutC7FYIpHi7Mya14i
[0.439, 0.302, 3, -19.394, 0.0701, 0.942, 0.942, 0.114, 0.816, 175.05] 1RckMJQGm3aOHJIB17wUXm
[0.605, 0.235, 1, -19.826, 0.0735, 0.577, 0, 0.745, 0.756, 96.267] 2AgBtTjP0OGJH5GoZWjpay
[0.476, 0.436, 5, -6.978, 0.0393, 0.612, 2.74e-06, 0.133, 0.284, 109.535] 60LusMv7Jrzo4VxUqtCqeq
[0.591, 0.264, 8, -16.551, 0.034, 0.194, 1.31e-05, 0.0896, 0.251, 121.295] 3MaKNi2ldUSySJyHus0DWg
[0.492, 0.251, 9, -19.488, 0.0598, 0.306, 0.0111, 0.847, 0.539, 94.389] 6rxCHpelJ5yL0L2CszHnG3
[0.462, 0.128, 2, -21.139, 0.149, 0.631, 0.000168, 0.685, 0.641, 179.713] 0QMTCNJPffCSdfac4L5kbu
[0.628, 0.493, 5, -9.364, 0.0785, 0.221, 0.00252, 0.118, 0.647, 79.444] 25vVx1mkSXBVLpeYmhaNAW
[0.611, 0.264, 0, -16.016, 0.0433, 0.285, 0.000273, 0.0741, 0.42, 181.58] 1qopcQIJcQofNfS1IF3Phc
[0.579, 0.265, 5, -18.372, 0.0702, 0.834, 0.201, 0.0978, 0.508, 60.219] 46z1N9i4rxIMCXnvCBH03f
[0.573, 0.464, 4, -18.691, 0.106, 0.547, 0.00183, 0.972, 0.929, 120.383] 3BNcwgLb29DG60BBWfEWQE
[0.733, 0.401, 7, -8.702, 0.0477, 0.455, 0.00042, 0.0983, 0.432, 124.451] 6I89gpZzOPygYaRc7SdbKR
[0.672, 0.462, 7, -11.208, 0.0314, 0.329, 0.173, 0.12, 0.587, 141.511] 543rcmSKbaPz4UrjQkJgwb
[0.291, 0.28, 2, -18.604, 0.0593, 0.964, 0.887, 0.106, 0.623, 68.749] 4YYMbnnJgs2Vw217y3ySZc
[0.484, 0.0772, 10, -23.525, 0.102, 0.451, 3.88e-05, 0.911, 0.458, 128.949] 3LxbUcYOADdVcehtJVVj1C
[0.642, 0.301, 5, -17.078, 0.0466, 0.0777, 0.000536, 0.12, 0.584, 151.169] 0p84oO2PLU13ZV6f5JWHqo
[0.597, 0.446, 7, -8.083, 0.0283, 0.0522, 0.0143, 0.0536, 0.664, 180.828] 2NmqiTFqysP2DGowrH89sr
[0.465, 0.244, 0, -21.508, 0.0346, 0.887, 0.926, 0.16, 0.582, 129.256] 3F5jLy8xFhWuy1Yw3jD0BF
[0.517, 0.263, 10, -9.455, 0.0349, 0.176, 0.00138, 0.372, 0.555, 151.869] 4CisPutQuRn4WNQcADu18q
[0.477, 0.237, 11, -17.943, 0.0621, 0.116, 0.000558, 0.152, 0.565, 67.196] 6YXZVTkTF8aFqTbQbA16A1
[0.622, 0.446, 10, -8.07, 0.0304, 0.644, 3.9e-06, 0.0899, 0.64, 66.207] 1knNmpj3cVZDcNoIvQg7gV
[0.576, 0.341, 5, -17.871, 0.0425, 0.831, 0.59, 0.218, 0.83, 129.877] 51gvLdXqPT89bflAGnaOX9
[0.657, 0.556, 7, -10.795, 0.0927, 0.409, 0.00358, 0.137, 0.609, 149.76] 7jcGXLeYIOUZJpPqSMSScp
[0.543, 0.35, 0, -16.114, 0.0444, 0.681, 0.00304, 0.102, 0.775, 129.771] 1IeyVqedoaXBMx9uDULbCF
[0.716, 0.491, 7, -10.166, 0.0349, 0.428, 1.4e-06, 0.223, 0.518, 95.447] 4BuoEvRdm26Fgia0gHsM2V
[0.64, 0.406, 7, -8.447, 0.0268, 0.404, 0.0137, 0.0487, 0.18, 125.093] 7u2OOYi2biSRvuE0SYWPnk
[0.642, 0.343, 2, -11.824, 0.0322, 0.763, 0.0143, 0.0776, 0.397, 99.087] 0tyDdSze4rfPuwFTFkV2lG
[0.607, 0.629, 10, -6.674, 0.146, 0.229, 5.12e-06, 0.0703, 0.503, 131.712] 1lTseLuIYxWvGrfBU6sDkp
[0.796, 0.608, 5, -10.79, 0.0461, 0.224, 6.38e-05, 0.14, 0.714, 114.622] 746P45n4wKt1LzoHOKzsum
