[0.0976, 0.165, 2, -20.42, 0.0361, 0.985, 0.836, 0.0892, 0.0405, 77.253] 0aVeKGfMGeHohdf3fRoKcH
[0.43, 0.339, 2, -17.122, 0.0311, 0.987, 0.928, 0.112, 0.556, 87.406] 0UpZupFp5AkzU1n2pdy0ec
[0.411, 0.551, 7, -13.526, 0.0416, 0.924, 0.27, 0.239, 0.455, 75.774] 2R7wQqEh3RH0SiljgH6XMq
[0.261, 0.0954, 10, -24.713, 0.0483, 0.991, 0.000462, 0.143, 0.0993, 133.386] 6Z6EPZ6gMEFV8tk14Se1t5
[0.318, 0.192, 7, -18.238, 0.0336, 0.972, 0.714, 0.105, 0.182, 79.401] 0UhOF8huIgGVxeSUY4rhWi
[0.206, 0.139, 5, -25.352, 0.045, 0.987, 0.00059, 0.547, 0.0883, 76.363] 7jNcfCdV1gTUdH8YFGP4pl
[0.126, 0.019, 5, -23.073, 0.0421, 0.993, 0.934, 0.137, 0.0357, 65.082] 3GcsHWBFvifjE6n3cMXzPX
[0.147, 0.172, 2, -20.087, 0.0402, 0.985, 0.9, 0.0848, 0.0398, 140.608] 1etOCpaPbIoRcdCNWlrvc9
[0.362, 0.241, 7, -20.285, 0.0305, 0.992, 0.215, 0.142, 0.16, 85.375] 6m6fYbAEF09uqjTqxcwS2u
[0.268, 0.152, 10, -20.522, 0.0316, 0.988, 0.793, 0.198, 0.0674, 86.807] 5M9137bCEDplirpLUF4QAL
[0.136, 0.365, 2, -14.107, 0.0316, 0.935, 0.753, 0.115, 0.254, 78.71] 5DIlnv9unWS71hI9VFwkZv
[0.234, 0.152, 10, -21.717, 0.0434, 0.989, 0.000626, 0.101, 0.148, 86.422] 2ydt4dLUVKW5EwVClWUsdf
[0.0733, 0.0783, 5, -21.672, 0.0417, 0.984, 0.937, 0.124, 0.0347, 77.559] 2bJbxInxS6tnCOTDks7rYb
[0.151, 0.248, 2, -18.278, 0.0325, 0.985, 0.811, 0.0801, 0.134, 81.548] 50ArfnwEVkMlmAO73N9asJ
[0.0697, 0.0518, 2, -22.86, 0.0444, 0.984, 0.432, 0.074, 0.0341, 77.826] 2LPd5sNp6LUAmNTUamf2V6
[0.386, 0.0738, 2, -19.369, 0.0433, 0.839, 0.947, 0.155, 0.172, 142.499] 4rjnWmrSRqXVkFWdKMG3pV
[0.268, 0.113, 3, -22.509, 0.0417, 0.99, 0.934, 0.121, 0.142, 92.943] 0ho24dNWwAS3Myat3N2V0C
[0.391, 0.212, 2, -17.748, 0.0399, 0.916, 0.813, 0.109, 0.529, 74.751] 41urJjEVSuP5iNv9JTgSpC
[0.32, 0.0428, 10, -24.863, 0.0367, 0.977, 0.532, 0.191, 0.173, 66.667] 0oM6BbdHGhEza0gG8Y06pK
[0.498, 0.0955, 2, -16.642, 0.0397, 0.935, 0.903, 0.0988, 0.307, 121.96] 3GeDnfXrQT3LFNnSgjz2tv
[0.401, 0.14, 0, -22.696, 0.0338, 0.99, 0.929, 0.078, 0.326, 130.037] 6LKsT6X9BxMK8ePCDNRLal
[0.122, 0.0182, 2, -27.89, 0.0383, 0.967, 0.834, 0.0735, 0.0473, 77.59] 4a2qoYY6xINDXtUOBFbJ6d
[0.35, 0.118, 4, -21.193, 0.0415, 0.968, 0.0607, 0.109, 0.255, 124.135] 43LoVZSxMwDo2YdIQ3BZFA
[0.326, 0.196, 7, -19.668, 0.0437, 0.919, 0.871, 0.0909, 0.195, 121.288] 6WkwOKjee38jaw96ethPn0
[0.208, 0.0133, 6, -28.633, 0.0362, 0.989, 0.919, 0.234, 0.0397, 85.135] 7ogqidU5KkUWxRDgWwRkVt
[0.41, 0.0754, 3, -21.036, 0.0379, 0.988, 0.853, 0.241, 0.155, 122.31] 6X5Kg1OQEFcJCOd047jZI1
[0.0612, 0.0269, 3, -28.644, 0.0425, 0.991, 0.952, 0.0928, 0.0362, 61.425] 3E3RCA2Fc96joc5sEOjOps
[0.216, 0.0513, 0, -23.378, 0.0404, 0.954, 0.559, 0.199, 0.062, 88.603] 0TLJNqn9z0NUuKO6r5vRW6
[0.298, 0.0823, 9, -18.406, 0.0539, 0.976, 0.134, 0.114, 0.0515, 97.673] 35PP5NhwzTH79wEVdXBAwb
[0.504, 0.422, 7, -20.004, 0.0384, 0.91, 0.919, 0.0787, 0.97, 133.114] 75aZMcOg3Aiatj4HldzUkt
[0.162, 0.0258, 0, -20.923, 0.0343, 0.963, 0.826, 0.129, 0.0355, 131.403] 0O2ZBPKvXUZKeZXOlobme3
[0.408, 0.0409, 0, -21.388, 0.0425, 0.975, 0.598, 0.0905, 0.294, 133.192] 5QFu4zCCaE2tLfx93CLmRI
[0.274, 0.0843, 5, -19.028, 0.0731, 0.986, 0.00232, 0.174, 0.0768, 73.044] 06WB0q7ppwKzYma9FmYGM9
[0.372, 0.0814, 7, -20.904, 0.0423, 0.965, 0.385, 0.143, 0.211, 139.132] 0MMc633NIcQ4btO1EIBJ7o
[0.206, 0.203, 7, -18.668, 0.0423, 0.98, 0.459, 0.125, 0.0385, 115.899] 3LdoO27kcVVkswS8aRNIzJ
[0.464, 0.139, 2, -20.21, 0.0393, 0.987, 0.908, 0.0696, 0.372, 134.537] 4krXOLEQo5SiyylzNA6ISP
[0.393, 0.146, 7, -25.025, 0.0438, 0.973, 0.786, 0.114, 0.18, 128.803] 2H80pfVM3uQQCdb86hmhxf
[0.411, 0.119, 0, -17.215, 0.0558, 0.952, 0.00185, 0.0608, 0.0893, 118.11] 0ZJvWrQ9JIHudZ0AbCjtuB
[0.328, 0.0295, 3, -25.576, 0.041, 0.994, 0.9, 0.101, 0.224, 75.063] 5CKz6HuAPLPWZakkiJ7uyB
[0.329, 0.145, 0, -23.636, 0.0499, 0.921, 0.781, 0.154, 0.0935, 169.944] 3BlEwgmeqfEgz7yDbjtLeH
[0.393, 0.0852, 3, -17.717, 0.0478, 0.987, 5.89e-05, 0.104, 0.189, 122.157] 2UKZpYNbpW1GNHGhrweoGy
[0.304, 0.0745, 0, -22.45, 0.0396, 0.968, 0.442, 0.115, 0.296, 144.053] 4auZkdt2hwsq498RyI07iI
[0.209, 0.0314, 10, -26.249, 0.0343, 0.988, 0.84, 0.102, 0.0983, 81.629] 2LMbYLCTnZvJy66LTwKWZP
[0.332, 0.127, 10, -15.253, 0.0397, 0.964, 0.675, 0.0676, 0.327, 86.633] 11azjFN3PsLfWtclIaGTPz
[0.43, 0.147, 3, -23.705, 0.0335, 0.978, 0.921, 0.107, 0.268, 85.832] 5buFAcuSMwrfN9HXS4RjrQ
[0.165, 0.0461, 5, -25.406, 0.0454, 0.99, 0.918, 0.106, 0.0457, 81.974] 1x5FkM7nX9miwNyO2zOIVG
[0.18, 0.0529, 2, -25.866, 0.0432, 0.958, 0.203, 0.0808, 0.109, 92.457] 3YFkcRV2cZVlpOUcglVnJP
[0.311, 0.0779, 9, -20.112, 0.0504, 0.978, 0.00228, 0.0586, 0.211, 90.919] 1nhaH4U0p5otajpVQDjCda
[0.322, 0.0151, 5, -32.43, 0.0409, 0.979, 0.175, 0.0899, 0.134, 84.993] 6V1ON7NF2WSwKH77YTvECG
[0.319, 0.137, 3, -19.576, 0.0406, 0.961, 0.479, 0.108, 0.204, 130.045] 0iOezZ2onIDEwvEx4qbKsz
[0.366, 0.174, 3, -22.039, 0.0365, 0.992, 0.869, 0.26, 0.489, 134.909] 3qYwJDRPJJuBoi7DS9mwtf
[0.39, 0.0432, 6, -24.344, 0.0506, 0.723, 0.000303, 0.108, 0.326, 147.436] 53KU8BrYZuxZOb3jqDm4ix
[0.201, 0.0216, 4, -24.703, 0.0646, 0.985, 1.38e-06, 0.123, 0.0416, 61.51] 6tkpLU87Vs4c8WsyM8KJUn
[0.388, 0.203, 4, -23.585, 0.0343, 0.983, 0.929, 0.0877, 0.361, 133.847] 2Uh0zh6cVAApjIpkJr9pEH
[0.44, 0.205, 5, -13.323, 0.0555, 0.982, 0.0375, 0.106, 0.196, 144.378] 1a3FgiiuwgUdmec8UpEFSH
[0.389, 0.13, 10, -22.729, 0.0384, 0.994, 0.897, 0.124, 0.363, 135.197] 0n8NH7c2B0VncLwqhDdzgS
[0.438, 0.0886, 3, -19.297, 0.0358, 0.987, 0.913, 0.11, 0.354, 78.323] 7kAIwHjogkKcmdTZAIHtI0
[0.448, 0.05, 0, -27.67, 0.0378, 0.986, 0.882, 0.109, 0.163, 84.39] 1LvbFzT2DjeymsHHWw96hZ
[0.312, 0.0572, 7, -23.522, 0.0512, 0.96, 0.029, 0.128, 0.0384, 113.523] 0VGamUk3dxwOwwCh6fGwZt
[0.387, 0.144, 7, -23.357, 0.0387, 0.949, 0.457, 0.17, 0.391, 140.85] 14ggSvTe9JTirbH2xSWmYg
[0.382, 0.0221, 7, -27.086, 0.0474, 0.995, 0.919, 0.0721, 0.36, 72.56] 2aFUQqUpiFLFTXPjbQuo1t
[0.44, 0.119, 5, -15.344, 0.0456, 0.926, 0.367, 0.181, 0.567, 147.308] 0sgsJ5yquhqJoekSXZNpY2
[0.337, 0.266, 0, -14.873, 0.0377, 0.95, 0.929, 0.0584, 0.341, 137.305] 6F6jJp2xzc1VZq1rWvAyB7
[0.251, 0.025, 5, -30.016, 0.0336, 0.984, 0.953, 0.0938, 0.0991, 81.402] 1eCouLD4K2IkqPQ23CVlLl
[0.162, 0.102, 2, -23.315, 0.036, 0.932, 0.9, 0.17, 0.0445, 131.626] 69RoAhDqFOiQb2pQvb24Ii
[0.658, 0.322, 10, -12.658, 0.0355, 0.494, 0.0529, 0.165, 0.482, 137.976] 410EPfEileiZ6C85XjBdag
[0.367, 0.435, 11, -11.414, 0.0306, 0.742, 0.573, 0.0972, 0.317, 136.517] 4CbDfuzOW2HYZLrl0KebEA
[0.491, 0.322, 7, -11.724, 0.0354, 0.741, 4.34e-05, 0.134, 0.523, 128.78] 4iYTXFt6VEqN5EDIiFPuGf
[0.363, 0.265, 5, -14.28, 0.0375, 0.473, 0.124, 0.0838, 0.228, 184.579] 55d5v1C1Af9xSvQmfCO9tV
[0.401, 0.349, 7, -14.02, 0.0294, 0.835, 0.835, 0.0923, 0.191, 105.46] 4r3gRClDOsHbh2CYoP1hAC
[0.755, 0.0878, 5, -13.17, 0.0511, 0.983, 0.937, 0.113, 0.931, 77.057] 6jMD1vC6d0535qCi2Cst3k
[0.874, 0.204, 10, -13.361, 0.051, 0.942, 0.794, 0.0734, 0.961, 119.997] 7qKJrZMPjT8W0tv7wFPJ9D
[0.714, 0.194, 5, -12.268, 0.0318, 0.936, 0.0963, 0.112, 0.912, 104.947] 2fnW2Fk9OMDgGLbTrs1Tuf
[0.503, 0.433, 2, -11.396, 0.0384, 0.839, 0.648, 0.102, 0.439, 119.972] 5vgd2izInjtosLVibqmlLE
[0.541, 0.463, 9, -8.605, 0.034, 0.498, 0.118, 0.231, 0.702, 104.007] 14Fn5SYKZ1Lx2SzLLDBlI5
[0.461, 0.391, 0, -11.711, 0.0324, 0.739, 0.857, 0.109, 0.546, 155.892] 1moY3iTg5QfHLsZp5OUSR1
[0.753, 0.302, 7, -12.991, 0.0447, 0.759, 0.542, 0.0841, 0.59, 119.97] 2dUyjqNXR2TQbAWTy16iqW
[0.67, 0.304, 10, -10.534, 0.0374, 0.735, 0.107, 0.097, 0.492, 110.016] 3arwkPq67d7D93XJORs34W
[0.587, 0.135, 7, -11.086, 0.124, 0.934, 0.934, 0.0976, 0.853, 124.517] 4M1NntfKiCfsOjPIRJBDrP
[0.311, 0.178, 2, -15.388, 0.0486, 0.983, 0.946, 0.105, 0.388, 85.373] 5HpTSawnOi64Yx2zXX0eTV
[0.45, 0.151, 0, -14.078, 0.0994, 0.988, 0.971, 0.112, 0.463, 107.298] 3LoRiyTgG80h185BrXps0B
[0.303, 0.118, 9, -18.827, 0.0376, 0.991, 0.858, 0.094, 0.125, 138.026] 4MXvRUpY4lMjoHBqHO2roU
[0.444, 0.158, 9, -12.172, 0.054, 0.901, 0.916, 0.116, 0.924, 125.334] 1Kw24ZsurvFcAkmkm0FCGF
[0.306, 0.518, 0, -10.147, 0.0676, 0.93, 0.975, 0.126, 0.545, 122.522] 0LAwd1rHTIskdeXCKQaM1c
[0.492, 0.0593, 7, -19.83, 0.0676, 0.991, 0.847, 0.188, 0.402, 133.075] 1U8MK9e3MoP5vD6Ffa0GLo
[0.472, 0.279, 0, -10.37, 0.0354, 0.969, 0.812, 0.101, 0.641, 100.403] 5UZGCjyuGQVEtnjutu0TGQ
[0.411, 0.259, 0, -13.825, 0.0628, 0.973, 0.96, 0.133, 0.309, 78.135] 4ZoJISVdjx0KLArNJpfNUa
[0.712, 0.219, 0, -8.778, 0.0446, 0.969, 0.895, 0.0849, 0.673, 107.644] 2JbJ75PldCbweWYbLBsGS0
[0.356, 0.315, 7, -13.107, 0.0708, 0.99, 0.973, 0.125, 0.272, 93.138] 4oaZvH6BcJusSDvQGcuLIn
[0.433, 0.348, 9, -11.108, 0.0697, 0.95, 0.93, 0.115, 0.727, 116.012] 0rLd2etVn3cg2UU7Ph5pfV
[0.277, 0.0375, 0, -19.281, 0.0464, 0.971, 0.974, 0.121, 0.199, 82.378] 4HWnyrNxgufP78OXcmLpwN
[0.495, 0.0311, 3, -19.393, 0.0434, 0.99, 0.846, 0.126, 0.46, 63.069] 7BHUGcAfFxUr1ZVTQg29cw
[0.514, 0.0298, 2, -23.122, 0.0582, 0.995, 0.948, 0.122, 0.488, 143.029] 0uQurlbzHaVYd8MTErPF60
[0.454, 0.0793, 2, -21.326, 0.0634, 0.993, 0.9, 0.107, 0.189, 76.747] 4gNQN5LyBrFxGW5EwiV2Vy
[0.312, 0.00393, 0, -36.36, 0.0482, 0.991, 0.898, 0.0636, 0.22, 135.19] 11cpZExAj0WJC9ga5c3PqY
[0.504, 0.0877, 0, -20.134, 0.0534, 0.995, 0.933, 0.0805, 0.259, 132.576] 1dkMiD6rc9qfA61imCEEEa
[0.425, 0.086, 2, -23.346, 0.0583, 0.994, 0.93, 0.0901, 0.641, 133.687] 5xC532xoxGCEHnh0fxB5N9
[0.571, 0.0587, 8, -17.761, 0.0636, 0.994, 0.944, 0.112, 0.647, 109.859] 5M6eJ4I44S51rMGX2vkCG1
[0.158, 0.186, 2, -16.492, 0.0389, 0.991, 0.84, 0.112, 0.214, 166.716] 3EHq9s0Uq8rmMma4A8eSFg
[0.448, 0.0883, 0, -17.546, 0.0836, 0.987, 0.901, 0.11, 0.525, 176.525] 7iGuaHO8i0VGBFTrY6j87A
[0.445, 0.197, 5, -19.308, 0.0624, 0.991, 0.898, 0.117, 0.578, 135.512] 7kzWLqfKnk0kpiEOFS7KBD
[0.41, 0.118, 7, -15.676, 0.0629, 0.977, 0.934, 0.127, 0.152, 125.316] 7DCTUNIm736w2BQw4EGzwI
[0.417, 0.108, 2, -14.939, 0.0507, 0.978, 0.871, 0.123, 0.281, 77.945] 0Gi3xLleu0bSVpBlcv9X7P
[0.297, 0.203, 0, -17.791, 0.0407, 0.992, 0.922, 0.0908, 0.336, 143.539] 169KOeLOhareaCQCkGplW1
[0.432, 0.0719, 8, -16.117, 0.042, 0.954, 0.914, 0.106, 0.222, 132.533] 7HTxqIPZ4DulrksCXbJQGt
[0.413, 0.108, 2, -19.424, 0.0576, 0.966, 0.952, 0.109, 0.15, 128.121] 1jPznwTod9678aeTBMHyVa
[0.439, 0.0601, 2, -17.525, 0.0429, 0.941, 0.891, 0.107, 0.109, 132.773] 2KzacDKZc3NUVTA6X6JZ8N
[0.353, 0.0499, 2, -17.4, 0.0553, 0.954, 0.942, 0.109, 0.0663, 137.311] 6HYXljpm3HUbvVj2UdOx3X
[0.291, 0.107, 0, -20.948, 0.0451, 0.985, 0.951, 0.0959, 0.105, 130.755] 1pFD7OUB5BUaqKU5MCdRql
[0.425, 0.086, 2, -23.346, 0.0583, 0.994, 0.93, 0.0901, 0.641, 133.687] 0DzPn2dfFC1BNYVgVwI7p6
[0.432, 0.0719, 8, -16.117, 0.042, 0.954, 0.914, 0.106, 0.222, 132.533] 66Qq9Vv5iHaA45YspTPE8x
[0.368, 0.14, 0, -17.589, 0.0738, 0.987, 0.851, 0.142, 0.199, 112.192] 5iVIJOHG98LX2didXoK89E
[0.365, 0.219, 7, -15.529, 0.0595, 0.951, 0.887, 0.106, 0.218, 171.033] 4gllHjoI7cgHQymqvyHO8H
[0.385, 0.0709, 9, -18.825, 0.0528, 0.982, 0.919, 0.106, 0.31, 205.76] 2x2JF101ahonIYf3KkZu3b
[0.399, 0.231, 7, -13.342, 0.0733, 0.907, 0.937, 0.0672, 0.295, 85.953] 66EJ4NYnDl0EPltpTM3ILU
[0.405, 0.0735, 0, -15.788, 0.0718, 0.968, 0.874, 0.0824, 0.197, 83.478] 3nbRXYg0xflqbiXdn25Bwg
[0.445, 0.108, 7, -19.18, 0.0447, 0.951, 0.94, 0.113, 0.373, 111.041] 4gC17clsO5VPVD1zIafVKs
[0.573, 0.0299, 0, -17.927, 0.0555, 0.993, 0.89, 0.101, 0.616, 111.943] 4YtJgi37N546LNzPHo4ydt
[0.294, 0.2, 9, -16.046, 0.0464, 0.951, 0.94, 0.0941, 0.0788, 115.741] 4beKZ1iw1Yhz0BjZArzDOI
[0.541, 0.1, 0, -17.972, 0.0741, 0.974, 0.974, 0.113, 0.202, 134.572] 4GM8Uya4y5WT5oXbsLCxAh
[0.395, 0.0226, 3, -22.572, 0.0413, 0.985, 0.95, 0.111, 0.184, 80.755] 75FAx06x6FtHEcuXx84rGQ
[0.38, 0.0515, 0, -23.644, 0.0451, 0.987, 0.896, 0.105, 0.0464, 94.442] 6OMWNLQtcmLQ1t3NhwGdMZ
[0.427, 0.0522, 0, -15.943, 0.0556, 0.92, 0.924, 0.0891, 0.123, 133.543] 3hhChA9rsxHkNfWZLeNRzG
[0.421, 0.0142, 0, -18.395, 0.0494, 0.965, 0.934, 0.0915, 0.381, 68.779] 68Ckg6PQsbT6INjiM5fZHu
[0.41, 0.118, 7, -15.676, 0.0629, 0.977, 0.934, 0.127, 0.152, 125.316] 6btHyMD4PCOVJnFH5WyIHy
[0.46, 0.0343, 0, -18.446, 0.0948, 0.968, 0.955, 0.112, 0.267, 134.586] 42p62ncivZRNwltjlljpUX
[0.419, 0.103, 9, -15.437, 0.0591, 0.971, 0.911, 0.11, 0.185, 135.291] 7JzF0wMe9JvEDikpbUckEu
[0.451, 0.11, 5, -19.877, 0.0452, 0.976, 0.971, 0.113, 0.244, 152.481] 1lN3QGE6JXInKrK231u4fJ
[0.312, 0.125, 7, -18.216, 0.0455, 0.981, 0.896, 0.113, 0.0634, 78.937] 3fy7Wj5pGqAf9f1CCR7TqC
[0.647, 0.0669, 0, -17.739, 0.154, 0.995, 0.93, 0.173, 0.799, 61.375] 7l7QhRgD6q7wHc57mjKUu9
[0.548, 0.0339, 5, -17.36, 0.0467, 0.991, 0.88, 0.117, 0.531, 75.268] 2SQCaNRHFhiDWu12R1i36d
[0.479, 0.119, 9, -16.745, 0.049, 0.974, 0.832, 0.0853, 0.553, 119.701] 65Qwq1CMjqhFDhrR8ztLoI
[0.508, 0.115, 2, -15.911, 0.0557, 0.989, 0.889, 0.109, 0.28, 125.368] 7bK8TjZhmkbsuTZakaVMnD
[0.5, 0.0245, 10, -18.599, 0.0658, 0.995, 0.953, 0.108, 0.471, 69.455] 0ghVKdVXwcYbaKGFyZY8tY
[0.417, 0.108, 2, -14.939, 0.0507, 0.978, 0.871, 0.123, 0.281, 77.945] 7DIxE5qhYvXRDMfnfc1nS7
[0.492, 0.0593, 7, -19.83, 0.0676, 0.991, 0.847, 0.188, 0.402, 133.075] 0JQD6WmKutruoJ97h3jAmo
[0.368, 0.0316, 0, -26.454, 0.0433, 0.987, 0.926, 0.104, 0.114, 70.975] 5P6LuGD6mIsrQFjyBlFIdi
[0.418, 0.0702, 0, -17.819, 0.0472, 0.987, 0.91, 0.137, 0.275, 138.623] 1Wg2OVp5tonxC0LqSCFyOq
[0.434, 0.224, 5, -13.223, 0.0478, 0.98, 0.838, 0.107, 0.177, 77.335] 2E9o42c28w0QhCH3Q4IJCF
[0.526, 0.0187, 0, -17.118, 0.15, 0.992, 0.88, 0.108, 0.528, 134.248] 5fdHuESV4l7eFU8HA2WKJt
[0.227, 0.123, 0, -21.443, 0.0421, 0.953, 0.877, 0.111, 0.106, 88.829] 49URYP7d1HrrZ2Nk01Wjzi
[0.538, 0.0915, 0, -16.424, 0.076, 0.994, 0.919, 0.114, 0.277, 112.279] 0HtBeyKLq3GyCEqN7HgbnA
[0.418, 0.0692, 5, -16.55, 0.0523, 0.925, 0.908, 0.124, 0.263, 92.918] 0eGhwHG606MiQFe4lzFAX8
[0.391, 0.047, 10, -21.506, 0.0415, 0.98, 0.955, 0.0947, 0.181, 77.63] 6sQYRtimdoYSS98S4kTnHc
[0.313, 0.0292, 2, -20.882, 0.0396, 0.987, 0.935, 0.105, 0.265, 84.672] 1lOrDr8ZzemVcCtyRkUiWw
[0.315, 0.057, 0, -25.221, 0.0403, 0.985, 0.913, 0.0857, 0.2, 77.798] 3eMonu0DoFhxnhdmVxqYAR
[0.338, 0.0431, 0, -26.41, 0.0433, 0.987, 0.923, 0.114, 0.35, 68.219] 4yPx5NOkbpCVaHfwEofzNb
[0.347, 0.101, 5, -22.257, 0.0412, 0.987, 0.882, 0.105, 0.197, 130.311] 4SddQeOBmTtPVys05J2vNg
[0.367, 0.105, 5, -21.761, 0.0378, 0.977, 0.839, 0.0959, 0.487, 138.737] 1eLdT1wAa4eFKcPsQrFv3y
[0.334, 0.0549, 0, -24.473, 0.0403, 0.984, 0.933, 0.163, 0.176, 68.879] 2eEO6PTm7hsXvLdk9P3HJK
[0.288, 0.0744, 7, -22.575, 0.0368, 0.982, 0.901, 0.162, 0.153, 70.949] 6W9NQPQH6ZLLspe7pM4gTW
[0.295, 0.0496, 10, -24.254, 0.0391, 0.988, 0.867, 0.146, 0.0729, 158.511] 32p7EUYX77L82OaU6nf2Rz
[0.388, 0.141, 7, -23.472, 0.0516, 0.987, 0.856, 0.115, 0.351, 88.142] 3aVspB1x8wKtdZ4eh6hhQM
[0.251, 0.0718, 0, -23.596, 0.0417, 0.983, 0.854, 0.139, 0.213, 163.56] 5N3xhtfBOOpE6hAyIUVkDl
[0.286, 0.112, 0, -21.519, 0.0455, 0.975, 0.92, 0.0742, 0.226, 69.213] 47DpjYj0u4HWcc6Hk1CkyY
[0.458, 0.118, 7, -25.181, 0.0338, 0.986, 0.952, 0.174, 0.369, 109.436] 1t4OGFl3QwKkCgyABQ46t5
[0.383, 0.113, 7, -21.774, 0.0404, 0.982, 0.922, 0.149, 0.153, 148.499] 3lOBEnzvNNbP9a5vojWuI7
[0.325, 0.0759, 0, -25.663, 0.0376, 0.984, 0.944, 0.0728, 0.462, 74.325] 0ODU86niWMPKjh4zDiEksO
[0.313, 0.13, 6, -25.29, 0.0383, 0.965, 0.861, 0.106, 0.294, 172.078] 7C0DqDX13J00ICnZVpCj9H
[0.517, 0.0322, 7, -25.049, 0.0401, 0.989, 0.904, 0.0828, 0.358, 109.704] 5nEbOXNIVAOzBbaKvQi7Cw
[0.298, 0.186, 7, -15.553, 0.032, 0.942, 0.961, 0.117, 0.0584, 129.46] 3HNlE5huokWa7nwCODPngj
[0.357, 0.0389, 6, -24.316, 0.0463, 0.988, 0.845, 0.097, 0.0568, 78.052] 2sCtneoRgvbSd00G3kCI0c
[0.363, 0.197, 7, -15.064, 0.029, 0.949, 0.945, 0.128, 0.0901, 96.057] 5EQhSFVIuFRr5Ye3rfR6Ud
[0.412, 0.141, 5, -16.263, 0.0321, 0.963, 0.981, 0.246, 0.171, 61.522] 5ZbljlggJVZJEKBxajMPIA
[0.173, 0.148, 0, -18.688, 0.0319, 0.901, 0.871, 0.289, 0.15, 180.225] 0R5TiqXE2LZt8pnKU8PlzE
[0.428, 0.0737, 7, -22.475, 0.0323, 0.977, 0.868, 0.132, 0.115, 98.895] 0nfr79KUyCcNgmDFSEsJMx
[0.311, 0.0505, 5, -20.742, 0.0366, 0.977, 0.95, 0.111, 0.1, 90.251] 6FpyBx9uqOFTwTxkdV9yTq
[0.209, 0.253, 5, -14.044, 0.0301, 0.964, 0.931, 0.0858, 0.194, 181.951] 7mr3tz2ijBU54iUiPuRrdd
[0.338, 0.136, 8, -20.383, 0.0504, 0.993, 0.941, 0.108, 0.18, 184.131] 5fFgVUT2YlEDGeN9ycDWBJ
[0.175, 0.184, 8, -16.631, 0.0312, 0.963, 0.84, 0.251, 0.173, 72.152] 6J6Cg52fxzHTVbZvWhFZGl
[0.318, 0.117, 9, -18.76, 0.0383, 0.958, 0.942, 0.0941, 0.2, 113.628] 53UJwpyS3SkDGrlpO6SOc7
[0.425, 0.108, 2, -20.659, 0.0531, 0.985, 0.864, 0.107, 0.232, 116.26] 24ut1vcLTglQEQtiFnpiVU
[0.437, 0.0885, 10, -21.501, 0.0345, 0.98, 0.836, 0.096, 0.0486, 62.246] 5AsGeJhmktbRFteGK8r91w
[0.267, 0.202, 3, -19.192, 0.032, 0.97, 0.934, 0.154, 0.0569, 103.998] 0Z0g5JIXNUIs068u6SAWKQ
[0.252, 0.0558, 8, -23.07, 0.0376, 0.987, 0.882, 0.118, 0.186, 181.103] 6TeRvfASHR7jgqGAerAZsr
[0.146, 0.231, 5, -13.44, 0.053, 0.961, 0.88, 0.111, 0.288, 71.337] 26fFuiSHPOalY1WGsT0NiY
[0.183, 0.193, 0, -14.774, 0.0406, 0.917, 0.814, 0.117, 0.225, 79.938] 06DZ5Zs5RcY2QJaULIveR9
[0.322, 0.194, 7, -14.287, 0.0357, 0.96, 0.787, 0.0959, 0.177, 96.609] 3k2njtN8jIICXswLb6Z76H
[0.242, 0.222, 8, -13.115, 0.0461, 0.969, 0.809, 0.0927, 0.0301, 124.411] 4rjwJzpCoPyDPdhm8hDeq2
[0.204, 0.281, 7, -13.888, 0.0369, 0.942, 0.551, 0.0703, 0.193, 87.316] 06OtZmeQphlZdaCKhqmH3G
[0.249, 0.236, 0, -15.808, 0.0372, 0.967, 0.864, 0.126, 0.0924, 143.975] 2TleiLpN7RBMwAszWJgzYj
[0.202, 0.204, 9, -16.348, 0.0402, 0.992, 0.929, 0.0866, 0.0346, 100.081] 59w0n55c0AqYt9eERNAjLE
[0.17, 0.267, 5, -13.735, 0.0346, 0.907, 0.846, 0.111, 0.0765, 98.509] 7dZX4ITjdXltu8A1otprn0
[0.112, 0.326, 10, -12.138, 0.0386, 0.688, 0.537, 0.11, 0.0704, 180.759] 1OCdvTuN4Z0LNDtxKCuVTY
[0.114, 0.28, 0, -12.87, 0.0436, 0.976, 0.853, 0.106, 0.0945, 60.558] 3zuYjEiIR510m5yPD746ee
[0.12, 0.266, 7, -13.449, 0.0438, 0.942, 0.652, 0.141, 0.127, 75.771] 1H7J8rsGeS44Cuko77wHQt
[0.336, 0.197, 7, -15.025, 0.029, 0.948, 0.937, 0.13, 0.0952, 97.495] 0Z2KcKZsyWcCBRcEUtzWAN
[0.36, 0.219, 9, -17.796, 0.0383, 0.937, 0.965, 0.517, 0.279, 119.961] 4EivXPSRzv3qtTzRBO3Jt4
[0.354, 0.0368, 6, -24.292, 0.0469, 0.988, 0.89, 0.0952, 0.0639, 77.039] 1ETKkQqAv32OiMzNcCR7oQ
[0.231, 0.225, 10, -13.266, 0.0346, 0.983, 0.87, 0.145, 0.071, 78.427] 72fpClQlDIQkkBfTxSicOM
[0.335, 0.228, 7, -14.528, 0.0325, 0.974, 0.852, 0.107, 0.15, 97.108] 5v6wgeXmnGHnzOMq9rVYq4
[0.246, 0.189, 5, -15.079, 0.0328, 0.973, 0.867, 0.147, 0.226, 66.793] 6XdXsAKMBlU3m3mBNhncOC
[0.317, 0.237, 3, -13.871, 0.0321, 0.979, 0.859, 0.112, 0.106, 117.049] 0D22TiWh7FW5NedDj6eXhX
[0.36, 0.178, 7, -15.02, 0.0343, 0.977, 0.915, 0.0916, 0.0941, 116.611] 4s0xXoC5cFbEJBtYdAZEl7
[0.239, 0.165, 0, -16.77, 0.0321, 0.98, 0.848, 0.131, 0.165, 68.128] 4jhHTznJXPzurhaXbJaa6R
[0.33, 0.186, 5, -14.547, 0.0364, 0.989, 0.894, 0.193, 0.391, 129.368] 5FeCotjtgjiJwZVJiXb3SQ
[0.345, 0.225, 3, -14.256, 0.0312, 0.984, 0.825, 0.112, 0.139, 111.579] 5NcYKZ3KTPaRReDL55XW2V
[0.257, 0.244, 0, -12.998, 0.0354, 0.962, 0.871, 0.121, 0.0851, 73.655] 5FLLgYQvUDyzUKfNN4o6f2
[0.195, 0.218, 5, -13.507, 0.0352, 0.988, 0.882, 0.112, 0.0964, 90.454] 323xDA9jjQPIpe4ioFyB3H
[0.275, 0.175, 4, -13.869, 0.0378, 0.975, 0.896, 0.106, 0.0943, 115.411] 4HnqxDPiSPRRuASHUGqRyC
[0.22, 0.153, 0, -17.587, 0.0403, 0.983, 0.898, 0.122, 0.072, 171.351] 16zwtAiKhCSL2Ra4inaUjG
[0.301, 0.195, 5, -14.066, 0.0335, 0.975, 0.889, 0.11, 0.094, 115.106] 4Dj7Fkj54qYJCInkD5lXLA
[0.203, 0.187, 0, -14.453, 0.0316, 0.967, 0.895, 0.112, 0.105, 174.198] 2J2AvmFBmeZl7vHypyAmvk
[0.26, 0.148, 5, -15.597, 0.0358, 0.976, 0.891, 0.116, 0.111, 63.181] 4lig6zQPZGTsH5weOQDacT
[0.305, 0.217, 0, -12.422, 0.029, 0.976, 0.923, 0.125, 0.242, 90.648] 0BcuKsWyPibVsK7XsVmCEg
[0.357, 0.0389, 6, -24.316, 0.0463, 0.988, 0.845, 0.097, 0.0568, 78.052] 2sCtneoRgvbSd00G3kCI0c
[0.298, 0.186, 7, -15.553, 0.032, 0.942, 0.961, 0.117, 0.0584, 129.46] 3HNlE5huokWa7nwCODPngj
[0.357, 0.0389, 6, -24.316, 0.0463, 0.988, 0.845, 0.097, 0.0568, 78.052] 2sCtneoRgvbSd00G3kCI0c
[0.363, 0.197, 7, -15.064, 0.029, 0.949, 0.945, 0.128, 0.0901, 96.057] 5EQhSFVIuFRr5Ye3rfR6Ud
[0.412, 0.141, 5, -16.263, 0.0321, 0.963, 0.981, 0.246, 0.171, 61.522] 5ZbljlggJVZJEKBxajMPIA
[0.173, 0.148, 0, -18.688, 0.0319, 0.901, 0.871, 0.289, 0.15, 180.225] 0R5TiqXE2LZt8pnKU8PlzE
[0.428, 0.0737, 7, -22.475, 0.0323, 0.977, 0.868, 0.132, 0.115, 98.895] 0nfr79KUyCcNgmDFSEsJMx
[0.311, 0.0505, 5, -20.742, 0.0366, 0.977, 0.95, 0.111, 0.1, 90.251] 6FpyBx9uqOFTwTxkdV9yTq
[0.209, 0.253, 5, -14.044, 0.0301, 0.964, 0.931, 0.0858, 0.194, 181.951] 7mr3tz2ijBU54iUiPuRrdd
[0.338, 0.136, 8, -20.383, 0.0504, 0.993, 0.941, 0.108, 0.18, 184.131] 5fFgVUT2YlEDGeN9ycDWBJ
[0.175, 0.184, 8, -16.631, 0.0312, 0.963, 0.84, 0.251, 0.173, 72.152] 6J6Cg52fxzHTVbZvWhFZGl
[0.318, 0.117, 9, -18.76, 0.0383, 0.958, 0.942, 0.0941, 0.2, 113.628] 53UJwpyS3SkDGrlpO6SOc7
[0.425, 0.108, 2, -20.659, 0.0531, 0.985, 0.864, 0.107, 0.232, 116.26] 24ut1vcLTglQEQtiFnpiVU
[0.437, 0.0885, 10, -21.501, 0.0345, 0.98, 0.836, 0.096, 0.0486, 62.246] 5AsGeJhmktbRFteGK8r91w
[0.267, 0.202, 3, -19.192, 0.032, 0.97, 0.934, 0.154, 0.0569, 103.998] 0Z0g5JIXNUIs068u6SAWKQ
[0.252, 0.0558, 8, -23.07, 0.0376, 0.987, 0.882, 0.118, 0.186, 181.103] 6TeRvfASHR7jgqGAerAZsr
[0.595, 0.198, 9, -20.86, 0.0516, 0.815, 0.573, 0.238, 0.613, 170.06] 7fwBU03gCXS5GHNrNbEvZL
[0.602, 0.0708, 9, -20.19, 0.0763, 0.885, 0.874, 0.523, 0.533, 106.946] 1tZ9TBBNnOGB1MvNUEoEwl
[0.593, 0.22, 0, -19.774, 0.0747, 0.199, 0.924, 0.122, 0.314, 164.487] 61PWCNtgXosTwCV4YmoZMJ
[0.637, 0.13, 9, -20.447, 0.048, 0.876, 0.466, 0.36, 0.358, 119.009] 4d1fXEYJDzGLMlHkRzRHTc
[0.666, 0.294, 4, -17.449, 0.0489, 0.904, 0.931, 0.844, 0.452, 119.096] 5MsDiKJ3449MAG3UKBXdEy
[0.42, 0.177, 9, -19.288, 0.0376, 0.974, 0.816, 0.362, 0.109, 129.021] 3euRpBrOlyuixr33MJNROl
[0.603, 0.231, 7, -17.928, 0.0504, 0.833, 0.907, 0.317, 0.453, 119.103] 7K49So0JGWEl88ag1jxwL0
[0.773, 0.369, 7, -17.756, 0.0803, 0.791, 0.931, 0.34, 0.966, 121.235] 23KSV9U2sR5vl1GTFjYDel
[0.835, 0.231, 2, -18.258, 0.122, 0.729, 0.919, 0.304, 0.786, 107.332] 5OCClGTnkdhbSTrOlGPDpy
[0.817, 0.229, 2, -20.382, 0.0743, 0.546, 0.474, 0.179, 0.312, 117.342] 7eQhggl1v7GzsFZG11vd1N
[0.461, 0.371, 7, -17.829, 0.0808, 0.479, 0.869, 0.088, 0.051, 192.883] 3B3g0bnzvP42i5eneKNT4a
[0.556, 0.17, 1, -19.05, 0.0391, 0.356, 0.429, 0.0796, 0.0365, 119.368] 5zBL54iGePoWAdHJrwbjga
[0.698, 0.389, 0, -20.558, 0.0751, 0.736, 0.86, 0.529, 0.438, 134.964] 6pu2XyuVmrQLbtN6fIZhkF
[0.734, 0.138, 5, -20.508, 0.0455, 0.716, 0.485, 0.286, 0.582, 99.263] 1SDs6vgXgw82ajwFBRCrG4
[0.765, 0.213, 7, -17.348, 0.0482, 0.781, 0.518, 0.17, 0.651, 139.059] 07VihOHumXEAsiUVBzG2KL
[0.581, 0.18, 8, -23.344, 0.0427, 0.945, 0.948, 0.386, 0.098, 145.03] 0Aw7Kli0B7EdSUmF7xRGdo
[0.483, 0.156, 9, -20.632, 0.119, 0.864, 0.452, 0.236, 0.655, 109.377] 3HTmpD1hmW4BI8KSX7qN0J
[0.732, 0.144, 7, -20.966, 0.0406, 0.647, 0.956, 0.458, 0.436, 159.143] 4LMOBi6MIDy4eQMjXKDVAs
[0.288, 0.0693, 1, -20.795, 0.0361, 0.99, 0.884, 0.0915, 0.0392, 74.272] 5Iwaupoe0kQlPIJ7CoFWpi
[0.402, 0.0208, 3, -27.294, 0.0449, 0.99, 0.919, 0.097, 0.0862, 94.457] 2FRnxuLDZ4vSdvER2Xzrv2
[0.272, 0.119, 6, -21.195, 0.0435, 0.991, 0.888, 0.114, 0.126, 67.975] 0RgaegsD8IJ2C1U7ucj16S
[0.357, 0.019, 5, -29.553, 0.0469, 0.993, 0.87, 0.0729, 0.114, 77.657] 1piIfn4Xge2aEcvsWtWBl7
[0.281, 0.0202, 6, -26.099, 0.0395, 0.993, 0.91, 0.127, 0.0655, 77.814] 4YBw6EAdwlm69OY2F08dEM
[0.518, 0.00802, 2, -23.755, 0.0512, 0.995, 0.939, 0.0747, 0.164, 97.764] 0LNDJz0Bw3YYpLClAnIhwy
[0.41, 0.0587, 1, -18.746, 0.0449, 0.994, 0.888, 0.159, 0.0557, 70.664] 5L9AKn8nLCrV2E4Y78tQV2
[0.226, 0.0156, 1, -28.694, 0.0406, 0.993, 0.933, 0.0882, 0.0371, 70.775] 2YBrenF804zlk4pVl3QhKz
[0.405, 0.00771, 11, -24.711, 0.0508, 0.994, 0.903, 0.131, 0.167, 137.033] 0KkxHPs4zUX7FppoixJmqU
[0.21, 0.0704, 8, -22.202, 0.0567, 0.991, 0.818, 0.107, 0.181, 181.833] 4aaan7wVUsFArBAcA1BMky
[0.499, 0.0129, 3, -27.493, 0.051, 0.995, 0.915, 0.0582, 0.0789, 128.883] 3s1OSoBz2TJ0axkXcmWDRb
[0.319, 0.035, 7, -26.216, 0.0619, 0.995, 0.917, 0.0916, 0.0502, 73.181] 5suAPU4pt11XNUMRtQ7z7z
[0.371, 0.0831, 0, -19.705, 0.0441, 0.993, 0.916, 0.049, 0.036, 75.303] 2McrNJeekHe0Yi4VVJIuxn
[0.551, 0.114, 1, -21.264, 0.0377, 0.98, 0.899, 0.101, 0.243, 78.774] 1FgLMygT6pCuBLm0GZFU0J
[0.151, 0.0169, 5, -33.884, 0.0405, 0.991, 0.924, 0.0849, 0.0842, 81.168] 7KD7jZlz2UppQsiswoweUN
[0.323, 0.0197, 3, -30.173, 0.0503, 0.993, 0.909, 0.0964, 0.0859, 71.758] 78eHNe9UocsHmcgAyTxixZ
[0.204, 0.0191, 11, -32.4, 0.0517, 0.991, 0.865, 0.101, 0.0389, 73.757] 0AHH7ifUbHYjKKVq3I7Te9
[0.376, 0.109, 4, -20.698, 0.0437, 0.995, 0.884, 0.0778, 0.0799, 75.455] 4EipwZP5yLbureYrd0wHxD
[0.384, 0.0305, 11, -22.801, 0.0403, 0.991, 0.923, 0.0819, 0.051, 69.415] 4VT3bYJIxd9UPAkhsXifI1
[0.136, 0.0567, 1, -24.939, 0.0552, 0.915, 0.263, 0.0795, 0.0686, 81.164] 5axnkuxpVIGgs4f8XdOkld
[0.212, 0.0184, 5, -30.087, 0.0388, 0.992, 0.879, 0.221, 0.119, 68.702] 51O0fDCqsUoNtZPECFMqGt
[0.444, 0.0154, 3, -28.87, 0.0443, 0.986, 0.938, 0.118, 0.0814, 106.52] 7hT9WYJGYB1NuxqDEA6zXb
[0.255, 0.224, 2, -18.299, 0.0354, 0.976, 0.882, 0.281, 0.0463, 65.758] 1EDb9jjzfCWtDH4lgM24gJ
[0.237, 0.0248, 11, -28.305, 0.0378, 0.996, 0.879, 0.0983, 0.343, 177.334] 77xnEQn7e9WQ3UAGJdZFh6
[0.215, 0.245, 7, -14.514, 0.0426, 0.993, 0.892, 0.109, 0.0397, 69.561] 7gXWx5DBR5MfsFBzPm9zSS
[0.315, 0.0096, 9, -31.019, 0.0422, 0.994, 0.959, 0.0829, 0.104, 67.362] 6fXJ5r3j0XOQ7na4Cw9oie
[0.221, 0.0582, 2, -26.82, 0.0364, 0.991, 0.91, 0.158, 0.04, 60.303] 5BtkkUV6Mcb4kBPAKgs4Wh
[0.426, 0.132, 1, -20.064, 0.0428, 0.992, 0.886, 0.117, 0.0645, 136.938] 38XRqQFBRruKWCpyxHY7ZJ
[0.287, 0.113, 8, -24.408, 0.0382, 0.988, 0.918, 0.125, 0.196, 71.846] 5mMYPSGI7ofMFvJCHLP1ta
[0.351, 0.0269, 10, -28.267, 0.0378, 0.992, 0.878, 0.116, 0.0899, 68.506] 3GIinvDCi2LlQdxPCH1ECa
[0.334, 0.00732, 4, -30.908, 0.0355, 0.991, 0.952, 0.0968, 0.0964, 60.171] 1LDayluBD9PzsEaQYf9vjr
[0.382, 0.0847, 1, -21.505, 0.0421, 0.988, 0.897, 0.103, 0.0638, 131.392] 6OwavBgVS1N4lAXZ2zKUfc
[0.311, 0.00326, 1, -24.979, 0.0614, 0.993, 0.949, 0.0803, 0.0656, 66.356] 6JoT2QRzUZ8IpkamI6WkeN
[0.37, 0.0636, 8, -22.627, 0.0417, 0.987, 0.917, 0.161, 0.0772, 131.445] 5DU6w1coKfwLgpzQtGt9H3
[0.403, 0.022, 10, -31.921, 0.0434, 0.994, 0.852, 0.0627, 0.218, 127.507] 2kdzG37VTbJRtCSfgqtrLB
[0.414, 0.0575, 6, -26.269, 0.0368, 0.987, 0.91, 0.0666, 0.405, 106.602] 665inEcTTMWOw6Y7uxozoM
[0.228, 0.498, 8, -20.596, 0.0533, 0.981, 0.864, 0.704, 0.358, 79.023] 096Z8UkoxZO6g0eIEkXQZT
[0.345, 0.045, 0, -23.993, 0.0417, 0.99, 0.904, 0.0603, 0.0378, 135.918] 0YHQMGeE23dZIz4H6MFXtY
[0.396, 0.0855, 4, -24.295, 0.0346, 0.991, 0.881, 0.123, 0.187, 104.424] 7iES5ExYrIBrYuXMUfPmA8
[0.28, 0.0671, 6, -23.747, 0.0436, 0.994, 0.868, 0.105, 0.0711, 84.516] 7IRidlTJiP1aXw5aDr5DpY
[0.188, 0.121, 5, -19.231, 0.0371, 0.973, 0.897, 0.116, 0.0767, 54.367] 7FEBPxOnvLsLnUpYq1VXPB
[0.258, 0.167, 1, -16.591, 0.0414, 0.986, 0.922, 0.113, 0.0912, 71.689] 3T1wKFdFzYnVwfIkIqDnFR
[0.394, 0.0826, 1, -21.738, 0.0439, 0.994, 0.927, 0.12, 0.106, 63.172] 088OWVKqW0SPLbv7f78SUc
[0.305, 0.0272, 1, -31.167, 0.042, 0.994, 0.771, 0.115, 0.151, 79.243] 4WjvJ6Ok5CLXokNX4YHbSS
[0.271, 0.065, 1, -25.552, 0.0381, 0.99, 0.893, 0.0643, 0.0481, 65.189] 5tfp3XyWsUMnrA90zfHl3t
[0.239, 0.0409, 1, -26.809, 0.0348, 0.988, 0.891, 0.095, 0.0722, 57.066] 0e5F5IasQmfsA3q90D9uSW
[0.25, 0.0154, 1, -28.869, 0.0387, 0.994, 0.926, 0.074, 0.163, 75.284] 7rnWNtggVZc2EAlvA2Egjz
[0.289, 0.0797, 11, -18.229, 0.0404, 0.994, 0.908, 0.0988, 0.0395, 68.394] 39s9QVDt83ZezQiQ6yTyLH
[0.359, 0.0323, 1, -24.408, 0.0377, 0.989, 0.91, 0.0938, 0.0728, 107.169] 4hbvrHgfZ8lqFrPx1Ztd6j
[0.237, 0.179, 5, -19.264, 0.0339, 0.991, 0.847, 0.111, 0.0621, 73.376] 5KnXkbkcrlz2gmFa9a2qeZ
[0.363, 0.0326, 1, -31.492, 0.0383, 0.981, 0.886, 0.126, 0.0635, 66.883] 69oUJ4qeLrbFHCloblMglx
[0.328, 0.203, 9, -21.742, 0.0357, 0.967, 0.895, 0.11, 0.104, 91.76] 7esn1ri1DxPW63sr63cP6L
[0.417, 0.0533, 3, -22.951, 0.0471, 0.984, 0.858, 0.103, 0.0409, 109.476] 11Fs5cBXEjv9B0R0kDeCCb
[0.367, 0.0613, 11, -24.594, 0.0387, 0.993, 0.913, 0.0674, 0.0554, 65.927] 5B8MbpVBszGNjHRj5tssc9
[0.378, 0.0812, 5, -23.4, 0.0359, 0.993, 0.897, 0.129, 0.17, 106.104] 5i7zWaS2bazQVaMqxNXxXX
[0.297, 0.112, 5, -20.01, 0.0354, 0.988, 0.86, 0.0706, 0.0459, 78.88] 6AECxptTdcCHiLjOEYmsYj
[0.26, 0.00367, 4, -36.537, 0.0409, 0.994, 0.939, 0.102, 0.0762, 68.646] 3GpUzThqDnofPrL3odLAWy
[0.274, 0.171, 8, -15.863, 0.0439, 0.992, 0.882, 0.0929, 0.0373, 73.165] 6aZvn2GoPxfjGrbVNOG4ly
[0.136, 0.0485, 3, -28.907, 0.0407, 0.992, 0.902, 0.136, 0.12, 59.125] 26Ltrca0DbWgfFZET10k9M
[0.314, 0.0231, 11, -28.419, 0.0461, 0.992, 0.881, 0.134, 0.0677, 88.48] 5UpQqGyhYg70rRXgPuy28o
[0.398, 0.0695, 4, -23.956, 0.0394, 0.99, 0.746, 0.0875, 0.19, 58.65] 4HGnaC75z2Qpo6Fyyg0ltF
[0.258, 0.0512, 1, -30.005, 0.0461, 0.994, 0.913, 0.0896, 0.0668, 126.248] 5c4HTKU8OfR1r8J3wI8oYL
[0.378, 0.147, 9, -20.691, 0.033, 0.983, 0.847, 0.101, 0.151, 71.316] 05AGciramtTu1fkOF12Ybe
[0.191, 0.0207, 4, -28.815, 0.0447, 0.994, 0.906, 0.065, 0.0676, 73.099] 10uRxefFamrk6OGym4JLlS
[0.196, 0.085, 4, -21.657, 0.0374, 0.992, 0.917, 0.0814, 0.04, 87.12] 55yNH9IfkdUxOqFeRLmnVC
[0.374, 0.0913, 4, -23.489, 0.05, 0.995, 0.853, 0.0855, 0.0393, 135.702] 4h1blqY5LzPH8fNcglNJPX
[0.209, 0.00759, 3, -30.225, 0.0502, 0.991, 0.949, 0.116, 0.0593, 65.385] 1QBaOzhMlaWx9zQZIEmJFx
[0.442, 0.017, 4, -24.902, 0.0812, 0.995, 0.893, 0.061, 0.0375, 76.726] 6DtkdC9g7j5nprKIYwSVxx
[0.286, 0.0891, 6, -21.849, 0.0398, 0.991, 0.875, 0.102, 0.116, 73.472] 2OG2x38B2B9lC4p9El4Xc1
[0.344, 0.186, 5, -18.338, 0.0332, 0.984, 0.853, 0.141, 0.138, 62.544] 0jqaIOXeq0YiJEVJLWFCLk
[0.274, 0.0362, 8, -29.165, 0.0401, 0.993, 0.939, 0.0972, 0.0695, 79.543] 3wnR4FIaT8Ok3gJjStIkyV
[0.233, 0.0124, 11, -34.778, 0.046, 0.926, 0.289, 0.556, 0.0379, 130.526] 0C6vW03qDNVNODRVsos3tJ
[0.396, 0.245, 10, -16.602, 0.0644, 0.967, 7.77e-06, 0.475, 0.208, 110.592] 4aJLz6LazXPmPevL2j63Fi
[0.0666, 0.0211, 1, -24.057, 0.0398, 0.984, 0.685, 0.0999, 0.132, 73.377] 0niy8sCXnQXc9JZGWWVvLd
[0.368, 0.111, 6, -16.399, 0.0518, 0.962, 0.000451, 0.161, 0.216, 76.008] 7LPQBog2rEMTr3j6KvOfbv
[0.429, 0.0876, 8, -17.999, 0.0356, 0.915, 0.948, 0.0965, 0.432, 120.363] 4MdA7J82XIaB65ZKcQhmY5
[0.255, 0.0769, 8, -21.396, 0.044, 0.984, 0.00315, 0.158, 0.0373, 87.315] 5VPKYndQLw8qqFvMZ8I6jH
[0.242, 0.0594, 10, -20.299, 0.0427, 0.973, 8.37e-05, 0.153, 0.0543, 94.027] 2fMlwY5Kk0KnRsTkzjrZaZ
[0.19, 0.0334, 1, -22.242, 0.0487, 0.966, 0.000208, 0.106, 0.0378, 71.427] 5Vjtl6ZfMmj2q7cPJYKJAM
[0.354, 0.371, 0, -14.272, 0.0388, 0.929, 0.68, 0.0892, 0.0957, 77.412] 75wH1yO5FYPRoEhSi4mc0k
[0.0772, 0.02, 5, -25.363, 0.0397, 0.968, 0.87, 0.129, 0.0389, 80.76] 5lGtgsCEJa0fPFrXPReLn5
[0.426, 0.397, 0, -10.651, 0.0443, 0.934, 0.0928, 0.78, 0.39, 127.323] 6Gi7uFQd5xBssKvkU2NQ0P
[0.347, 0.122, 10, -21.522, 0.0592, 0.932, 0.0359, 0.266, 0.134, 112.403] 3wcjN9XlG3PhDgGLIrCpmB
[0.319, 0.163, 4, -18.865, 0.0455, 0.941, 0.865, 0.1, 0.108, 120.986] 0O0nvuRbrYBLsBh8ciWh9o
[0.237, 0.101, 0, -23.04, 0.0416, 0.967, 0.095, 0.097, 0.0811, 131.897] 1rji05OUPvEukrfnXENi4s
[0.317, 0.0778, 10, -23.178, 0.0455, 0.861, 0.409, 0.286, 0.153, 133.271] 6MAAouhEe58vIbJv09Lqo9
[0.469, 0.277, 3, -20.222, 0.104, 0.964, 0.157, 0.219, 0.142, 128.258] 29CT726iAgHdNbdmSdZkys
[0.329, 0.417, 0, -12.913, 0.0504, 0.965, 0.135, 0.084, 0.359, 100.376] 6lGTpfHTFlXjonJZbjEVcM
[0.278, 0.0436, 10, -25.158, 0.044, 0.969, 0, 0.147, 0.171, 92.26] 2xmvxlZZjPW3UwVu6iWFLa
[0.272, 0.0637, 4, -22.919, 0.0715, 0.983, 0.00569, 0.0852, 0.0399, 168.011] 1iLyZW5yTlMZeQuoNAnuF7
[0.194, 0.0713, 10, -21.403, 0.0549, 0.967, 9.45e-05, 0.159, 0.0372, 76.933] 1W5X6Knnk1Cv0vUBPbCkCP
[0.173, 0.0245, 11, -28.337, 0.0415, 0.868, 0.457, 0.16, 0.0381, 135.013] 2eeUiP7dGSywBGnKMGRMaU
[0.155, 0.0335, 9, -26.7, 0.0399, 0.938, 0.0533, 0.103, 0.0361, 134.021] 2rnUFqtxh66FXsN7iSUvUu
[0.496, 0.143, 9, -15.765, 0.0651, 0.974, 0.000631, 0.148, 0.261, 112.621] 6smb9uuA2XMs12r92V7qZP
[0.3, 0.124, 10, -14.858, 0.0526, 0.98, 0.000386, 0.142, 0.0619, 76.801] 0OsxNkqv8t7xu7zD7Mu1Jf
[0.367, 0.19, 0, -15.719, 0.0363, 0.964, 0.933, 0.129, 0.548, 165.716] 7z3pxxYps8ilLu9Ma9X0He
[0.247, 0.0828, 1, -24.926, 0.0533, 0.978, 5.58e-05, 0.0929, 0.127, 86.91] 5OFUTt2YtbnAXwlRy4jlej
[0.382, 0.376, 5, -15.797, 0.0482, 0.98, 0.768, 0.105, 0.296, 142.033] 6GVOTuVTI3CVEIeKoS0Npr
[0.281, 0.161, 8, -15.36, 0.0479, 0.959, 0.000102, 0.0994, 0.0771, 86.04] 6qBVvcuezEEcfJQ5G958Ze
[0.351, 0.0457, 8, -23.6, 0.0528, 0.984, 0.00216, 0.0973, 0.0853, 92.044] 7prlNi692jkIoxvsvnie2c
[0.217, 0.25, 3, -15.044, 0.0665, 0.981, 0.00142, 0.335, 0.0377, 84.646] 1qREIC4SNYOlWFU4ptDrkH
[0.278, 0.0347, 7, -27.64, 0.0585, 0.989, 0.0409, 0.0995, 0.0635, 173.893] 7AOjhQH53Gnec1S99cRNWJ
[0.265, 0.165, 7, -18.008, 0.0453, 0.89, 0.716, 0.0935, 0.14, 102.651] 16F6qcxfUIS7EaNeqwolx2
[0.27, 0.183, 1, -15.703, 0.0483, 0.98, 0.21, 0.0834, 0.0729, 89.165] 47ni8tl3BImrPcANcIe7xZ
[0.308, 0.046, 7, -27.226, 0.0409, 0.984, 0.127, 0.17, 0.0593, 105.568] 4PTiSypIkFFucD1dgbcsaM
[0.519, 0.32, 0, -15.89, 0.0515, 0.939, 0.106, 0.217, 0.391, 65.528] 5PeM9tbix7Z4fojwBZQscM
[0.374, 0.238, 9, -13.609, 0.0402, 0.988, 0.0356, 0.103, 0.216, 80.119] 385acmEmG9sStsGVQaJ7J3
[0.0976, 0.0132, 11, -32.402, 0.0548, 0.974, 0.000301, 0.0683, 0.0318, 83.121] 26JIUwEslcNqhoycVUXxGl
[0.363, 0.184, 4, -23.54, 0.0569, 0.965, 0.00113, 0.52, 0.299, 121.381] 3B9bhPZDC0wQMT3lgBgZUA
[0.3, 0.0532, 9, -23.758, 0.0628, 0.97, 0, 0.0959, 0.0584, 169.283] 3y0l0P7UGoSycHC1a08yG7
[0.313, 0.231, 1, -14.287, 0.0547, 0.986, 0.000431, 0.0964, 0.0886, 86.001] 7EsKYeHtTc4H4xWiTqSVZA
[0.142, 0.058, 2, -23.625, 0.0493, 0.985, 0.146, 0.0969, 0.0382, 172.935] 22SbVCLDOuhLKmBIbAITox
[0.181, 0.0705, 4, -21.87, 0.046, 0.915, 0.00339, 0.0998, 0.037, 165.852] 7INaTOAwuS1YiBWzzzQKsc
[0.344, 0.216, 2, -15.314, 0.0552, 0.984, 7.38e-05, 0.129, 0.0842, 130.217] 0XDxvuxrz6qzanRZj02VuF
[0.317, 0.138, 8, -16.553, 0.0481, 0.954, 0.00172, 0.162, 0.193, 95.48] 5lDrs6cH5o8RFzzAnGjDRo
[0.228, 0.179, 10, -18.411, 0.0421, 0.963, 5.91e-06, 0.392, 0.0772, 93.952] 6UPHJmO6ZsIiwHVyJXCjSH
[0.157, 0.0198, 1, -32.096, 0.048, 0.949, 7.32e-05, 0.0997, 0.0368, 177.392] 34bUfvncIbMigfafFRILsi
[0.196, 0.111, 8, -16.929, 0.0693, 0.967, 0.000174, 0.192, 0.0398, 63.029] 41PKk0AN5SEqFawQbVQlrr
[0.242, 0.247, 8, -10.901, 0.0425, 0.973, 1.38e-05, 0.102, 0.134, 79.269] 3NZEvfctrdZPRizWRyR5oD
[0.165, 0.209, 5, -16.127, 0.0594, 0.971, 0.00694, 0.0533, 0.0484, 73.852] 5d8xrQELDVAGExIRta6PXO
[0.109, 0.018, 6, -26.778, 0.0399, 0.975, 0.791, 0.0712, 0.0359, 82.178] 1iayQ9XmNJL2F0S0zjdNST
[0.221, 0.131, 11, -16.606, 0.0358, 0.991, 0.781, 0.304, 0.0391, 68.007] 0jboaYr8WePRbws6UvsfrW
[0.489, 0.173, 4, -15.65, 0.0449, 0.745, 0.747, 0.116, 0.217, 108.548] 2SUVP01rFiE6jwonGoSBN9
[0.352, 0.0949, 9, -25.077, 0.0466, 0.993, 0.912, 0.106, 0.0519, 131.865] 50tFFbm0a9fp5K7tPTl0Gi
[0.477, 0.405, 2, -11.441, 0.0294, 0.958, 0.226, 0.269, 0.492, 112.235] 1HaSM9ypKF8yVu6M0jojEx
[0.151, 0.227, 7, -16.3, 0.049, 0.985, 0.981, 0.103, 0.038, 89.29] 3aYUiCU5HfP2Yuwxg35Z7g
[0.335, 0.225, 2, -15.76, 0.0468, 0.919, 2.2e-06, 0.108, 0.173, 143.633] 6YgdOJxqwIIyX8Oetdy0pw
[0.261, 0.00803, 10, -28.634, 0.0375, 0.962, 0.0962, 0.0873, 0.122, 74.153] 5r4aVDOcZqjAhLJsD0uNED
[0.244, 0.148, 7, -20.765, 0.0357, 0.212, 0.117, 0.0842, 0.0375, 81.454] 78YT6pahC7NYZk5nw0IvIK
[0.278, 0.273, 0, -18.535, 0.0529, 0.435, 0.912, 0.0387, 0.208, 142.737] 3KtsRijwp8KunCRYlOdWEi
[0.491, 0.129, 10, -18.418, 0.0461, 0.963, 0.122, 0.108, 0.171, 75.064] 1zewpOeqD4HNaV5LVWRYyY
[0.122, 0.621, 3, -4.616, 0.0339, 0.244, 2.95e-05, 0.22, 0.158, 71.005] 2rtEpWVoB2AfHz0d4zPjKZ
[0.164, 0.365, 1, -9.74, 0.0345, 0.79, 0.000152, 0.101, 0.0663, 84.361] 5vm49yyqlm3VhBnPt6OOJ4
[0.239, 0.0633, 5, -23.56, 0.0344, 0.943, 0.905, 0.096, 0.24, 76.133] 0prmnQ9FISM0BMyIchvQWP
[0.132, 0.0195, 0, -29.76, 0.0445, 0.993, 0.888, 0.0569, 0.14, 81.616] 2kyEgPaAW8wdpvevPnkf0Z
[0.327, 0.532, 5, -5.598, 0.037, 0.775, 0, 0.121, 0.169, 81.435] 03pBpFGi9J2EB5tZAhE2sC
[0.394, 0.241, 10, -16.589, 0.0428, 0.974, 0.000304, 0.103, 0.239, 106.763] 0RPnlJYqyPhdVwCZiTG2je
[0.447, 0.145, 10, -21.141, 0.0658, 0.961, 0, 0.352, 0.244, 69.555] 2Ek0ewx6gMkt8p7UWZbG0D
[0.363, 0.115, 2, -17.325, 0.0689, 0.976, 0, 0.0992, 0.231, 134.424] 2r1FiNXh5mDNEP8K07YRVp
[0.119, 0.513, 5, -5.508, 0.042, 0.788, 0.915, 0.298, 0.48, 50.858] 7rrKXrBcdJnSTjuN148FrK
[0.322, 0.0949, 9, -16.374, 0.0332, 0.925, 0.608, 0.289, 0.126, 108.506] 1TrZEixKs9KxZYXHYnrqUi
[0.269, 0.27, 9, -14.891, 0.0328, 0.738, 0.264, 0.061, 0.814, 185.109] 0U2mgRCAOwErqVTBOKhabS
[0.386, 0.305, 0, -17.946, 0.2, 0.973, 0.173, 0.0967, 0.414, 78.052] 6x5W3i3RCmQtgI0zKq9DDc
[0.314, 0.165, 2, -13.063, 0.037, 0.935, 1.12e-06, 0.134, 0.141, 126.435] 48z4VdnfLL5MPYa1xLdvFh
[0.25, 0.136, 10, -12.162, 0.037, 0.673, 0.000157, 0.107, 0.0981, 118.086] 1xugsCboIm1yILqpLvH9aD
[0.0728, 0.412, 10, -6.251, 0.037, 0.908, 0.000429, 0.943, 0.0615, 75.099] 2THkowLoyxEYu2NP3Nuffx
[0.262, 0.836, 9, -7.243, 0.0963, 8e-06, 0.343, 0.279, 0.463, 160.555] 6qn5Ysxo9H4z4QgEvwg1SK
[0.41, 0.306, 2, -12.569, 0.0363, 0.93, 1.67e-06, 0.105, 0.28, 135.132] 7hBmPpU2plJc74amfz6lOy
[0.408, 0.389, 2, -10.681, 0.027, 0.915, 0.148, 0.271, 0.493, 98.516] 4He4T440HuiOE0pAgLWYOm
[0.489, 0.616, 7, -7.19, 0.0323, 0.00748, 0.841, 0.107, 0.225, 152.022] 6Rhw2pbRt6ZU8USiR0nx5W
[0.541, 0.309, 0, -13.354, 0.029, 0.646, 0.473, 0.122, 0.395, 139.715] 3kK2DCW85mxXaFeL0wCvRc
[0.226, 0.106, 3, -19.133, 0.0414, 0.883, 6.6e-05, 0.691, 0.0661, 72.419] 3rCLRTc8qHYWZBoEbmbOhS
[0.615, 0.283, 2, -10.589, 0.0586, 0.882, 0, 0.0664, 0.512, 133.363] 2IPaarsdmLFyLRaCRAUO7H
[0.291, 0.261, 5, -12.863, 0.0779, 0.945, 0.00112, 0.0791, 0.099, 81.886] 7oTzcDjsKEIy4VsSrhjvhM
[0.193, 0.0836, 6, -21.651, 0.0566, 0.994, 5.6e-05, 0.111, 0.0327, 75.76] 0Qm06cwZ6OlXEU1F7wSnPC
[0.35, 0.29, 0, -12.676, 0.0545, 0.97, 0.00117, 0.0783, 0.0706, 119.291] 0av7QR1BChw068FBKQd0Bt
[0.272, 0.346, 0, -14.01, 0.0317, 0.926, 0.931, 0.0772, 0.24, 79.773] 3By9jCy6b4dv5XnlhvIWwx
[0.328, 0.184, 0, -19.244, 0.0316, 0.905, 0.406, 0.0961, 0.199, 80.523] 4UVwbnxKEzPGOuAtSEt2ic
[0.162, 0.102, 2, -23.315, 0.036, 0.932, 0.9, 0.17, 0.0445, 131.626] 69RoAhDqFOiQb2pQvb24Ii
[0.208, 0.213, 3, -15.567, 0.0409, 0.971, 0.00574, 0.0412, 0.107, 85.094] 1m39fgAKhRhSkHC7L5ZrwP
[0.386, 0.0738, 2, -19.369, 0.0433, 0.839, 0.947, 0.155, 0.172, 142.499] 4rjnWmrSRqXVkFWdKMG3pV
[0.228, 0.071, 5, -25.351, 0.0393, 0.978, 0.287, 0.188, 0.0344, 68.085] 2ZIa0YB2DUWj0QJkninXHa
[0.168, 0.283, 9, -20.918, 0.035, 0.93, 0.625, 0.145, 0.314, 86.707] 6c5NRNVZhib0Hb4MuqTIgu
[0.361, 0.264, 0, -21.525, 0.0428, 0.958, 0.000443, 0.171, 0.174, 97.947] 6sbtE5aZOVucEbECqcKWAc
[0.193, 0.145, 10, -21.497, 0.0389, 0.921, 0.0238, 0.0963, 0.0582, 117.053] 4XMOufomxTn9Yf5WGzYIuY
[0.109, 0.167, 4, -18.669, 0.0382, 0.91, 0.92, 0.109, 0.0692, 86.554] 2xizRhme7pYeITbH1NLLGt
[0.231, 0.293, 2, -16.896, 0.0369, 0.839, 0.00597, 0.215, 0.312, 106.551] 4LF6z5PPsNqbhHAI3C2fdq
[0.0846, 0.0893, 5, -22.764, 0.0364, 0.949, 0.49, 0.124, 0.0345, 83.977] 1SZnBSrBdPYqmheYhUP4IQ
[0.139, 0.126, 5, -26.847, 0.0491, 0.905, 0.000748, 0.0805, 0.099, 79.14] 3DiaUt7BWWHwBxDwPywW40
[0.171, 0.331, 9, -19.681, 0.0462, 0.951, 0.709, 0.0642, 0.0667, 133.644] 2aSr260gt4NZouxdTxYXR5
[0.159, 0.124, 3, -22.461, 0.0337, 0.956, 0.167, 0.116, 0.0387, 95.661] 0mUANHmEkmtVdTeAELkJau
[0.0985, 0.0496, 2, -29.834, 0.0501, 0.979, 0.0029, 0.0861, 0.112, 81.846] 51LUuKBiOxcCq3nLjLfkAR
