[0.872, 0.663, 9, -8.834, 0.0759, 0.00389, 0.0725, 0.834, 0.304, 126.019] 1tRLXy4R5YDnwATpNIkz1R
[0.675, 0.823, 1, -6.534, 0.0887, 0.0131, 0.0147, 0.0981, 0.131, 125.995] 5TLCWDk3OqCe9mTPEJFbgU
[0.783, 0.957, 11, -5.993, 0.0385, 0.000163, 0.843, 0.316, 0.432, 126.023] 4grSCKzUQcypbNq26xQFGS
[0.743, 0.931, 10, -8.115, 0.0502, 0.000353, 0.926, 0.118, 0.503, 126.0] 6zNCNMqkT7pCpmV4q6Z7F3
[0.732, 0.941, 11, -6.817, 0.127, 0.00328, 0.88, 0.0624, 0.259, 124.006] 7v5T0J6hKyCUHNi7WVcIeB
[0.668, 0.878, 4, -7.931, 0.0409, 0.00071, 0.823, 0.11, 0.0906, 126.001] 4OznHZcacATlaRTVtFGipp
[0.873, 0.752, 8, -7.983, 0.0507, 0.000351, 0.837, 0.435, 0.271, 128.005] 6AE3rM46lkz2LeJ9hESMkS
[0.706, 0.785, 1, -8.901, 0.0394, 0.000658, 0.788, 0.0391, 0.236, 125.306] 1j5BvC67aRkHaqX93G0Et4
[0.772, 0.972, 7, -8.636, 0.0586, 0.000373, 0.909, 0.0788, 0.04, 128.001] 6JyecpuIbAjVz0pIqhsQKP
[0.715, 0.943, 1, -7.175, 0.0394, 0.00128, 0.785, 0.051, 0.362, 124.998] 0VdfzITs0Z8QGfMrGsEva6
[0.707, 0.865, 1, -11.126, 0.0523, 0.00633, 0.874, 0.201, 0.439, 126.011] 1CliW2Z02UB0WyBA0A5d2p
[0.8, 0.744, 0, -10.596, 0.0548, 0.000626, 0.915, 0.0866, 0.454, 125.0] 2TQYGgXdTf1Ne7cTbPKNT2
[0.713, 0.862, 11, -6.48, 0.0637, 0.00182, 0.893, 0.458, 0.322, 124.963] 0yz4UPbRj34EyTqtSAQ1Md
[0.801, 0.937, 0, -7.197, 0.0444, 0.000174, 0.936, 0.0826, 0.426, 126.011] 2bwOVUDNy401PVWZ3NcQPv
[0.719, 0.819, 6, -7.301, 0.0415, 0.00636, 0.704, 0.0562, 0.198, 126.019] 5GmmdaAnlz8vnxVKdSskm6
[0.676, 0.916, 7, -5.863, 0.0537, 0.000235, 0.846, 0.405, 0.41, 127.984] 6yK08jE8fj0TB6gy22fr1s
[0.708, 0.669, 8, -11.273, 0.0391, 0.00146, 0.867, 0.117, 0.129, 125.994] 44KvFpn58C3cWJmli791aA
[0.79, 0.688, 2, -7.714, 0.0794, 0.00252, 0.885, 0.108, 0.15, 125.314] 24EeugGPP8Ag47QCBuanBM
[0.762, 0.959, 2, -7.529, 0.0387, 0.000152, 0.901, 0.0656, 0.618, 126.01] 0Kp7NQg6sbY8FECT8ZJEPq
[0.855, 0.674, 5, -11.657, 0.0572, 0.0216, 0.82, 0.099, 0.28, 125.039] 3aD3tHLhWow2X5XAXE1JGa
[0.724, 0.491, 7, -15.004, 0.0934, 0.00465, 0.907, 0.21, 0.21, 123.0] 4LTmLIB3PUjcm0XSXtE7Gb
[0.922, 0.808, 5, -5.691, 0.25, 0.00833, 0.751, 0.196, 0.336, 126.005] 3Op0xltWSIgTa0LqoTXHYM
[0.74, 0.867, 0, -8.263, 0.049, 0.00241, 0.864, 0.109, 0.117, 126.025] 2RYXIub6galQu4eHYfCLoS
[0.806, 0.989, 8, -5.91, 0.0623, 0.00178, 0.928, 0.086, 0.852, 123.652] 4hlZzkyITnQRtLgtEfmV32
[0.837, 0.753, 11, -4.865, 0.0535, 7.22e-05, 0.797, 0.0692, 0.332, 126.0] 3eFwl2FMib4h0HNpqF91XR
[0.808, 0.678, 1, -9.171, 0.0972, 0.000155, 0.92, 0.0672, 0.772, 125.004] 6LpYVIbnOpRkhsiaTcdI1h
[0.539, 0.889, 5, -5.929, 0.156, 0.0153, 0.0637, 0.44, 0.32, 126.022] 3LalV7baoBmRiB8PMA6bA8
[0.803, 0.778, 7, -4.987, 0.0615, 0.00174, 0.907, 0.0902, 0.426, 128.027] 26I2U2wbHCZNoWLD4ACasZ
[0.682, 0.855, 7, -7.138, 0.0302, 5.91e-06, 0.924, 0.0801, 0.144, 130.001] 4oidv15NPdO7Ax82QjDcPS
[0.767, 0.938, 11, -11.033, 0.0599, 0.00221, 0.887, 0.585, 0.774, 139.842] 1VCNfG8FfBSDZQkFKz2qkZ
[0.703, 0.96, 5, -6.235, 0.278, 0.0591, 0.0752, 0.188, 0.298, 126.003] 1pkLPZ5MmmsiSt213WOxsz
[0.688, 0.858, 7, -7.648, 0.0431, 0.00195, 0.88, 0.318, 0.139, 128.033] 5CRUYbExDj1jaqhhY0oxrQ
[0.562, 0.63, 9, -11.424, 0.0365, 0.00139, 0.85, 0.103, 0.114, 143.978] 2QxsG9A4mi2KGy1sLoBzKW
[0.672, 0.856, 6, -8.97, 0.0499, 0.0121, 0.6, 0.0514, 0.678, 129.338] 7E41UKPKRvMdXnpiEuoYyD
[0.793, 0.989, 6, -10.621, 0.0474, 3.31e-06, 0.945, 0.104, 0.39, 126.015] 6HFBaq9J7G5ZBS1EGqJtQY
[0.592, 0.936, 1, -5.657, 0.0371, 0.00561, 0.701, 0.0389, 0.844, 131.001] 6uPLjp4knbyjBc50u4lAoR
[0.629, 0.998, 1, -6.39, 0.0488, 0.000121, 0.856, 0.286, 0.913, 127.444] 6N6VS0yRACdJwG839iY5Vy
[0.803, 0.9, 11, -6.417, 0.0569, 0.0518, 0.86, 0.0911, 0.306, 127.983] 4WJbgaoVOyizfxj0dlRdu4
[0.797, 0.886, 1, -8.238, 0.0582, 0.00484, 0.858, 0.0528, 0.37, 129.99] 3PjLW7c8SL5i1WqJG7maxx
[0.766, 0.78, 1, -9.35, 0.074, 0.00249, 0.911, 0.103, 0.0579, 124.997] 4aqsKyM7czAPQIumTf0XKk
[0.489, 0.827, 0, -5.69, 0.0335, 0.00178, 0.907, 0.339, 0.0773, 140.02] 0AEnyamjee0dmiGL0l2l9F
[0.675, 0.958, 6, -5.973, 0.0494, 0.00117, 0.806, 0.307, 0.283, 130.508] 6ID8zijDANRAp4n6N5k5rI
[0.755, 0.899, 1, -7.782, 0.0483, 2.59e-05, 0.903, 0.127, 0.243, 130.012] 7u9e6dKWM2A4h6vontrBGo
[0.618, 0.618, 5, -13.988, 0.0338, 0.0045, 0.912, 0.133, 0.62, 132.028] 5JvKl4fucGIshoTKu5UUAb
[0.715, 0.963, 1, -10.108, 0.086, 0.0474, 0.899, 0.108, 0.56, 123.005] 6dI1yZ58tGBEzKocklczBz
[0.503, 0.948, 7, -5.646, 0.0456, 0.00298, 0.207, 0.361, 0.409, 133.278] 1KvXcGONuPcyjWtZGdRDGz
[0.8, 0.69, 10, -10.183, 0.128, 3.45e-05, 0.937, 0.0933, 0.0566, 126.012] 23HtC3q5aDK3Ld09qHca6h
[0.605, 0.888, 0, -6.366, 0.0412, 0.0134, 0.96, 0.312, 0.673, 132.481] 0xbaUTWWSmOEu1niJxQLDj
[0.791, 0.56, 10, -12.534, 0.0653, 0.0295, 0.554, 0.347, 0.233, 126.028] 0Qmub1ugg1jgXTKiaOKmFm
[0.623, 0.952, 10, -7.376, 0.053, 0.0373, 0.879, 0.309, 0.664, 129.243] 48Zy32hUvbH6vEexuCePfQ
[0.655, 0.94, 5, -10.037, 0.0537, 0.0169, 0.787, 0.0874, 0.533, 121.993] 7Ev5JYoPgdw90cVTqkgrgA
[0.805, 0.823, 11, -9.172, 0.0621, 0.00303, 0.674, 0.106, 0.442, 123.993] 7IOrgt34ORGDthqfeLXUdt
[0.773, 0.982, 4, -6.306, 0.0736, 0.016, 0.892, 0.0953, 0.266, 125.989] 33xldu3o8AUpt6qMejHpuO
[0.678, 0.587, 11, -6.756, 0.42, 0.00782, 0.941, 0.543, 0.182, 126.01] 6pTDjJzSJaciuxfx9lW8hg
[0.616, 0.798, 1, -7.447, 0.0574, 7.65e-05, 0.923, 0.113, 0.628, 126.979] 2VbcGsYXn3sZcxMYIL1mt8
[0.791, 0.673, 10, -10.111, 0.0535, 0.00797, 0.839, 0.112, 0.0437, 124.0] 596B1XCTskyosyXkTrmTEj
[0.689, 0.863, 7, -9.837, 0.0352, 0.000385, 0.794, 0.0548, 0.952, 130.556] 2atyvzH4QfX2sGvh380UrG
[0.791, 0.565, 2, -8.288, 0.0688, 0.00253, 0.889, 0.128, 0.0807, 125.992] 02LRxXKh7JIFUlXmbOs1pw
[0.784, 0.588, 7, -3.199, 0.0517, 0.00183, 0.649, 0.614, 0.0573, 127.998] 7Igx57R3qEpn3XPmaINael
[0.761, 0.718, 11, -10.279, 0.0366, 0.00459, 5.95e-06, 0.0333, 0.876, 120.12] 2WpCr1ls4bjL54NAcN5DAA
[0.674, 0.587, 11, -6.655, 0.407, 0.00722, 0.929, 0.541, 0.156, 125.996] 6BdmHmozz9yi5sQFGuefru
[0.773, 0.982, 4, -6.306, 0.0736, 0.016, 0.892, 0.0953, 0.266, 125.989] 33xldu3o8AUpt6qMejHpuO
[0.606, 0.857, 6, -11.378, 0.0431, 4.1e-05, 0.923, 0.0576, 0.691, 124.001] 7utlRl7GaCEW9uoyt7mL6d
[0.617, 0.87, 9, -5.958, 0.0344, 1.15e-05, 0.888, 0.06, 0.335, 123.986] 3U2RTr0GMrrDQ7S4Loanxl
[0.769, 0.923, 7, -9.289, 0.0433, 0.00296, 0.88, 0.164, 0.281, 124.008] 3gBW8YpY82W3w9f2k9lQX9
[0.678, 0.587, 11, -6.756, 0.42, 0.00782, 0.941, 0.543, 0.182, 126.01] 6pTDjJzSJaciuxfx9lW8hg
[0.769, 0.71, 4, -4.583, 0.197, 0.559, 0, 0.398, 0.588, 129.867] 1xeLSOaNvDg68FGjIkJxkU
[0.611, 0.697, 2, -8.618, 0.133, 0.0193, 0, 0.332, 0.476, 122.752] 0DiWol3AO6WpXZgp0goxAV
[0.78, 0.888, 9, -4.878, 0.0716, 0.013, 0.00886, 0.785, 0.771, 98.984] 1xYiaH50bbhvYXLQMmbjpY
[0.884, 0.559, 0, -7.442, 0.12, 0.0236, 0, 0.101, 0.342, 97.994] 5IaHrVsrferBYDm0bDyABy
[0.853, 0.56, 1, -4.961, 0.0406, 0.013, 0, 0.0944, 0.86, 134.066] 0KKkJNfGyhkQ5aFogxQAPU
[0.752, 0.888, 5, -4.952, 0.0828, 0.0302, 0, 0.253, 0.603, 123.964] 5LgFeUn0Jx8UVkPlrMbTOc
[0.714, 0.859, 5, -4.634, 0.0372, 0.0556, 0, 0.118, 0.755, 95.034] 6ECp64rv50XVz93WvxXMGF
[0.803, 0.851, 7, -2.429, 0.0357, 0.00485, 0.000358, 0.0577, 0.881, 113.996] 3PNOYDruQplC92lNc7mE9W
[0.788, 0.728, 5, -5.123, 0.0295, 0.00325, 0.23, 0.0979, 0.936, 105.983] 0jGVEPscW8KmqktoHqv2Pa
[0.72, 0.808, 6, -5.627, 0.0379, 0.00793, 0.0293, 0.0634, 0.869, 126.041] 49X0LAl6faAusYq02PRAY6
[0.632, 0.92, 2, -4.976, 0.0531, 0.119, 0.508, 0.114, 0.363, 127.001] 7kXmJwrZGIhDaLT9sNo3ut
[0.822, 0.743, 1, -2.038, 0.0451, 0.213, 0.0103, 0.0957, 0.78, 98.005] 2m2ZGfJcs3lHWNPzhWH3XH
[0.718, 0.761, 7, -8.898, 0.054, 0.121, 0, 0.122, 0.647, 125.985] 6HJpRs15t69hbKxIhlWwgC
[0.681, 0.788, 1, -4.323, 0.0785, 0.0482, 0, 0.0753, 0.839, 170.019] 33bnxcjePIkcmNjEFTJX0l
[0.686, 0.807, 1, -3.324, 0.0613, 0.0481, 0, 0.0652, 0.63, 183.971] 2zDj4WjbNDmrRL6Z4YjjCA
[0.659, 0.843, 6, -7.039, 0.094, 0.0586, 1.2e-06, 0.0802, 0.745, 178.869] 4fXBKW9Xt9oSb7qRvVoU9Y
[0.682, 0.778, 1, -9.476, 0.0462, 0.201, 0, 0.743, 0.873, 90.024] 79WhK5ycJRVwjccOISnLqL
[0.767, 0.988, 5, -8.887, 0.206, 0.218, 2.47e-05, 0.965, 0.228, 107.018] 4CjIcnA8fpJEM1V0BlPyqw
[0.695, 0.796, 4, -6.057, 0.0361, 0.0174, 0, 0.0493, 0.652, 114.804] 2GggG2lQVYuus2aeAybe8M
[0.556, 0.393, 0, -10.427, 0.0319, 0.649, 0, 0.292, 0.604, 98.226] 5cINxgu1v3fvyngsKwtz2F
[0.667, 0.581, 1, -8.271, 0.059, 0.0218, 4.98e-05, 0.0808, 0.96, 78.701] 4Q0y0SOAJ84PvR2Uu6tGXv
[0.383, 0.947, 1, -5.93, 0.0654, 0.0131, 0.697, 0.143, 0.0741, 103.512] 1Ic75bJnvNE3zpE7qZg7aA
[0.447, 0.434, 5, -13.612, 0.107, 0.00132, 4.26e-06, 0.0897, 0.461, 78.834] 7MsqNFqu9xdp1HzFgLQ8bt
[0.394, 0.622, 11, -7.932, 0.0302, 0.0505, 0.000163, 0.108, 0.144, 113.341] 43GjYlBkIaEW2laq9D4Rr0
[0.697, 0.809, 9, -8.197, 0.0302, 0.114, 0.000521, 0.183, 0.98, 125.941] 5nNmj1cLH3r4aA4XDJ2bgY
[0.691, 0.684, 7, -7.466, 0.0494, 0.000652, 0.00457, 0.106, 0.651, 87.309] 21DyCPJqQ8tzFCHJYX9Koz
[0.746, 0.602, 11, -8.825, 0.102, 0.0147, 0, 0.0688, 0.71, 86.586] 2dz5G8cubIlwFN6SJtj0rg
[0.767, 0.63, 0, -8.238, 0.039, 0.299, 0.00269, 0.0481, 0.944, 95.521] 51LZ2XHdETvNLQ6SKqTjWF
[0.806, 0.822, 9, -5.727, 0.376, 0.0828, 0, 0.141, 0.89, 96.067] 54ujGZRlMaAMFBel97ebyZ
[0.651, 0.859, 0, -9.828, 0.0563, 0.058, 0, 0.538, 0.597, 137.006] 0Xf9JFNGxsQ6TA2R9tsP9E
[0.831, 0.851, 7, -9.104, 0.0455, 0.000539, 0.34, 0.224, 0.987, 128.707] 1camCZXhYzMPgaeErfu2YT
[0.769, 0.71, 4, -4.583, 0.197, 0.559, 0, 0.398, 0.588, 129.867] 1xeLSOaNvDg68FGjIkJxkU
[0.55, 0.805, 2, -5.218, 0.0271, 0.0148, 4.33e-05, 0.105, 0.786, 79.168] 5c1QJAiC3773EwiZLwHf5x
[0.361, 0.519, 11, -10.02, 0.0594, 0.414, 0.0576, 0.845, 0.266, 170.562] 2p4FOWHHd2A6TBmTkdt1G0
[0.687, 0.387, 11, -9.842, 0.0273, 0.203, 0.000335, 0.0913, 0.602, 112.722] 2jEjxOyKqMpkcThWl697hf
[0.643, 0.806, 9, -8.822, 0.0311, 0.19, 0, 0.443, 0.95, 98.003] 4vssB91twyLrw1e4ZKL5Bv
[0.694, 0.77, 6, -5.335, 0.149, 0.176, 1.1e-05, 0.118, 0.163, 125.905] 0E9ZjEAyAwOXZ7wJC0PD33
[0.412, 0.902, 9, -11.6, 0.405, 0.0484, 0.131, 0.405, 0.422, 89.74] 0hCB0YR03f6AmQaHbwWDe8
[0.449, 0.901, 6, -7.711, 0.0526, 0.141, 0.0675, 0.128, 0.696, 125.148] 4MhTFsyqIJnjsOweVcU8ug
[0.648, 0.574, 5, -11.12, 0.106, 0.051, 0, 0.12, 0.557, 156.73] 3adQpYatYOsgAKr853t4mZ
[0.282, 0.605, 6, -4.916, 0.0294, 0.0047, 0.00144, 0.103, 0.0783, 103.929] 0RdUX4WE0fO30VnlUbDVL6
[0.47, 0.95, 9, -5.649, 0.0457, 0.00259, 0.453, 0.928, 0.813, 117.183] 69qKu7HJBpFMESIciFgVcg
[0.275, 0.721, 6, -6.222, 0.0359, 0.000702, 0.821, 0.0792, 0.184, 125.045] 3v2oAQomhOcYCPPHafS3KV
[0.757, 0.868, 9, -9.326, 0.062, 0.411, 0.00221, 0.355, 0.815, 138.923] 4OTw5splgMdlYklwHMHxLK
[0.694, 0.394, 0, -15.881, 0.0428, 0.0781, 0.000677, 0.247, 0.719, 104.126] 4gMgiXfqyzZLMhsksGmbQV
[0.545, 0.795, 6, -8.763, 0.0285, 0.101, 0.132, 0.116, 0.785, 90.0] 1gtHZr29U6Oil71yXqNO7j
[0.549, 0.722, 11, -11.729, 0.0283, 0.25, 0.0138, 0.11, 0.716, 103.885] 14XWXWv5FoCbFzLksawpEe
[0.553, 0.362, 4, -11.218, 0.0263, 0.0458, 6.01e-06, 0.075, 0.158, 142.352] 0nLiqZ6A27jJri2VCalIUs
[0.625, 0.433, 9, -12.963, 0.0366, 0.376, 0.00103, 0.248, 0.274, 93.04] 6VuUMo1TusnqBxLTnr3hOI
[0.417, 0.971, 0, -3.44, 0.0824, 0.000435, 4.97e-05, 0.407, 0.23, 131.949] 3GiR4PjHhndEYydE4ZvyOT
[0.853, 0.48, 8, -9.052, 0.0512, 0.0234, 0.000618, 0.0323, 0.815, 92.157] 6yyrsrci6u2nreFlhXSy3J
[0.889, 0.557, 9, -6.998, 0.103, 0.334, 0.000419, 0.251, 0.655, 125.963] 7u6a1GgYKhHAmJzkgf3Z9O
[0.732, 0.461, 1, -9.667, 0.0539, 0.328, 0, 0.407, 0.767, 157.414] 2CfWRsmVFEIJA3t5HBMvry
[0.791, 0.535, 7, -7.787, 0.0594, 0.12, 7.91e-06, 0.116, 0.892, 152.129] 1JnSbzq6O7UANgTyzUiPqu
[0.72, 0.472, 5, -7.471, 0.0488, 0.189, 1.95e-05, 0.176, 0.751, 80.021] 5uOEwG3uzNyykG6TPoYxFq
[0.788, 0.728, 5, -5.123, 0.0295, 0.00325, 0.23, 0.0979, 0.936, 105.983] 0jGVEPscW8KmqktoHqv2Pa
[0.478, 0.671, 7, -11.331, 0.031, 0.43, 0.2, 0.0749, 0.542, 97.179] 0p7V3ODZIt2sKnl4ZjUPyL
[0.476, 0.808, 7, -7.798, 0.0492, 0.0505, 1.18e-06, 0.419, 0.577, 140.05] 5zZ1A8oHO6YMltsO8xfz5j
[0.836, 0.768, 9, -11.779, 0.048, 0.00308, 0.000221, 0.148, 0.946, 121.931] 7JholUL3Iv83zpEY8CsuZf
[0.855, 0.682, 1, -6.617, 0.137, 0.12, 2.92e-06, 0.409, 0.876, 85.982] 5b86P2JR5RpaAtaN6zNeBd
[0.856, 0.761, 6, -8.087, 0.0377, 0.305, 0, 0.0694, 0.823, 125.021] 6Un3dTa1Ok4or8A0PR962k
[0.69, 0.911, 6, -9.075, 0.0499, 0.0133, 0.907, 0.127, 0.611, 124.019] 7uHK8XIzLTEsKb5ArGlq5K
[0.839, 0.647, 6, -10.958, 0.0671, 0.00557, 0.734, 0.101, 0.289, 124.516] 0dExryBbtg6dniTlKV8CPy
[0.773, 0.982, 4, -6.306, 0.0736, 0.016, 0.892, 0.0953, 0.266, 125.989] 33xldu3o8AUpt6qMejHpuO
[0.645, 0.574, 11, -7.724, 0.225, 0.00114, 0.926, 0.0896, 0.12, 126.002] 14sce2fWlDwaQ1waDJgFQw
[0.616, 0.798, 1, -7.447, 0.0574, 7.65e-05, 0.923, 0.113, 0.628, 126.979] 2VbcGsYXn3sZcxMYIL1mt8
[0.791, 0.565, 2, -8.288, 0.0688, 0.00253, 0.889, 0.128, 0.0807, 125.992] 02LRxXKh7JIFUlXmbOs1pw
[0.791, 0.673, 10, -10.124, 0.0526, 0.0076, 0.834, 0.11, 0.0461, 124.005] 4ZaztiDUGaN4DX0Gv3JFDp
[0.785, 0.892, 10, -7.358, 0.0456, 5.25e-05, 0.857, 0.0504, 0.407, 125.995] 4MDYzeLxVCLC8VQHUraPhx
[0.693, 0.899, 7, -7.294, 0.0336, 0.000107, 0.742, 0.0567, 0.945, 130.425] 1nMPAoLnWTBuxH4G5236Ip
[0.784, 0.588, 7, -3.199, 0.0517, 0.00183, 0.649, 0.614, 0.0573, 127.998] 6sphwyx4d1ypD6wr76FyzV
[0.761, 0.718, 11, -10.279, 0.0366, 0.00459, 5.95e-06, 0.0333, 0.876, 120.12] 2WpCr1ls4bjL54NAcN5DAA
[0.674, 0.587, 11, -6.655, 0.407, 0.00722, 0.929, 0.541, 0.156, 125.996] 6BdmHmozz9yi5sQFGuefru
[0.811, 0.827, 6, -6.532, 0.0366, 2e-05, 0.939, 0.155, 0.769, 122.552] 2oFTwusAzf2eddnge73Bc6
[0.672, 0.781, 7, -11.458, 0.0452, 0.00323, 0.819, 0.438, 0.0856, 125.001] 2lb97V8r86d67AgRcPQ3Cj
[0.828, 0.902, 4, -7.852, 0.0577, 0.00227, 0.855, 0.0795, 0.348, 124.003] 2RdEDZ6c6DGu6gdWWivnLd
[0.773, 0.982, 4, -6.306, 0.0736, 0.016, 0.892, 0.0953, 0.266, 125.989] 33xldu3o8AUpt6qMejHpuO
[0.828, 0.767, 3, -9.631, 0.0489, 0.00168, 0.335, 0.139, 0.198, 124.506] 5tMGD1Q0dE5IgVkUs9xCtW
[0.818, 0.882, 11, -8.481, 0.0449, 1.33e-05, 0.936, 0.0977, 0.0836, 123.022] 0aSw3AwRDzZUxjd8EeqHZz
[0.801, 0.887, 0, -8.385, 0.0652, 9.55e-05, 0.824, 0.0803, 0.256, 123.023] 3plcpgEa87LQSQnrEYooQH
[0.69, 0.911, 6, -9.075, 0.0499, 0.0133, 0.907, 0.127, 0.611, 124.019] 7uHK8XIzLTEsKb5ArGlq5K
[0.766, 0.962, 4, -7.098, 0.0483, 0.000727, 0.785, 0.113, 0.531, 127.995] 06dUtiQ72a4fBne1gwY7BQ
[0.791, 0.673, 10, -10.124, 0.0526, 0.0076, 0.834, 0.11, 0.0461, 124.005] 4ZaztiDUGaN4DX0Gv3JFDp
[0.753, 0.751, 0, -9.372, 0.0535, 3.96e-05, 0.748, 0.0783, 0.898, 130.41] 6gv02BqPCsOQz5QQ4jnNOY
[0.748, 0.783, 0, -9.115, 0.0527, 0.000757, 0.528, 0.09, 0.929, 130.376] 4sy45X8Jo15DxjDDpDkInF
[0.6, 0.878, 10, -5.928, 0.0732, 0.0039, 0.844, 0.102, 0.728, 127.982] 3lJeTZfTCph1FtS0km4lsp
[0.655, 0.94, 5, -10.037, 0.0537, 0.0169, 0.787, 0.0874, 0.533, 121.993] 7Ev5JYoPgdw90cVTqkgrgA
[0.616, 0.798, 1, -7.447, 0.0574, 7.65e-05, 0.923, 0.113, 0.628, 126.979] 2VbcGsYXn3sZcxMYIL1mt8
[0.784, 0.588, 7, -3.199, 0.0517, 0.00183, 0.649, 0.614, 0.0573, 127.998] 7Igx57R3qEpn3XPmaINael
[0.761, 0.718, 11, -10.279, 0.0366, 0.00459, 5.95e-06, 0.0333, 0.876, 120.12] 2WpCr1ls4bjL54NAcN5DAA
[0.681, 0.964, 1, -2.805, 0.0462, 0.0288, 0.000775, 0.0686, 0.848, 129.989] 0Hvtt243f9r4HEIJK0zpyt
[0.76, 0.886, 9, -5.356, 0.0258, 0.0219, 7.43e-06, 0.623, 0.78, 123.002] 7icHQ0UDRFe98tfvI0yyhL
[0.692, 0.896, 10, -6.298, 0.0637, 0.0764, 0.00194, 0.157, 0.804, 121.999] 77qMKFGYxGZewgRXdR8cbF
[0.698, 0.88, 8, -6.014, 0.0457, 0.00502, 0.631, 0.171, 0.592, 124.008] 1tm9XDuEiIOr82tUBW36Wd
[0.708, 0.904, 6, -4.899, 0.0407, 0.0863, 0.000179, 0.174, 0.75, 125.003] 03a5Tg0MpG0zeQ4NsIblRF
[0.818, 0.595, 8, -7.644, 0.0515, 0.00014, 0.575, 0.0612, 0.729, 119.99] 0idc0XRnLRovVqpWnGQ6hC
[0.653, 0.756, 0, -7.794, 0.0366, 0.00364, 0.00651, 0.089, 0.42, 120.82] 4r8hRPbidDIoDPphxi78aY
[0.609, 0.885, 0, -5.469, 0.0642, 0.00521, 1.15e-05, 0.336, 0.76, 124.959] 483XiZ5o13Cc1zoWV7jGml
[0.768, 0.567, 2, -7.046, 0.0312, 0.66, 0.000277, 0.07, 0.471, 117.974] 5afHIkEcVhCF1Z1CTqMUXB
[0.791, 0.574, 0, -7.061, 0.0673, 0.324, 0, 0.102, 0.406, 122.053] 2rWisQk9hxSap9ZtTx45sv
[0.657, 0.757, 0, -5.257, 0.0584, 0.428, 0, 0.0728, 0.672, 122.056] 6n7rJUcwmQDestMYXoSoZF
[0.683, 0.822, 5, -4.984, 0.095, 0.468, 0.000308, 0.186, 0.155, 119.054] 5BFFWaGweYIYrtOlKHqPRr
[0.635, 0.87, 6, -5.449, 0.0334, 0.000915, 0.0639, 0.0471, 0.667, 124.024] 3mCk9fs0OeVi4J9aV5d5Jv
[0.695, 0.796, 7, -5.199, 0.0548, 0.00251, 0.117, 0.664, 0.297, 124.986] 71EnloViXmSKrQkrkaYFxF
[0.626, 0.922, 5, -4.532, 0.0373, 0.0807, 1.62e-05, 0.147, 0.652, 124.98] 1bVk409hTFVAmFqKtj4zai
[0.803, 0.858, 10, -4.019, 0.0538, 0.0111, 0.096, 0.0766, 0.862, 121.989] 3g52QTF7u7dYUEB0DswE2V
[0.686, 0.928, 11, -4.335, 0.0366, 0.113, 0, 0.0457, 0.592, 123.978] 3ciyZYofjiqmMUElM5qgGB
[0.636, 0.815, 5, -5.098, 0.0581, 0.0185, 0, 0.163, 0.636, 123.063] 5tf1VVWniHgryyumXyJM7w
[0.599, 0.869, 0, -3.697, 0.0789, 0.0525, 0.00719, 0.103, 0.593, 108.061] 0QQG0RovnsfKUdHJIsJ39f
[0.683, 0.943, 9, -3.6, 0.0397, 0.00422, 0.0978, 0.0355, 0.707, 118.99] 2cNCaMkur4qF0lNwJWBf6b
[0.472, 0.911, 0, -1.552, 0.163, 0.154, 0, 0.382, 0.17, 177.046] 2qH8xsP64uZMQY4a5HjLVn
[0.849, 0.962, 1, -0.919, 0.0406, 0.00138, 0.496, 0.0521, 0.769, 127.021] 27jlzHjFeGg8HLmyzXaigL
[0.616, 0.981, 11, -3.3, 0.256, 0.00673, 0, 0.279, 0.724, 126.113] 4X3DTWKa5uAqcUPlVQBgcC
[0.595, 0.693, 7, -6.6, 0.0327, 0.0045, 0.132, 0.333, 0.413, 130.982] 2yOuGDHSfMia4niyT8zTMh
[0.727, 0.936, 7, -5.347, 0.0737, 0.00416, 1.94e-05, 0.7, 0.653, 124.989] 56QCGK2tyUmlma8k94zLal
[0.762, 0.937, 9, -4.787, 0.0751, 0.0504, 0.00436, 0.23, 0.546, 128.021] 4uOrSlPJOfhibX5Mw6IUke
[0.902, 0.685, 10, -6.54, 0.0566, 0.111, 0.00374, 0.0994, 0.672, 125.01] 3zIZJyBwLTmQMCYUbbaNS3
[0.733, 0.673, 9, -6.572, 0.0333, 0.0132, 0.0049, 0.16, 0.636, 125.064] 6iznpTNBnljkbP0WtAfn50
[0.809, 0.562, 11, -7.694, 0.0534, 0.0816, 0.000418, 0.105, 0.798, 130.003] 6cckkNz643s6DcIBdEuPDd
[0.764, 0.925, 1, -1.969, 0.0762, 0.00283, 0.171, 0.194, 0.586, 127.95] 0pJ58HJso6HgcOEFx8YdX4
[0.554, 0.916, 0, -1.926, 0.0434, 0.0677, 0, 0.0459, 0.83, 117.993] 69lthMmNtlYX3woh9LK3yx
[0.627, 0.943, 0, -6.178, 0.152, 0.00585, 0, 0.0809, 0.782, 130.013] 7fnC4ISLwxgiHNLDPmA2Bh
[0.779, 0.963, 2, -2.125, 0.0399, 0.0334, 0.493, 0.664, 0.759, 127.941] 36cmM3MBMWWCFIiQ90U4J8
[0.62, 0.881, 1, -5.851, 0.0372, 0.0585, 0.714, 0.311, 0.415, 126.035] 0JhKJg5ejeQ8jq89UQtnw8
[0.562, 0.811, 4, -4.355, 0.0416, 0.0082, 0.000286, 0.0765, 0.211, 127.029] 4JkTBX2CeF26yTmaCTYWW2
[0.707, 0.924, 7, -2.842, 0.031, 0.000972, 0.00703, 0.204, 0.919, 127.937] 1gihuPhrLraKYrJMAEONyc
[0.732, 0.923, 11, -4.156, 0.0525, 0.0234, 0.0003, 0.129, 0.771, 126.988] 4ycxTFeO4ZADJwJZaMGMYb
[0.733, 0.558, 0, -5.129, 0.179, 0.00938, 0.421, 0.0655, 0.448, 126.001] 38p5XtUGu6YoPiwS9rsuzB
[0.612, 0.84, 11, -3.145, 0.0509, 0.112, 0, 0.116, 0.438, 129.042] 2V65y3PX4DkRhy1djlxd9p
[0.528, 0.964, 4, -1.523, 0.0413, 0.00658, 0.00147, 0.188, 0.483, 175.038] 17LKGWk0ZnWTGv2GfM1dUj
[0.583, 0.942, 11, -3.827, 0.0473, 0.0022, 0.00325, 0.0912, 0.607, 126.136] 1ztbs9oxLOfYcDr5xL8loQ
[0.581, 0.93, 4, -3.904, 0.104, 0.185, 5.16e-05, 0.0459, 0.566, 127.979] 6GuwQACz8ZNl5egtgtuJ2D
[0.85, 0.775, 11, -5.587, 0.251, 0.0116, 0.000162, 0.0752, 0.653, 125.991] 31QgFweZbkZuWBOso1DKLs
[0.671, 0.905, 4, -2.59, 0.0612, 0.00659, 0.000425, 0.22, 0.739, 128.023] 2XERAvP5rto44nAuJE2Rni
[0.414, 0.707, 1, -6.531, 0.233, 0.0117, 0.000273, 0.0691, 0.536, 182.955] 2rii3qbrh96XDqMhs6cLlg
[0.596, 0.727, 3, -7.071, 0.0597, 0.00506, 0.16, 0.0847, 0.235, 125.968] 0qTw7kEFpNdECY7jRCg54v
[0.741, 0.418, 11, -3.058, 0.0488, 0.174, 0.206, 0.0796, 0.713, 138.076] 1LC6p9xSpZBogQMqlWZ5SZ
[0.465, 0.639, 7, -7.259, 0.0632, 0.0169, 0.00261, 0.155, 0.136, 159.044] 0mq8gFHMpr9Pc1603T7cdS
[0.416, 0.849, 1, -4.909, 0.0455, 0.00864, 0.000138, 0.204, 0.147, 125.098] 34NNeV9jfgNgaALgUr0u9V
[0.532, 0.783, 2, -5.697, 0.0523, 0.0038, 0.0012, 0.161, 0.643, 124.08] 6g1NlCpW7fgqDnWbCCDrHl
[0.544, 0.728, 6, -5.358, 0.05, 0.00264, 0.00959, 0.427, 0.281, 174.983] 666elemQTQGi8xbjAAdIgB
[0.567, 0.813, 1, -5.744, 0.0581, 0.0138, 9.03e-06, 0.125, 0.114, 126.044] 6D5pfooPP6hi99RaXjkDsP
[0.509, 0.79, 6, -3.782, 0.0374, 0.332, 6.67e-05, 0.316, 0.638, 127.946] 4q7dBdsALA5BSunzryc104
[0.701, 0.884, 10, -7.338, 0.0546, 0.00537, 0.0011, 0.402, 0.831, 120.002] 7mMaJKkvMKUB4KPtWjMQ8D
[0.695, 0.869, 8, -5.066, 0.0483, 0.41, 0, 0.237, 0.58, 124.989] 05SBRd4fXgn8FX7bf8BCAE
[0.665, 0.886, 9, -4.175, 0.0514, 0.0469, 6.24e-05, 0.0525, 0.53, 128.062] 1oHxIPqJyvAYHy0PVrDU98
[0.834, 0.819, 0, -7.989, 0.0841, 0.00212, 0.00306, 0.279, 0.513, 119.99] 39gkp66XFaY2hkC2RUzXyr
[0.583, 0.909, 1, -5.747, 0.035, 0.00118, 0.196, 0.077, 0.0356, 128.042] 21mnS0J0H0ZZsw32MRZa9a
[0.801, 0.985, 7, -2.69, 0.0647, 0.0205, 6.86e-06, 0.297, 0.72, 127.99] 6ThZMk79exIUyB7JIbbOH9
[0.509, 0.898, 7, -2.507, 0.0504, 0.0257, 0.00152, 0.123, 0.0483, 174.044] 2m7X3OyRIv3RwXbdBEexw7
[0.544, 0.915, 8, -3.405, 0.0841, 0.129, 0.000914, 0.115, 0.51, 126.094] 4J7CKHCF3mdL4diUsmW8lq
[0.748, 0.685, 6, -4.39, 0.0314, 0.123, 0, 0.113, 0.269, 125.041] 52gvlDnre9craz9dKGObp8
[0.523, 0.78, 8, -3.378, 0.0748, 0.0376, 0, 0.0751, 0.187, 128.003] 0VGrgE7GbWaINRnh1bR4k9
[0.764, 0.853, 1, -0.418, 0.115, 0.00331, 0.00417, 0.0354, 0.199, 164.025] 4eGpqzFtmDCf3GMz2yizav
[0.779, 0.929, 0, -4.734, 0.0652, 0.00683, 0, 0.146, 0.439, 125.001] 6TS6qQ2p86Fommh8siTpPT
[0.787, 0.954, 1, -2.174, 0.149, 0.0259, 4.22e-05, 0.624, 0.705, 112.019] 44GwuL8hcm4GxPqmUF42as
[0.599, 0.936, 7, -2.813, 0.0372, 0.126, 0.00896, 0.112, 0.369, 121.992] 3fr1qOXfJJjH3kHS8js5cQ
[0.682, 0.701, 0, -7.517, 0.0327, 0.0291, 0.000643, 0.298, 0.402, 121.989] 3ZrWmt3DGH75hItHp6uWLz
[0.677, 0.798, 4, -7.652, 0.0637, 0.014, 5.7e-05, 0.111, 0.409, 122.961] 41ZXQFAywncRjnDvtTMYPw
[0.837, 0.647, 5, -6.603, 0.0383, 0.0263, 0.0042, 0.0916, 0.604, 122.999] 7D8S2MxkahQaFK8IbfE6QQ
[0.685, 0.909, 10, -1.214, 0.0584, 0.0573, 3.88e-06, 0.33, 0.675, 124.963] 5Y3LTdywsMjLsuwTmNWGVO
[0.677, 0.753, 5, -7.038, 0.154, 0.0531, 0.0128, 0.333, 0.471, 121.939] 7IDbfk1mC7B0Hyozn799yv
[0.689, 0.663, 6, -5.04, 0.0335, 0.00273, 0.000489, 0.0903, 0.397, 121.998] 55XwN6pEAum4dFDiOtRI0q
[0.712, 0.787, 10, -4.56, 0.0594, 0.328, 0, 0.295, 0.668, 125.971] 5HG3mV4Fwh4es4HbI69pV3
[0.874, 0.67, 11, -6.064, 0.126, 0.165, 0, 0.185, 0.68, 124.011] 2SZy40PLDk3vFucXUGFCFA
[0.893, 0.582, 1, -7.529, 0.0431, 0.157, 0.00558, 0.102, 0.459, 126.044] 4xX7OsX8XTGWJgRxNNIaFT
[0.696, 0.743, 6, -3.838, 0.0331, 0.0778, 0, 0.0581, 0.644, 122.978] 1D3ODoXHBLpdxolZRHWV1j
[0.789, 0.807, 7, -5.417, 0.0504, 0.0134, 0.27, 0.055, 0.934, 127.996] 7JPZYBDynF6KlqJyLfTI3K
[0.507, 0.729, 11, -5.399, 0.0393, 0.0182, 1.4e-06, 0.0658, 0.272, 105.013] 6GyFP1nfCDB8lbD2bG0Hq9
[0.515, 0.902, 6, -4.729, 0.383, 0.0313, 0, 0.093, 0.628, 174.589] 6WWHtYGEr1KCD4rELMVvaM
[0.462, 0.668, 4, -9.658, 0.563, 0.831, 0, 0.636, 0.95, 86.993] 7vVxggpOQi3Vie7tfSDySF
[0.734, 0.725, 1, -8.965, 0.395, 0.403, 0, 0.133, 0.786, 139.967] 78gWgWOO4xjYbTbYimvBLQ
[0.607, 0.476, 10, -11.076, 0.249, 0.0773, 0, 0.113, 0.347, 122.976] 6F609ICg9Spjrw1epsAnpa
[0.804, 0.648, 7, -7.805, 0.117, 0.0573, 3.49e-05, 0.102, 0.392, 117.983] 11KJSRSgaDxqydKYiD2Jew
[0.923, 0.535, 9, -7.353, 0.301, 0.161, 0, 0.103, 0.74, 133.942] 2Vr6FETnu1h4ZoeU0f5XOS
[0.67, 0.838, 0, -4.031, 0.0362, 0.0604, 0.000611, 0.159, 0.717, 104.998] 78rIJddV4X0HkNAInEcYde
[0.741, 0.891, 7, -2.824, 0.119, 0.0437, 0, 0.256, 0.449, 102.002] 3cFsmM51N5zMAuu1nNY4Tw
[0.692, 0.866, 4, -6.717, 0.115, 0.0217, 2.55e-06, 0.147, 0.663, 123.141] 6HkxDV61YbCbXfjHj6euAz
[0.644, 0.749, 3, -6.361, 0.0414, 0.000267, 0.909, 0.258, 0.4, 122.983] 4a9wSUtly4f2bHSgHAvlRv
[0.803, 0.873, 9, -2.976, 0.0371, 0.0323, 0.0322, 0.0836, 0.728, 127.085] 6TyXieyAu2z51H6VMPKRI4
[0.701, 0.866, 2, -4.225, 0.0489, 0.559, 0.0503, 0.0928, 0.617, 128.994] 5n56ImOTTDbUORTq3Eyong
[0.528, 0.965, 11, -7.984, 0.0465, 0.141, 0.985, 0.0797, 0.587, 136.065] 6Sy9BUbgFse0n0LPA5lwy5
[0.669, 0.832, 1, -4.697, 0.0704, 0.0324, 0.00218, 0.343, 0.56, 127.959] 4acrpgt0ru7p8QWxyvYFtZ
[0.707, 0.874, 6, -2.829, 0.0466, 0.027, 0.00012, 0.625, 0.221, 99.99] 12QSZHaVzCJIDkvTG9Rm4F
[0.623, 0.654, 0, -5.675, 0.0372, 0.0545, 0, 0.0838, 0.401, 95.921] 0FuTx2s3YH1ppmtiM6l0zI
[0.673, 0.758, 7, -3.632, 0.158, 0.039, 0, 0.341, 0.542, 135.956] 0Hf4aIJpsN4Os2f0y0VqWl
[0.746, 0.846, 9, -2.432, 0.048, 0.0485, 0, 0.195, 0.403, 114.955] 1H3OGagCLSPueat8Hfg6ua
[0.785, 0.738, 6, -6.263, 0.0569, 0.00657, 0.00215, 0.32, 0.623, 119.983] 7IeUd3yFReKAY5v696h6PI
[0.705, 0.936, 4, -3.193, 0.0415, 0.00162, 0.000142, 0.335, 0.228, 119.982] 5SWXB6yNFEf1Dmqtw5zr9L
[0.578, 0.825, 1, -6.107, 0.322, 0.000986, 0, 0.176, 0.283, 130.089] 1ce3DvvGQn6hY2LMGMLCr5
[0.557, 0.397, 1, -8.019, 0.045, 0.194, 0.00186, 0.133, 0.127, 77.946] 7pWJEQ9Bmxy9DrWLxXRWNF
[0.631, 0.696, 1, -5.572, 0.348, 0.0192, 0, 0.0554, 0.621, 92.941] 3QHPHLAkYV5cQBUYs6rowx
[0.617, 0.708, 1, -7.873, 0.15, 0.00651, 0, 0.404, 0.462, 103.96] 7Fq36hMgjR37VnemOJVt9U
[0.789, 0.604, 6, -6.093, 0.0583, 0.00104, 4.51e-05, 0.0712, 0.398, 127.999] 6LuHcIZmMG5LU2hiqxscNb
[0.743, 0.77, 9, -5.738, 0.0989, 0.102, 0, 0.314, 0.308, 105.93] 1CJnWD3xbUiP3gEJwuVSsO
[0.821, 0.841, 5, -4.487, 0.122, 0.168, 0.0504, 0.0885, 0.59, 122.992] 6aQNsGH7p7VCFJ4zgO0MeY
[0.633, 0.941, 6, -4.189, 0.0362, 0.000337, 0.799, 0.936, 0.392, 127.98] 509wYKLVlMOLPHhkg4Es9N
[0.578, 0.941, 5, -2.452, 0.0835, 0.00547, 0.812, 0.412, 0.274, 125.986] 4nYqkWpr1PeBbhIEDuM8gG
[0.63, 0.928, 9, -2.787, 0.0331, 0.199, 0.124, 0.148, 0.465, 123.963] 0azC730Exh71aQlOt9Zj3y
[0.604, 0.903, 0, -4.231, 0.0449, 0.000176, 0.53, 0.0586, 0.078, 125.989] 6GCgCYxPAFvGq0B0JFN35k
[0.584, 0.54, 1, -7.786, 0.0576, 0.0895, 0, 0.261, 0.195, 137.972] 3ebXMykcMXOcLeJ9xZ17XH
[0.501, 0.519, 4, -5.88, 0.0409, 0.109, 0, 0.454, 0.168, 133.99] 23L5CiUhw2jV1OIMwthR3S
[0.63, 0.901, 3, -2.612, 0.101, 0.0467, 0.000239, 0.517, 0.567, 127.96] 2LsKvF1f5PVm18UZgQrwml
[0.546, 0.894, 8, -3.56, 0.0898, 0.459, 0.000106, 0.322, 0.387, 125.031] 68vezH3cT6dVOABipmGZ9R
[0.877, 0.706, 1, -6.897, 0.149, 0.0687, 0.00103, 0.0701, 0.752, 132.008] 5ci9QQ0tICXmx1hdiGJQuV
[0.791, 0.619, 1, -5.886, 0.0532, 0.00784, 0.00423, 0.351, 0.371, 103.989] 1xznGGDReH1oQq0xzbwXa3
[0.766, 0.442, 1, -8.558, 0.356, 0.000107, 6.12e-05, 0.111, 0.39, 201.8] 4Kz4RdRCceaA9VgTqBhBfa
[0.464, 0.417, 0, -9.345, 0.0256, 0.136, 0.022, 0.0974, 0.479, 67.528] 5XeFesFbtLpXzIVDNQP22n
[0.77, 0.787, 10, -4.402, 0.113, 0.0482, 0, 0.108, 0.699, 125.013] 6VRghJeP6I0w1KxkdWFfIh
[0.654, 0.751, 8, -7.508, 0.105, 0.244, 0.0179, 0.167, 0.568, 92.774] 7r6PigmGzlB3YPB7wvBBbi
[0.539, 0.907, 0, -4.757, 0.13, 0.0193, 0, 0.825, 0.553, 154.0] 2RUFzxyUlI36KKy9Agkqze
[0.546, 0.796, 1, -3.263, 0.0639, 0.0909, 2.73e-05, 0.19, 0.254, 142.123] 1XvHiCTd0MDb16S8bQNl74
[0.639, 0.628, 6, -7.578, 0.0399, 0.0381, 0, 0.386, 0.43, 90.482] 5GZ4znceWfpTLrBBpr83DW
[0.365, 0.662, 1, -2.849, 0.0467, 0.143, 0, 0.093, 0.279, 148.996] 39dLCLEDPoCbW9w4z90CMZ
[0.524, 0.846, 9, -4.912, 0.347, 0.0114, 0, 0.309, 0.551, 98.385] 2pRyjmTGkz5i8xemOtJ7pG
[0.65, 0.776, 6, -5.059, 0.139, 0.138, 0.00417, 0.27, 0.772, 88.89] 0t2myRMEMCi2SRyg5TEFLp
[0.768, 0.754, 8, -5.71, 0.0996, 0.0499, 1.21e-05, 0.0915, 0.654, 119.699] 2hCBe2wmPCxaLz5RZTqIG3
[0.494, 0.721, 2, -4.855, 0.0416, 0.107, 0, 0.119, 0.356, 128.1] 1YRjRHdl0aEtzHEn1uGi8k
[0.707, 0.629, 0, -4.581, 0.0563, 0.259, 1.6e-05, 0.138, 0.457, 122.863] 1x5sYLZiu9r5E43kMlt9f8
[0.736, 0.795, 1, -3.299, 0.0545, 0.498, 1.21e-06, 0.254, 0.511, 104.066] 6gpcs5eMhJwax4mIfKDYQk
[0.728, 0.858, 0, -3.866, 0.0457, 0.264, 0.000761, 0.158, 0.638, 122.01] 6O85MfGECKBqAK2MgSbCaj
[0.906, 0.625, 1, -6.779, 0.0903, 0.000243, 3.23e-05, 0.0975, 0.423, 150.018] 7ujx3NYtwO2LkmKGz59mXp
[0.853, 0.56, 1, -4.961, 0.0406, 0.013, 0, 0.0944, 0.86, 134.066] 0KKkJNfGyhkQ5aFogxQAPU
[0.818, 0.803, 1, -4.282, 0.0797, 0.034, 0, 0.153, 0.632, 106.97] 6b8Be6ljOzmkOmFslEb23P
[0.696, 0.817, 1, -3.862, 0.109, 0.075, 0, 0.187, 0.782, 98.064] 6kex4EBAj0WHXDKZMEJaaF
[0.687, 0.641, 1, -6.674, 0.125, 0.00645, 8.72e-06, 0.0987, 0.692, 104.695] 66PyuV6aCCTpN8F3PWOUo3
[0.754, 0.877, 4, -4.59, 0.079, 0.0876, 0, 0.219, 0.771, 115.021] 38Q8bp8VfCzCWWa0lPzCnB
[0.726, 0.89, 7, -4.123, 0.136, 0.00725, 0, 0.0762, 0.548, 98.006] 1Buen1HzrkOrgW69mYnFqg
[0.818, 0.705, 6, -6.679, 0.177, 0.00836, 0.00233, 0.613, 0.772, 138.559] 0d28khcov6AiegSCpG5TuT
[0.548, 0.532, 5, -7.596, 0.0323, 0.186, 0.000263, 0.217, 0.405, 85.03] 5FVd6KXrgO9B3JPmC8OPst
[0.654, 0.828, 1, -5.377, 0.0281, 0.00146, 0.000144, 0.122, 0.79, 112.056] 2x8evxqUlF0eRabbW2JBJd
[0.634, 0.599, 2, -5.447, 0.0365, 0.0288, 0, 0.197, 0.312, 112.215] 2fyIS6GXMgUcSv4oejx63f
[0.348, 0.875, 11, -4.758, 0.199, 0.0341, 0, 0.117, 0.407, 169.152] 2zzLRQ78kKfPTx8FJQCdC2
[0.611, 0.7, 9, -5.331, 0.0436, 0.0199, 0, 0.0549, 0.213, 104.981] 4OZEu0Vwq0RB2LAq14v99n
[0.575, 0.831, 0, -5.972, 0.0356, 0.00406, 0.000449, 0.111, 0.377, 127.991] 5M9jOReAKGZ2AttVefFjTY
[0.346, 0.916, 0, -3.588, 0.0703, 0.0331, 3.82e-06, 0.117, 0.249, 164.005] 3ixTiPABjqkBKPocxq6oIe
[0.679, 0.839, 0, -5.579, 0.0303, 0.000772, 0.00173, 0.0772, 0.566, 123.041] 1BMwsK4pa9KhiFmOp1oCjf
[0.752, 0.837, 11, -4.605, 0.298, 0.292, 0, 0.351, 0.508, 175.002] 611YAc4wOnH6494VMXfje7
[0.726, 0.769, 6, -5.043, 0.123, 0.0293, 0.0101, 0.104, 0.733, 97.985] 1F2HXIJrE2Xn81OzT2zZvW
[0.863, 0.844, 7, -9.863, 0.0489, 0.174, 0.00657, 0.104, 0.8, 122.967] 1DYwkcEHQrs81HA7CuVOoo
[0.911, 0.627, 8, -9.9, 0.0553, 0.0165, 0.00318, 0.136, 0.132, 122.974] 0z4tPuY0Y6KUFGhhAlare8
[0.645, 0.488, 9, -9.3, 0.0393, 0.158, 0.0855, 0.118, 0.114, 125.042] 7htf04U7Wx4NgP7bUyUxYF
[0.923, 0.954, 1, -4.575, 0.208, 0.00407, 0.844, 0.0493, 0.282, 128.03] 2T1Xemp92qxuUCAFBWfRrj
[0.741, 0.893, 0, -2.549, 0.0384, 0.0435, 3.19e-05, 0.0371, 0.733, 122.056] 5Xc74Dn1ZKH6H8XaVGOHXG
[0.61, 0.585, 11, -6.832, 0.362, 0.411, 0, 0.0947, 0.831, 106.791] 5lGjjLMuoo9kqnz9DEa3BK
[0.917, 0.705, 8, -7.722, 0.0953, 0.021, 0.0363, 0.0661, 0.358, 124.006] 1O9DK8TdSUxTtpE15jkQrS
[0.68, 0.913, 5, -2.343, 0.0844, 0.00565, 0, 0.288, 0.669, 121.961] 1ZQnV7ePl8yXoLjPfhWE5L
[0.684, 0.92, 1, -5.368, 0.0653, 0.00459, 0.000142, 0.51, 0.889, 123.024] 2fTDj49iRWC7RSj4zVr6yw
[0.687, 0.638, 8, -7.794, 0.0381, 0.00415, 2.19e-06, 0.0814, 0.412, 120.979] 1CGLurVTmoqp8fJoOTKWJ0
[0.76, 0.885, 7, -4.107, 0.0678, 0.0205, 0.000942, 0.0795, 0.623, 123.97] 3SD7hc30MJdcSadQgHUBWl
[0.779, 0.821, 7, -4.252, 0.198, 0.0757, 0, 0.0985, 0.846, 109.956] 3WbpDkcYXOgvQx4KEBl1f6
[0.853, 0.558, 1, -7.448, 0.202, 0.0462, 0, 0.341, 0.654, 142.079] 46gjYTEK7W8ZTABcglGP2f
[0.636, 0.566, 6, -7.16, 0.106, 0.365, 0.000353, 0.0917, 0.425, 151.894] 6LxSe8YmdPxy095Ux6znaQ
[0.629, 0.515, 0, -10.358, 0.265, 0.0267, 1.22e-05, 0.0888, 0.299, 121.845] 124NFj84ppZ5pAxTuVQYCQ
[0.925, 0.443, 1, -8.216, 0.264, 0.0172, 0, 0.276, 0.35, 136.078] 2jG6ifTWXk0AvonlgcXGgZ
[0.809, 0.463, 11, -11.377, 0.0396, 0.256, 0.085, 0.109, 0.364, 111.98] 7hDc8b7IXETo14hHIHdnhd
[0.834, 0.527, 7, -10.4, 0.193, 0.235, 0.00968, 0.632, 0.319, 105.86] 76gUmNLXGQVOsGhfcshkFP
[0.88, 0.543, 11, -7.088, 0.247, 0.0122, 0.311, 0.0554, 0.354, 123.991] 5CNhnh4WQQbalUlDO8LkkT
[0.772, 0.692, 1, -9.213, 0.0417, 0.0568, 1.23e-05, 0.0806, 0.568, 122.986] 7noZaUbqEM3Rq4cMF73Z3S
[0.775, 0.722, 1, -3.502, 0.0463, 0.151, 0.000724, 0.058, 0.649, 124.037] 3aLSrx8qhssXrh5yjB6oy9
[0.767, 0.934, 4, -3.057, 0.195, 0.104, 0, 0.0835, 0.895, 121.069] 0XfOi87h82i09rQjWYG0Bm
[0.611, 0.644, 6, -7.607, 0.0553, 0.124, 0, 0.124, 0.13, 105.969] 6jA8HL9i4QGzsj6fjoxp8Y
[0.738, 0.814, 7, -4.414, 0.0999, 0.132, 9.64e-06, 0.126, 0.483, 119.041] 3t3jU09SpgdtvSWX4VlDtQ
[0.865, 0.586, 8, -6.142, 0.0516, 0.294, 6.64e-06, 0.0753, 0.582, 113.034] 079gLi9aLvk79QNv3ovswu
[0.703, 0.868, 7, -4.661, 0.0291, 0.15, 0.132, 0.104, 0.733, 121.03] 39IsH7B5byx8NRlEKlZVg9
[0.885, 0.745, 11, -4.362, 0.0448, 0.0488, 0, 0.164, 0.778, 112.005] 2Slm8U9Ql1TlzHMC7gOCec
[0.756, 0.705, 11, -4.744, 0.0462, 0.0326, 0.0503, 0.0552, 0.962, 129.993] 34sGnIHB3ZthMvHpNX1i7e
[0.543, 0.677, 11, -4.915, 0.0993, 0.0148, 6.21e-06, 0.13, 0.294, 103.809] 2rb5MvYT7ZIxbKW5hfcHx8
[0.61, 0.836, 5, -4.455, 0.0573, 0.00374, 0, 0.358, 0.657, 126.059] 07WEDHF2YwVgYuBugi2ECO
[0.905, 0.677, 0, -5.703, 0.0677, 0.113, 1.2e-05, 0.0792, 0.788, 122.027] 2doKJ1UoqJ2uS2j3QeXNoP
[0.741, 0.818, 11, -6.575, 0.111, 0.0177, 7.03e-05, 0.116, 0.295, 122.02] 1ivfBAMUhcDaMEj1H1fYyi
[0.841, 0.834, 1, -5.399, 0.0578, 0.031, 0.838, 0.647, 0.822, 127.994] 0c3qRFUXtnkVndncVZtdHu
[0.641, 0.861, 6, -4.571, 0.0494, 0.129, 0.000207, 0.0544, 0.587, 170.083] 0HHvRJqPIoaCe934zxaM73
[0.76, 0.872, 10, -4.039, 0.227, 0.109, 0, 0.125, 0.695, 129.013] 5f2EPbaxFS84bseceQHlzd
[0.592, 0.818, 11, -5.014, 0.312, 0.136, 0, 0.0549, 0.31, 140.548] 6qNBbry1NkSfkFZf3hMZnq
[0.811, 0.577, 10, -7.769, 0.344, 0.0151, 0, 0.114, 0.37, 149.055] 4dVJyyeCPEONr44NIrXvie
[0.587, 0.726, 1, -6.263, 0.214, 0.216, 0, 0.0868, 0.248, 151.882] 66urf1ZXFy4qVKdNqcdbaZ
[0.799, 0.436, 1, -9.975, 0.379, 0.283, 0.000105, 0.0968, 0.311, 80.028] 1WIfWj5skn5UUZTs4cEFBe
[0.745, 0.359, 1, -10.429, 0.112, 0.192, 0.00628, 0.138, 0.55, 160.123] 2Uvy6SkNqxvnH1W68dymxG
[0.622, 0.87, 1, -5.325, 0.0952, 0.119, 3.89e-05, 0.437, 0.32, 140.014] 7M1lOPZ7obkkzznia2OeVb
[0.625, 0.877, 10, -7.176, 0.162, 0.0315, 0.0811, 0.672, 0.865, 192.296] 2bfGNzdiRa1jXZRdfssSzR
[0.76, 0.856, 0, -6.142, 0.0561, 0.0552, 5.13e-05, 0.146, 0.93, 98.008] 1DObcq9MoYIEFuKS6SOCqQ
[0.451, 0.931, 9, -3.871, 0.0719, 0.00076, 0.0049, 0.361, 0.172, 122.961] 1jJci4qxiYcOHhQR247rEU
[0.653, 0.652, 7, -9.304, 0.0427, 0.13, 1.58e-05, 0.202, 0.846, 115.388] 3MFa9idQuY4iJLWsZl3tIQ
[0.764, 0.857, 3, -6.095, 0.0554, 0.00182, 0.867, 0.0535, 0.506, 125.008] 54hoWgqeSIk05I79dIPUie
[0.929, 0.418, 1, -12.026, 0.135, 0.0062, 0.921, 0.106, 0.489, 127.01] 5ycU3EkVTyTD1HOGpfElVO
[0.879, 0.693, 11, -10.577, 0.046, 0.037, 0.119, 0.18, 0.966, 133.231] 5HiKQLlJ3LAuz8J9yHB0HX
[0.811, 0.833, 5, -4.259, 0.153, 0.014, 2.06e-05, 0.0769, 0.567, 120.258] 4t0UsYzmmmZRMTWn77jiGF
[0.783, 0.678, 10, -7.718, 0.0725, 0.0274, 0.0366, 0.0671, 0.777, 129.955] 4xKSVV3RjBs9vPyrHpuslU
[0.724, 0.971, 7, -4.923, 0.0409, 0.0043, 0.0016, 0.809, 0.744, 128.037] 1wxLoYQ5rGFsjS1OzAT1Rm
[0.807, 0.781, 9, -8.087, 0.0412, 0.00723, 0.465, 0.0524, 0.948, 125.905] 5oKYGYfPdcMK2v79mXF90X
[0.799, 0.878, 1, -7.109, 0.0434, 0.189, 0.000105, 0.14, 0.816, 104.284] 2NVpYQqdraEcQwqT7GhUkh
[0.784, 0.893, 7, -5.153, 0.0923, 0.3, 1.57e-05, 0.272, 0.819, 118.738] 5IKLwqBQG6KU6MP2zP80Nu
[0.661, 0.846, 5, -8.869, 0.0467, 0.129, 5.17e-06, 0.0355, 0.911, 101.068] 7mimnm2QlSzW3J38FRMETP
[0.7, 0.816, 7, -9.711, 0.044, 0.00115, 0.00123, 0.0901, 0.838, 113.244] 5MuNxNox3zTanAFIO5KcTl
[0.869, 0.452, 2, -14.448, 0.046, 0.153, 0.0115, 0.0672, 0.934, 112.673] 4yYqY1AhA63WzJ1sc9RYYR
[0.867, 0.746, 7, -7.445, 0.0475, 0.0453, 0, 0.123, 0.933, 118.616] 28NBmftocOzTPEb6OYA9fW
[0.693, 0.825, 9, -7.308, 0.0301, 0.162, 0.00144, 0.251, 0.981, 125.892] 6IWkdrBY2O0vfQdfEKGUdF
[0.661, 0.629, 9, -7.797, 0.043, 0.00662, 0.0164, 0.0459, 0.69, 114.976] 5N4EONedI3jGNyI5ac4JFK
[0.877, 0.557, 11, -10.79, 0.0723, 0.0628, 0.0023, 0.145, 0.88, 125.543] 4ZXxmmsp1Nd7ejbHs2BNBG
[0.775, 0.726, 11, -6.731, 0.0495, 0.0529, 0.000407, 0.095, 0.943, 119.891] 6DX92TuMqOKe0h9vLJIPeg
[0.762, 0.626, 8, -12.998, 0.0382, 0.00587, 0.0144, 0.116, 0.987, 136.497] 4HUtl3utOjpVEEXiXJmXVj
[0.8, 0.617, 11, -7.762, 0.0648, 0.00449, 0.00409, 0.0661, 0.908, 117.239] 4OdA7oQSpNvUhdOcNJok0D
[0.79, 0.624, 7, -13.953, 0.0322, 0.0332, 0.00115, 0.187, 0.82, 120.555] 595jz1ljAylVK0JBT8lxHK
[0.767, 0.365, 7, -13.825, 0.25, 0.177, 0.0164, 0.112, 0.699, 95.004] 1xjkMsK1z1Xgd0GUNBnWLa
[0.837, 0.455, 5, -15.326, 0.0354, 0.0296, 0.589, 0.0398, 0.922, 114.762] 6iEFcZI1KxxPaAGlnOVn3y
[0.747, 0.779, 0, -5.623, 0.0374, 0.111, 0.0268, 0.0524, 0.968, 115.319] 5jGg0vWM6YUdSLpjvJV2qV
[0.854, 0.796, 11, -5.567, 0.0399, 0.0542, 0.00184, 0.151, 0.946, 115.625] 4k6ktr10Hczmh55NY3LfJy
[0.671, 0.857, 9, -6.077, 0.0448, 0.000726, 0.778, 0.0617, 0.551, 126.795] 0khEl3BL0he8e37UgfXHql
[0.69, 0.54, 4, -10.516, 0.0317, 0.218, 0.00657, 0.115, 0.764, 114.846] 6i8ecOsx4J2Px1maiqzqoG
[0.573, 0.902, 6, -7.638, 0.054, 0.018, 0.00125, 0.0928, 0.876, 84.412] 2WfaOiMkCvy7F5fcp2zZ8L
[0.709, 0.824, 1, -8.824, 0.0453, 0.207, 0.000307, 0.0888, 0.867, 118.814] 2tUBqZG2AbRi7Q0BIrVrEj
[0.678, 0.499, 9, -12.816, 0.0308, 0.256, 9.85e-05, 0.051, 0.718, 92.627] 5tJjo5JDF9zhzYD7yQfATH
[0.811, 0.458, 5, -9.688, 0.0402, 0.0193, 1.41e-06, 0.0526, 0.797, 92.94] 1aWV3uY3SIEZVbmv45oFWS
[0.464, 0.386, 2, -12.174, 0.0292, 0.632, 0, 0.0682, 0.251, 61.868] 7tLtIZclwLWk54PFAyDv5T
[0.559, 0.365, 5, -13.654, 0.0332, 0.686, 0, 0.0771, 0.534, 74.802] 0t6DdFmFQhQYWhmfa5FJer
[0.58, 0.325, 0, -16.16, 0.0294, 0.539, 0, 0.135, 0.342, 132.548] 0g8Q1Pmem92k7PzI3VLWKz
[0.729, 0.989, 9, -4.613, 0.049, 0.0102, 4.45e-05, 0.443, 0.84, 126.47] 51H2y6YrNNXcy3dfc3qSbA
[0.805, 0.387, 8, -13.233, 0.0562, 0.0315, 0.0969, 0.0806, 0.701, 114.867] 4yrM5BVyJzy5Ed4GPO6e8j
[0.724, 0.874, 1, -6.898, 0.0426, 0.000999, 0.35, 0.125, 0.718, 126.355] 1HkXY1LjFkAQF01DctB796
[0.619, 0.486, 11, -10.421, 0.0396, 0.641, 0.00883, 0.0918, 0.765, 166.146] 1tV7RXsTGdwxAvEo8Rv9pp
[0.687, 0.684, 9, -5.181, 0.032, 0.0758, 0.000808, 0.0441, 0.96, 119.193] 28XDE6yXI6Bp4U3nLSGqzp
[0.84, 0.713, 7, -6.593, 0.0296, 0.112, 4.29e-06, 0.0783, 0.965, 107.897] 54rn4mAECVoFxqUtrh3W9Z
[0.826, 0.406, 0, -14.153, 0.0317, 0.00719, 0.731, 0.0725, 0.939, 100.278] 4Wr14AISsCuBGdkA6rids4
[0.842, 0.717, 9, -9.902, 0.064, 0.00303, 0.653, 0.0334, 0.611, 127.873] 5ZPmXR8yQkSO3v778hz5B1
[0.659, 0.678, 0, -8.18, 0.0313, 0.157, 6.69e-06, 0.0784, 0.647, 106.186] 2DnJjbjNTV9Nd5NOa1KGba
[0.604, 0.384, 5, -14.49, 0.0379, 0.559, 0.000129, 0.0924, 0.227, 139.009] 4YVjOnSTkv0ZVdgI6sS7Wb
[0.922, 0.613, 11, -6.07, 0.214, 0.0308, 0.0274, 0.0844, 0.833, 116.335] 0Nd4xOnGqPBAlj3JOoDVpE
[0.866, 0.681, 3, -6.587, 0.0534, 0.0836, 0.0159, 0.0433, 0.974, 109.492] 5uo9ubs3qhzen3QXbIx7Lu
[0.768, 0.823, 5, -7.115, 0.0609, 0.167, 0.0774, 0.213, 0.812, 111.677] 2zOie5Y7YesliFmM3gPI7O
[0.817, 0.73, 9, -7.481, 0.0903, 0.0103, 0.000232, 0.335, 0.841, 113.721] 26erfTVOQyLRLsrtCFjkpT
[0.86, 0.555, 7, -13.11, 0.0642, 0.013, 8.32e-05, 0.124, 0.756, 124.994] 5m4cUEyXpxBRmThbpYfAwP
[0.833, 0.8, 11, -4.421, 0.0383, 0.0216, 8.05e-06, 0.0827, 0.919, 115.78] 2gpsfBgexdLG3MtcVy6mGO
[0.882, 0.887, 1, -4.91, 0.116, 0.0112, 0.635, 0.0345, 0.657, 124.81] 5HFPfp2p6V4pycGKaIMlIH
[0.841, 0.834, 9, -6.291, 0.0616, 0.00817, 0.738, 0.114, 0.969, 123.005] 4Nnts16KtiFAmEBHs4YsTE
[0.815, 0.583, 6, -7.771, 0.0328, 0.406, 2.98e-06, 0.0491, 0.33, 110.808] 1rOJoHEfssAK8YuivchRr5
[0.65, 0.615, 1, -9.332, 0.0342, 0.201, 0.00235, 0.0805, 0.637, 118.294] 65lHwG8JFJs67PnOUhCYPq
[0.712, 0.915, 4, -6.533, 0.0847, 0.11, 2.37e-05, 0.185, 0.885, 109.604] 4gcnvukD98dBGy9id3aWIU
[0.748, 0.99, 1, -4.784, 0.0468, 0.0144, 0.622, 0.181, 0.757, 125.012] 1RZrwASQmcjtG0rPo5uf1E
[0.71, 0.629, 5, -8.538, 0.0682, 1.05e-05, 0.852, 0.0909, 0.503, 124.932] 57NwQSjq7DuWrxDNj3tpJL
[0.714, 0.877, 7, -6.344, 0.0616, 0.00556, 0.00204, 0.237, 0.766, 124.96] 6HwgNXpldZ0WfY4kzJgexr
[0.658, 0.711, 2, -7.424, 0.0425, 0.0759, 1.77e-05, 0.0446, 0.614, 172.365] 6a5jHgwqYMk9wlYJYfs3c9
[0.88, 0.703, 6, -8.308, 0.0807, 0.0491, 0.685, 0.0582, 0.947, 127.952] 0rgGwEybYIQvqHf5qEkFOB
[0.92, 0.734, 8, -9.269, 0.0419, 0.014, 0.104, 0.0546, 0.96, 118.031] 45HiVLXgyk9Ksf2mOHb1Xo
[0.808, 0.535, 1, -12.521, 0.0353, 0.179, 9.91e-05, 0.158, 0.848, 114.031] 7oOOI85fVQvVnK5ynNMdW7
[0.822, 0.686, 10, -10.456, 0.0472, 0.115, 0.000982, 0.0463, 0.828, 117.743] 1db0gbTSKdRQum8VlbNkiO
[0.831, 0.915, 10, -7.501, 0.128, 0.147, 0.00571, 0.196, 0.881, 102.979] 7tsRp7QKUBp6hc9bth0h7x
[0.682, 0.779, 0, -10.002, 0.0487, 0.0137, 0.891, 0.199, 0.784, 132.302] 1SGelSyFmQM3Gjk6HOIEN3
[0.735, 0.597, 10, -8.589, 0.0436, 0.00217, 0.104, 0.0531, 0.866, 123.004] 0MdJIw6VpOIiV2vd5nEfgr
[0.911, 0.476, 1, -10.827, 0.0927, 0.0278, 0.000364, 0.104, 0.62, 114.408] 2JXK3ELYkEcGTE4dsO4kYq
[0.643, 0.932, 11, -6.536, 0.0653, 2.42e-05, 0.187, 0.365, 0.388, 126.097] 2Lz06nccNKhOt1SR77kl4s
[0.732, 0.554, 11, -13.553, 0.0336, 0.369, 1.48e-06, 0.0762, 0.746, 114.045] 4EUlszQIxlPwiHJ6e6j6Gy
[0.871, 0.736, 0, -7.896, 0.0675, 0.22, 0.000725, 0.0894, 0.967, 115.149] 6R9NqD0WX9sJYs6PbA5onu
[0.868, 0.691, 6, -9.765, 0.138, 0.00329, 0.0899, 0.28, 0.798, 121.982] 0d5Sgzv1yntDEGWiVXWXpD
[0.793, 0.694, 7, -8.792, 0.0794, 0.0408, 0.935, 0.113, 0.0396, 126.009] 450CRmLCnEl1muznGbCRdQ
[0.743, 0.94, 7, -7.905, 0.0511, 0.00115, 0.9, 0.0709, 0.572, 126.003] 15jLYK4q1H3k5CRoyX7NuE
[0.753, 0.922, 2, -6.642, 0.0761, 0.00013, 0.899, 0.092, 0.286, 128.018] 5qiKSttCsPxZOLDz1OiICU
[0.711, 0.772, 11, -9.655, 0.0643, 0.0108, 0.839, 0.104, 0.0933, 125.983] 5AkUbV9GSsnGTUU24axCMN
[0.753, 0.737, 2, -8.538, 0.0736, 0.00077, 0.926, 0.117, 0.216, 126.982] 0jgdhVCgby3QCJLIBnI9yz
[0.651, 0.839, 2, -9.989, 0.0492, 6.11e-05, 0.82, 0.129, 0.539, 128.009] 31PwOdFEWaqvGGmwJcWqRR
[0.771, 0.753, 7, -10.171, 0.0839, 0.00233, 0.884, 0.108, 0.0477, 126.003] 6e3BtUZCEZAHZdTVxTU1lG
[0.751, 0.721, 11, -8.093, 0.0655, 0.000252, 0.574, 0.119, 0.0388, 126.02] 1WsHKAuN9vDthcmimdqqaY
[0.55, 0.908, 8, -8.109, 0.0639, 6.53e-05, 0.882, 0.0862, 0.0435, 127.969] 2cnuBKGFMCQ5NUonPlM3MU
[0.782, 0.534, 7, -7.831, 0.0588, 0.002, 0.948, 0.111, 0.617, 125.997] 0iyWCfhnXeuaj5Tze0IiuE
[0.681, 0.912, 4, -7.973, 0.0519, 0.00138, 0.896, 0.111, 0.257, 126.994] 6HNZL17ICFXWDDHSk7r5MG
[0.7, 0.825, 11, -7.593, 0.0505, 0.00143, 0.609, 0.157, 0.0507, 126.004] 3hOKetGt2xkiChclHAkmre
[0.797, 0.711, 4, -10.605, 0.0522, 0.000225, 0.876, 0.104, 0.142, 127.986] 0YHJHGRuPDMt7mpdB1HhJV
[0.666, 0.863, 4, -6.357, 0.0412, 7.44e-05, 0.914, 0.201, 0.159, 124.991] 0Bwy2Bwxqzhx8bfSBgWY5W
[0.701, 0.796, 4, -8.515, 0.0406, 0.00246, 0.817, 0.11, 0.0761, 128.001] 0X4nNwLBKlkXoOufOodAti
[0.741, 0.686, 6, -11.199, 0.0383, 0.000849, 0.817, 0.116, 0.719, 124.012] 2UnJdYP4OEPlN4dZLw6pYJ
[0.752, 0.874, 1, -7.716, 0.0817, 0.0342, 0.864, 0.175, 0.154, 129.009] 1BiZIPwNd3yLP9KBoUqMRY
[0.705, 0.917, 7, -5.918, 0.0555, 0.00061, 0.904, 0.0963, 0.113, 126.002] 5Fd95tZZ2maLNyyVLg8HVY
