[0.262, 0.789, 10, -4.548, 0.123, 0.00422, 0, 0.325, 0.487, 171.009] 0SA903LGHxe4ExdRY2SqVH
[0.694, 0.852, 7, -5.34, 0.257, 0.0882, 0, 0.334, 0.377, 107.178] 575NJxNUVDqwJGdzBrlLbv
[0.618, 0.837, 1, -5.338, 0.0304, 0.000254, 0.000378, 0.0618, 0.526, 121.227] 0D4yVl9Pn45xW2s63MFCmT
[0.537, 0.837, 0, -4.477, 0.039, 0.19, 0, 0.348, 0.533, 90.083] 0N8MGHEDAq29ip7RrlrTeN
[0.703, 0.748, 1, -6.047, 0.0435, 0.123, 0, 0.0642, 0.625, 111.943] 2jZIfoe48eUeOEnP9Ho4h2
[0.574, 0.758, 1, -5.029, 0.0621, 0.0969, 0, 0.395, 0.492, 144.111] 5JEx7HbmvHQQswJCsoo9rA
[0.598, 0.904, 4, -2.293, 0.0507, 0.331, 0, 0.264, 0.503, 138.091] 3gicyfiEVMGONgzygpWjNT
[0.662, 0.827, 8, -5.891, 0.0624, 0.166, 0.0165, 0.086, 0.477, 115.014] 6wvlEKW2qxucJSBXYpMV2P
[0.815, 0.518, 7, -6.594, 0.0897, 0.223, 0, 0.104, 0.877, 151.891] 1tNJrcVe6gwLEiZCtprs1u
[0.503, 0.741, 4, -5.128, 0.047, 0.579, 1.49e-06, 0.0712, 0.458, 88.335] 4keoy2fqgwGnbWlm3ZVZFa
[0.751, 0.642, 3, -5.165, 0.087, 0.0861, 0, 0.0953, 0.388, 95.045] 2wVDWtLKXunswWecARNILj
[0.638, 0.717, 2, -4.722, 0.0337, 0.346, 0, 0.105, 0.249, 100.027] 4VUwkH455At9kENOfzTqmF
[0.678, 0.729, 8, -4.188, 0.137, 0.0658, 0, 0.303, 0.643, 99.895] 7jr3iPu4O4bTCVwLMbdU2i
[0.579, 0.904, 5, -2.729, 0.0618, 0.193, 0, 0.064, 0.681, 82.014] 1rqqCSm0Qe4I9rUvWncaom
[0.6, 0.535, 4, -7.043, 0.107, 0.648, 4.7e-06, 0.162, 0.269, 71.912] 0CZ8lquoTX2Dkg7Ak2inwA
[0.504, 0.821, 8, -3.356, 0.0598, 0.275, 0, 0.0418, 0.458, 155.131] 1etiUDkISHELzQGMY79ryt
[0.636, 0.554, 7, -7.586, 0.155, 0.135, 0, 0.25, 0.574, 160.04] 2PjqwF7kqqazmlXcqUtdR0
[0.725, 0.321, 1, -10.744, 0.323, 0.578, 0, 0.0884, 0.319, 70.142] 14msK75pk3pA33pzPVNtBF
[0.652, 0.897, 7, -4.481, 0.036, 0.293, 0, 0.0722, 0.475, 114.033] 1wsLHgXJ4SKIfd5ePSX1hD
[0.46, 0.809, 6, -5.415, 0.326, 0.0422, 5.04e-05, 0.138, 0.609, 157.184] 3WVhkjB7Y4xFruqoCAajBb
[0.693, 0.604, 11, -5.279, 0.0427, 0.0668, 0, 0.114, 0.651, 75.014] 6Yx181fZzA0YE2EkUsYruq
[0.601, 0.775, 0, -4.612, 0.0473, 0.269, 0, 0.0883, 0.483, 119.964] 6jreFSOTUAViWjKyzOC4Kg
[0.532, 0.639, 5, -7.419, 0.0388, 0.0507, 0.00131, 0.106, 0.198, 105.0] 0wUxh6XMc698xPCfgBaPRV
[0.576, 0.719, 11, -5.163, 0.0397, 0.156, 0, 0.305, 0.545, 94.921] 0ySwEFQoOhVaGBky9iCdFJ
[0.575, 0.571, 1, -7.906, 0.0439, 0.0558, 0, 0.0912, 0.449, 105.049] 15kQGEy89K8deJcZVFEn0N
[0.631, 0.624, 1, -5.504, 0.0597, 0.0718, 0, 0.145, 0.392, 179.925] 0kg36eEw4un3UwGvnf93xT
[0.781, 0.768, 11, -5.991, 0.0394, 0.0119, 4.91e-06, 0.325, 0.486, 123.07] 5N5k9nd479b1xpDZ4usjrg
[0.604, 0.546, 8, -5.691, 0.151, 0.0889, 0, 0.0734, 0.402, 179.847] 0DC7Zs2qvAbNK1owWQ4mlL
[0.693, 0.575, 9, -6.998, 0.0801, 0.374, 0, 0.252, 0.492, 117.999] 14sOS5L36385FJ3OL8hew4
[0.414, 0.486, 6, -6.431, 0.0311, 0.0129, 0, 0.111, 0.368, 128.038] 4ut5G4rgB1ClpMTMfjoIuy
[0.65, 0.866, 11, -3.713, 0.0343, 0.0457, 0, 0.0682, 0.717, 115.001] 7xdPwAhj4mMqDaNxvNoYnV
[0.757, 0.849, 5, -3.424, 0.0536, 0.173, 0, 0.0878, 0.826, 150.036] 6rrTr2HEAzlpC4KWZxF3S1
[0.67, 0.743, 10, -4.993, 0.0393, 0.237, 0, 0.465, 0.571, 125.944] 78nplE9X2ZGvQh3TKgvldE
[0.825, 0.317, 10, -12.39, 0.0583, 0.497, 0.0128, 0.11, 0.136, 103.001] 36ONiya0OANYknz0GgJmwB
[0.66, 0.788, 0, -5.844, 0.0374, 0.00464, 0, 0.179, 0.494, 120.048] 1pfgsjmxVZhoZpeDx6POKv
[0.737, 0.747, 10, -4.818, 0.0323, 0.269, 0, 0.219, 0.447, 105.943] 1ZLrDPgR7mvuTco3rQK8Pk
[0.719, 0.704, 1, -4.724, 0.0476, 0.0691, 0, 0.166, 0.628, 133.002] 25sgk305KZfyuqVBQIahim
[0.697, 0.683, 1, -2.881, 0.117, 0.0372, 0, 0.137, 0.603, 96.133] 6SFStUDQZNaGPKWOx9ZiJB
[0.734, 0.663, 0, -7.292, 0.185, 0.28, 0, 0.12, 0.256, 101.943] 3ViJYmiobUr5ozBHHcpzbF
[0.647, 0.853, 8, -4.516, 0.0904, 0.0615, 0, 0.062, 0.618, 103.846] 01k24g94i1JvkFLQmVEdCd
[0.745, 0.719, 11, -4.291, 0.19, 0.0352, 0, 0.0639, 0.611, 99.962] 5Ef2noaxqTAfa5gLVw05OJ
[0.836, 0.544, 7, -5.975, 0.0943, 0.0403, 0, 0.0824, 0.51, 97.028] 76cy1WJvNGJTj78UqeA5zr
[0.705, 0.824, 2, -4.825, 0.0347, 0.18, 0, 0.0901, 0.925, 146.999] 1UotQ5kMAEiCJVisAVkxOh
[0.484, 0.731, 1, -6.694, 0.0379, 0.431, 0, 0.151, 0.51, 101.654] 7yq4Qj7cqayVTp3FF9CWbm
[0.7, 0.872, 10, -5.896, 0.0666, 0.121, 7.08e-06, 0.103, 0.761, 125.03] 7FjZU7XFs7P9jHI9Z0yRhK
[0.684, 0.677, 6, -4.034, 0.0464, 0.0754, 0, 0.133, 0.595, 130.141] 0uUNN1nSoUx1A4fkDCWDQ7
[0.514, 0.618, 11, -4.585, 0.0317, 0.175, 0, 0.117, 0.401, 84.259] 0i0wnv9UoFdZ5MfuFGQzMy
[0.666, 0.435, 6, -8.089, 0.0391, 0.369, 0, 0.106, 0.6, 114.963] 05OCY605lOXP7koHNBMPc2
[0.675, 0.849, 0, -3.841, 0.0675, 0.0938, 0, 0.121, 0.681, 100.111] 6iMoJ3UdrO2ZjzzcaN8Eom
[0.816, 0.754, 11, -2.75, 0.111, 0.0361, 0, 0.217, 0.533, 99.966] 7uH27oIt4a6cIFCA8ZPcyG
[0.574, 0.728, 1, -4.777, 0.062, 0.0161, 1.42e-06, 0.0851, 0.266, 125.047] 1rCcsYnmqbMYdkG7kS9GC5
[0.817, 0.539, 6, -6.349, 0.0621, 0.0141, 0.000496, 0.099, 0.158, 97.062] 116H0KvKr2Zl4RPuVBruDO
[0.768, 0.589, 8, -8.991, 0.0403, 0.00417, 2.67e-05, 0.136, 0.757, 97.979] 6zTKuNMEU3svBn65L6u88M
[0.797, 0.93, 11, -3.37, 0.0455, 0.0636, 0.000123, 0.951, 0.907, 123.985] 2VBYFWgwIlJjyzidPTHQqp
[0.841, 0.798, 1, -4.206, 0.229, 0.153, 3.33e-06, 0.0618, 0.591, 95.948] 4w8niZpiMy6qz1mntFA5uM
[0.711, 0.724, 7, -4.809, 0.106, 0.0835, 0, 0.0389, 0.478, 104.048] 14nIFzHQf1OBWf6VHVR8DF
[0.798, 0.539, 1, -6.351, 0.0421, 0.199, 1.66e-05, 0.165, 0.394, 136.949] 5Z3GHaZ6ec9bsiI5BenrbY
[0.674, 0.881, 9, -2.853, 0.147, 0.296, 3.01e-06, 0.0793, 0.234, 98.994] 4QjVfuu7om31HBan0jlX4p
[0.623, 0.681, 7, -3.49, 0.0268, 0.139, 0, 0.0946, 0.453, 121.98] 0wGxHftiB6j0SDzrFkF2G7
[0.732, 0.922, 6, -1.829, 0.0975, 0.0348, 0, 0.146, 0.589, 120.033] 0v3BMLcwUmAwyqJaf5997o
[0.661, 0.585, 5, -11.255, 0.0367, 0.658, 0.876, 0.102, 0.606, 129.98] 2LY0DjFGGF0JQugFzWSGpi
[0.388, 0.595, 1, -9.799, 0.0325, 0.663, 5.58e-05, 0.178, 0.596, 190.043] 08cXy6KUizaAelYXtcew3w
[0.48, 0.79, 4, -7.775, 0.0353, 0.472, 0.713, 0.155, 0.446, 111.025] 33faLM9uNVtibuZIb37MOV
[0.512, 0.948, 1, -7.923, 0.0439, 0.126, 0.0122, 0.112, 0.607, 88.556] 2BBb3UMJBNlofpC25pbSp4
[0.637, 0.864, 8, -4.381, 0.0468, 0.484, 0, 0.222, 0.706, 99.995] 45FrYVS9BScbfO8lujdsW0
[0.66, 0.618, 8, -8.136, 0.04, 0.666, 0.00176, 0.184, 0.302, 108.942] 4wDhECcwcKR4jZEEDiye5a
[0.431, 0.823, 7, -5.592, 0.122, 0.0538, 2.48e-05, 0.0855, 0.624, 176.536] 1UM7bluhwWTGfhvWWOshk7
[0.662, 0.947, 7, -6.409, 0.0517, 0.431, 0.007, 0.0974, 0.31, 110.006] 3sdpasrIhFH4gWuoi0iWym
[0.389, 0.431, 7, -8.061, 0.0344, 0.249, 0, 0.13, 0.275, 142.14] 5MMZJtHOiH1RmQSSe3DJdg
[0.618, 0.749, 11, -5.093, 0.0304, 0.654, 0.213, 0.255, 0.548, 111.986] 0pXkRtFSYDSln6ITAPLPeP
[0.388, 0.59, 6, -7.173, 0.0565, 0.751, 0, 0.25, 0.747, 155.208] 0KlO835SZ6WZKHKsaCtqSh
[0.651, 0.621, 8, -7.271, 0.0359, 0.637, 0.000122, 0.0712, 0.914, 77.578] 3ihp0qYSN89GBnrgF6GhRh
[0.536, 0.775, 8, -6.765, 0.0394, 0.228, 0.000143, 0.0947, 0.485, 151.393] 2ToW7zhGCrVrLU4fiKj9U1
[0.572, 0.409, 3, -11.384, 0.0377, 0.662, 0.296, 0.125, 0.351, 129.983] 4d4OJTq2Yl7TyiuGMLxa1h
[0.959, 0.424, 2, -9.5, 0.0522, 0.435, 0.00049, 0.107, 0.852, 108.997] 6VJESmw3puw9eFpmglP2dM
[0.564, 0.354, 7, -10.85, 0.0334, 0.73, 3.43e-06, 0.208, 0.423, 98.075] 47KDDZgFiX1w6RFOuLXsSn
[0.396, 0.677, 3, -7.513, 0.0354, 0.0372, 0.000137, 0.112, 0.249, 135.177] 2kG5litgxXvx6ZRgwO1v7W
[0.428, 0.724, 11, -7.264, 0.0434, 0.183, 0.000136, 0.251, 0.184, 146.917] 4F9jpNQDKRFoyM4Ebpni6S
[0.616, 0.754, 7, -7.312, 0.0689, 0.408, 3.45e-06, 0.127, 0.376, 117.924] 3ocLv1zQYgIT09uIWjmTSz
[0.576, 0.609, 7, -5.921, 0.107, 0.303, 0, 0.164, 0.737, 86.703] 0ewrI06EIDMGXvgJxuyF3U
[0.499, 0.94, 0, -2.741, 0.0332, 0.0897, 7.28e-05, 0.109, 0.477, 112.02] 7nlGMUcyIGWZQFkOOxOWl5
[0.547, 0.848, 2, -5.622, 0.068, 0.00594, 0, 0.0743, 0.393, 128.987] 4l94386YhnCzduk44xzFRx
[0.574, 0.667, 5, -5.425, 0.0301, 0.206, 0.352, 0.0852, 0.546, 88.299] 23HxMVdUqSsWwar52dS4ZT
[0.443, 0.533, 7, -5.956, 0.0473, 0.429, 3.66e-06, 0.332, 0.596, 183.791] 0efT4YKQLQx2YHbp6vgRX8
[0.558, 0.47, 7, -5.5, 0.0316, 0.68, 0.914, 0.532, 0.427, 118.06] 3JeT6Xcv6MlEHHylk8SKQ1
[0.625, 0.736, 1, -8.658, 0.0325, 0.118, 0, 0.167, 0.909, 105.529] 3eeIdvZqXaffY0yVRgbGfQ
[0.359, 0.648, 3, -7.06, 0.035, 0.108, 0.0135, 0.0555, 0.133, 111.733] 5g7rJvWYVrloJZwKiShqlS
[0.484, 0.869, 9, -3.778, 0.0322, 0.327, 0.000132, 0.112, 0.757, 125.63] 0qau061S9oIy7S5xHruwHA
[0.46, 0.825, 0, -5.203, 0.031, 0.0695, 1.52e-05, 0.337, 0.443, 100.137] 0PHm9MrfZdEUasfd1XC0n2
[0.538, 0.417, 2, -9.176, 0.0361, 0.275, 0, 0.206, 0.252, 115.422] 28kOpVf1aCgL0LSFfuKV4w
[0.694, 0.595, 1, -6.496, 0.0405, 0.278, 0.00301, 0.454, 0.136, 109.948] 1hWQvA6oGVJ2mAVsZ59AaV
[0.651, 0.716, 0, -6.516, 0.0258, 0.13, 0.0616, 0.125, 0.722, 101.05] 2EWpa5XnAuSn0sIkSSIhYk
[0.486, 0.638, 0, -6.231, 0.0323, 0.000921, 0, 0.078, 0.178, 144.458] 2fpDrL2Vpee0JnM6AoUFvl
[0.421, 0.698, 3, -9.784, 0.0528, 0.151, 0.000959, 0.372, 0.447, 122.624] 63YnmHKlutFFkgfFB0OcPU
[0.57, 0.858, 2, -4.732, 0.042, 0.0386, 0.00222, 0.316, 0.451, 107.985] 7vGhzPya4P2IHVG7WtZADZ
[0.728, 0.673, 5, -5.766, 0.0318, 0.0964, 6.94e-06, 0.0695, 0.489, 127.995] 7MUNNBJKYo3cdokp06wEOB
[0.517, 0.686, 3, -6.401, 0.0442, 0.134, 0.00362, 0.113, 0.238, 126.524] 5HF5PRNJ8KGtbzNPPc93tG
[0.522, 0.746, 8, -6.999, 0.0422, 0.0594, 0.00103, 0.257, 0.404, 102.093] 0W4sXm430e78yQCgcvEXwp
[0.489, 0.649, 7, -6.041, 0.0334, 0.405, 0, 0.062, 0.734, 114.869] 4brAByI9ZV7WOYDwT3yPaH
[0.787, 0.704, 6, -6.46, 0.0499, 0.00463, 0.451, 0.0543, 0.504, 121.009] 5AqNpVjueURnEaMDzIrUl8
[0.604, 0.841, 1, -5.145, 0.0423, 0.0299, 0.00382, 0.136, 0.578, 138.976] 23cj0rlc0UtTBaCg60VCkm
[0.749, 0.699, 5, -7.193, 0.0469, 0.0694, 0, 0.124, 0.641, 123.965] 2vcwh4UGbHy3gkhCEvBDMn
[0.655, 0.686, 7, -5.701, 0.028, 0.371, 1.13e-06, 0.113, 0.544, 112.974] 5rRDCbF97rcJW0ES9RhPhC
[0.716, 0.887, 5, -7.738, 0.0331, 0.149, 0.332, 0.111, 0.78, 117.021] 0P3IyyiJecMoAX9Q4cbwHX
[0.761, 0.542, 4, -5.256, 0.0269, 0.561, 1.53e-06, 0.258, 0.87, 81.975] 08XjENEbgIDSYVNFikaqYH
[0.703, 0.549, 0, -9.731, 0.0295, 0.326, 0.00256, 0.082, 0.385, 99.985] 5YVYVuNA44FT2yVxEXOw3r
[0.519, 0.494, 6, -5.399, 0.0263, 0.188, 0, 0.159, 0.243, 99.909] 3e5Ee5GrNzSnCt2laIDm3S
[0.383, 0.489, 8, -8.334, 0.0343, 0.715, 1.85e-06, 0.0856, 0.387, 131.377] 73nQzhgyvxkYosAmTlcFm6
[0.602, 0.771, 3, -4.494, 0.04, 0.245, 0, 0.107, 0.41, 125.024] 7BgN5iMlbla6J4LpEDrFMn
[0.492, 0.7, 8, -7.001, 0.0437, 0.413, 0.00013, 0.0996, 0.605, 110.741] 0ErpHxNt1kTyCQGlh43wr1
[0.696, 0.77, 1, -5.774, 0.0556, 0.312, 0, 0.0503, 0.494, 128.053] 5HUynLdprJzINndFXcidfu
[0.694, 0.872, 10, -3.799, 0.0297, 0.00941, 1.68e-05, 0.0719, 0.962, 113.978] 1QCuVVP4KWHCjRGWTVT9mz
[0.735, 0.797, 4, -5.27, 0.028, 0.282, 6.85e-06, 0.125, 0.852, 102.964] 2MLOncjh8xeA06oP7ELsRi
[0.648, 0.564, 5, -10.269, 0.0682, 0.673, 0, 0.115, 0.377, 92.958] 7fKF4HdftIEt3lLAy3rDG6
[0.519, 0.515, 5, -9.448, 0.031, 0.61, 5.66e-05, 0.107, 0.714, 80.329] 0iWUW8UNkmyUa8Aa6anow6
[0.521, 0.22, 9, -10.202, 0.0314, 0.647, 0.00814, 0.179, 0.135, 104.03] 588zNOzyZ0NbK8kMwYv5lO
[0.593, 0.926, 6, -5.361, 0.0319, 0.0355, 0.0582, 0.311, 0.945, 100.011] 3HdcqQpq7zb5GbEKBDY34p
[0.618, 0.916, 6, -4.685, 0.0651, 0.00914, 0.00023, 0.204, 0.717, 123.969] 3bAgQ4fNuTVf98RtiVgKRv
[0.664, 0.573, 5, -6.519, 0.0277, 0.613, 0.000363, 0.0857, 0.566, 76.023] 3qhobDAfBcVoOWZP8Ck8R2
[0.484, 0.731, 1, -6.694, 0.0379, 0.431, 0, 0.151, 0.51, 101.654] 7yq4Qj7cqayVTp3FF9CWbm
[0.764, 0.541, 7, -7.496, 0.109, 0.438, 0.0011, 0.0707, 0.5, 172.124] 2JSFoukATm26pxNGLfhAWe
[0.538, 0.626, 8, -10.333, 0.0426, 0.746, 0.000383, 0.198, 0.337, 120.971] 6m2cCJT4K54P5nLfRLyJud
[0.766, 0.695, 11, -5.564, 0.341, 0.315, 0, 0.112, 0.766, 90.805] 6XMYnm4OTEysN8blzqiCL9
[0.52, 0.883, 1, -6.224, 0.0316, 0.0237, 0.249, 0.205, 0.694, 96.499] 6vyVxWBHLIqNdhy4IGz1LN
[0.229, 0.871, 6, -4.558, 0.103, 0.0133, 2.18e-06, 0.266, 0.395, 86.965] 49YNXgHWiNSxz2wGtXCVZ7
[0.705, 0.504, 10, -11.33, 0.0323, 0.18, 0.00393, 0.126, 0.177, 133.077] 0FkJp8j6TOpRWPCln1t9WB
[0.511, 0.813, 0, -6.78, 0.0357, 0.00549, 0.00207, 0.0969, 0.826, 121.801] 1R4hG0ZP1PBrP14eeOhdB5
[0.87, 0.572, 6, -7.667, 0.039, 0.16, 0.00282, 0.0993, 0.854, 119.98] 2rwPOgMZHP8mFAYneg8bvh
[0.508, 0.596, 4, -9.034, 0.0334, 0.439, 9.84e-06, 0.111, 0.4, 79.36] 5fpEDGQX0Ah3utGnFYulQZ
[0.56, 0.936, 3, -5.835, 0.0439, 0.00847, 0, 0.161, 0.371, 112.96] 0GO8y8jQk1PkHzS31d699N
[0.555, 0.727, 6, -4.202, 0.0388, 0.0579, 7.52e-06, 0.0937, 0.739, 82.142] 0PywzrV955BnXDC8FHAf0n
[0.616, 0.656, 5, -7.298, 0.0344, 0.096, 0.000879, 0.205, 0.286, 150.071] 3n69hLUdIsSa1WlRmjMZlW
[0.562, 0.84, 0, -5.621, 0.0911, 0.0832, 1.7e-05, 0.0947, 0.609, 154.612] 3BLFRn1bObTn2E9WQB8cBI
[0.685, 0.466, 0, -9.074, 0.0304, 0.794, 2.06e-06, 0.0915, 0.353, 79.936] 0W4Kpfp1w2xkY3PrV714B7
[0.651, 0.675, 5, -7.111, 0.0544, 0.238, 0.000111, 0.149, 0.146, 101.041] 5O8YVKGZspWFMDN9FIsdPW
[0.589, 0.852, 2, -4.839, 0.0308, 0.0388, 0.000248, 0.286, 0.942, 153.048] 4CFM8Aq8ZaTTQ2nUHNDVJ2
[0.433, 0.863, 4, -4.452, 0.0296, 0.00148, 0.00107, 0.351, 0.54, 82.998] 5bAJhDTVCWVScr5Ev4LnB2
[0.559, 0.754, 5, -4.877, 0.0259, 0.0694, 7.14e-05, 0.129, 0.592, 104.995] 1Bj7N8qzv0KWCxvq4gfOTL
[0.348, 0.479, 0, -10.075, 0.029, 0.291, 0.151, 0.0988, 0.173, 97.871] 5DLmPL4kE9TYd4VGrAXB0D
[0.441, 0.283, 2, -9.092, 0.0304, 0.765, 0.0348, 0.076, 0.225, 79.664] 7eI7Y41wcPfqzAxqv1jogS
[0.763, 0.387, 10, -8.643, 0.0278, 0.239, 0.00747, 0.13, 0.273, 109.957] 5Z1U0knfYnsfvZycgDeOiC
[0.629, 0.586, 1, -8.562, 0.0269, 0.617, 0.0803, 0.129, 0.526, 102.995] 1WXVfFRD89EtVURD4Tbixo
[0.402, 0.476, 0, -8.823, 0.0289, 0.334, 0.0701, 0.0947, 0.164, 86.06] 7DeJ8TdwgNpz6Un0SiskhX
[0.539, 0.831, 4, -5.025, 0.0459, 0.175, 0.00371, 0.236, 0.476, 169.93] 4NP9hWxULyB4OYoUMjazz1
[0.688, 0.834, 7, -5.515, 0.0477, 0.264, 0.251, 0.0925, 0.525, 103.989] 6IG4Z0sKhLG7MaXOgPCaa8
[0.744, 0.432, 8, -11.173, 0.0383, 0.79, 0.0135, 0.111, 0.682, 123.933] 1pRb7DlOyLPGcBJUJoAKOo
[0.632, 0.775, 7, -4.648, 0.078, 0.434, 0, 0.266, 0.331, 125.002] 6PK2nlGa2DXUHqvqoJ8uRW
[0.64, 0.619, 0, -8.894, 0.0297, 0.119, 0.38, 0.0597, 0.563, 115.01] 2EWRUGLGX59cwdpIZjmkQO
[0.533, 0.604, 7, -8.586, 0.039, 0.248, 0.0106, 0.103, 0.441, 127.015] 3SB5JGFnQxB4P8Gh46wMzy
[0.619, 0.741, 5, -7.186, 0.0444, 0.393, 0, 0.079, 0.923, 99.475] 5jnekVPgf12EsKtBX3JPTW
[0.539, 0.836, 11, -5.365, 0.0654, 0.217, 0.000168, 0.303, 0.759, 135.596] 40rjypnguxfhPy4Bbv5SWc
[0.316, 0.828, 0, -5.313, 0.0376, 0.245, 0.000356, 0.158, 0.356, 136.899] 7gNxo9WO00wWYZkjsVES2O
[0.484, 0.528, 0, -6.951, 0.0424, 0.398, 2.57e-05, 0.107, 0.408, 109.361] 1yi8EOTpKeVK4cj5HS8DRp
[0.546, 0.411, 2, -9.308, 0.0475, 0.701, 9.73e-05, 0.0955, 0.528, 79.785] 696vpg0aBvBxpZAuasmg15
[0.719, 0.665, 8, -8.589, 0.0331, 0.15, 0.00092, 0.144, 0.763, 96.999] 0QTCTu0CXv4X1JEE4gNpGv
[0.425, 0.789, 0, -7.349, 0.0386, 0.0227, 2.02e-05, 0.0534, 0.744, 207.875] 2RWO1r4CV3HF3U9mJSvkdt
[0.557, 0.407, 7, -11.361, 0.0457, 0.402, 0, 0.0638, 0.793, 180.919] 5sIBOrRLBI6ypREdEPj2wQ
[0.8, 0.559, 0, -7.11, 0.116, 0.335, 0, 0.148, 0.788, 121.967] 1KlDcHrlDPUJJPmMup3tUp
[0.552, 0.724, 0, -3.698, 0.0271, 0.169, 0, 0.11, 0.774, 80.516] 0VhDlpezWuAgOnfOCx2fRv
[0.595, 0.723, 7, -8.256, 0.0349, 0.047, 0.0286, 0.0995, 0.272, 108.043] 7BVwi9cIzSc6tpyxsp47vJ
[0.721, 0.507, 9, -7.439, 0.028, 0.54, 3.94e-06, 0.114, 0.43, 116.05] 0VCveHO3AX0OLRuTgpBKBJ
[0.601, 0.537, 6, -9.464, 0.0296, 0.743, 0.732, 0.143, 0.394, 144.994] 13PUJCvdTSCT1dn70tlGdm
[0.619, 0.556, 0, -7.687, 0.0806, 0.133, 0, 0.594, 0.566, 99.39] 5in02YJDTkdfKDQjfsvxYp
[0.728, 0.356, 8, -11.106, 0.0354, 0.744, 2.34e-06, 0.148, 0.47, 136.144] 4AsUAGWIMsZ7Xl5Hc1Fk4p
[0.689, 0.617, 4, -5.196, 0.0289, 0.0918, 2.02e-05, 0.0816, 0.682, 121.062] 5ftdTvmQjjsL23t7jxADfI
[0.576, 0.486, 4, -9.364, 0.0406, 0.0606, 0.000143, 0.093, 0.337, 141.951] 3pLTOP0G0etiWUknFoRpsr
[0.395, 0.896, 1, -4.262, 0.0351, 0.0513, 0.00396, 0.14, 0.35, 101.867] 60ZGteAEtPCnGE6zevgUcd
[0.711, 0.468, 4, -4.797, 0.0515, 0.63, 0.00427, 0.087, 0.533, 127.458] 40WXqoyOLAAugGmJWZU1FY
[0.542, 0.589, 2, -6.623, 0.0318, 0.292, 0.000522, 0.177, 0.137, 111.665] 6ZapsNk1ZpaebNXAIohP9R
