[0.585, 0.895, 11, -3.663, 0.136, 0.0505, 0.00423, 0.32, 0.181, 119.904] 7Cq27Qc3WRyQ3ddwVslpVZ
[0.808, 0.581, 6, -8.793, 0.269, 0.104, 0, 0.379, 0.722, 116.988] 3xFqnmy3DltBMTOQVL2xvS
[0.732, 0.75, 11, -6.366, 0.231, 0.00264, 0, 0.109, 0.401, 155.096] 2eMwDehkIC1j68U6FA3Eiq
[0.884, 0.346, 8, -8.228, 0.351, 0.0151, 7.04e-06, 0.0871, 0.376, 75.016] 5eqK0tbzUPo2SoeZsov04s
[0.755, 0.695, 9, -5.963, 0.26, 0.0179, 0, 0.107, 0.493, 128.063] 3WUa9TpHDoRGeChKDRRUqv
[0.763, 0.726, 1, -6.405, 0.282, 0.259, 0, 0.0976, 0.349, 139.059] 4ARPvK8DHLwt4oX65ZAFMw
[0.659, 0.614, 9, -7.32, 0.0541, 0.000404, 0, 0.123, 0.26, 119.405] 0AICBlLzFCTpUqmAbtzB2z
[0.635, 0.616, 2, -6.253, 0.217, 0.258, 5.42e-05, 0.162, 0.0446, 139.902] 0GKoO6gnoRrCwwYuvFLp2t
[0.8, 0.657, 5, -5.927, 0.127, 0.15, 2.66e-06, 0.613, 0.157, 129.989] 0tJeSzHszsmu2uGll4rp0f
[0.914, 0.507, 2, -10.784, 0.164, 0.0855, 0.0254, 0.0797, 0.199, 123.956] 6kig1UFggPUyZBCvXD3Wod
[0.816, 0.245, 0, -15.617, 0.414, 0.616, 0.000813, 0.127, 0.187, 140.04] 7EoSDrwBPUBeBEORrpvgko
[0.907, 0.598, 11, -6.341, 0.0921, 0.0624, 0.0248, 0.126, 0.223, 122.002] 3Khc2XyEiu09xnCiB6jWUc
[0.796, 0.549, 8, -6.285, 0.0672, 0.00572, 0.335, 0.0719, 0.0479, 109.998] 0LX4f8NnYnGxuryfP1MtJf
[0.797, 0.533, 0, -9.74, 0.0412, 0.0172, 0.000152, 0.103, 0.329, 131.036] 7AQim7LbvFVZJE3O8TYgf2
[0.782, 0.532, 9, -6.415, 0.372, 0.175, 1.53e-06, 0.0836, 0.709, 74.938] 6lsxMdXKFAXZDPe8om1iOI
[0.794, 0.366, 7, -10.051, 0.135, 0.0214, 0, 0.0964, 0.278, 122.993] 2INqEk4ko5AsGVLBsiKiQe
[0.856, 0.302, 11, -15.745, 0.449, 0.35, 0, 0.0626, 0.28, 84.999] 6zQ0IcachvPDp04oWI7w8B
[0.815, 0.493, 1, -13.811, 0.237, 0.0245, 0, 0.109, 0.541, 160.013] 5KRodDC46zAvduTMh8E1sO
[0.747, 0.524, 10, -6.807, 0.245, 0.0306, 0, 0.2, 0.363, 140.053] 40oKW22ZNNkEdZLJTScaQI
[0.632, 0.946, 0, -2.784, 0.277, 0.192, 0, 0.495, 0.324, 125.061] 1s70cjkrdj9lpEeQQlmS9l
[0.886, 0.516, 1, -8.377, 0.263, 0.0261, 0, 0.375, 0.583, 148.055] 4cXe7l3Y5Wv2ZMGDOsxfyX
[0.674, 0.66, 8, -8.431, 0.194, 0.0142, 0.000459, 0.162, 0.206, 114.679] 5dSMOIInFXGsigmrly6fYI
[0.939, 0.659, 7, -6.124, 0.249, 0.159, 0, 0.276, 0.681, 111.999] 5kmOA4GG5o3lg7kaFPDfc8
[0.646, 0.963, 8, -0.092, 0.288, 0.00498, 0, 0.309, 0.539, 149.987] 78EDmwVdZzp6vTl3hVWzpW
[0.773, 0.742, 9, -8.373, 0.298, 0.178, 0, 0.0957, 0.626, 124.985] 1R3hgvaaaWKF6jCX45OF05
[0.587, 0.711, 1, -6.33, 0.42, 0.171, 0, 0.125, 0.381, 98.008] 3muBQDekYAg7jm6hDu6R0Z
[0.714, 0.853, 5, -4.9, 0.304, 0.205, 0, 0.116, 0.178, 102.034] 3IIArPxV2jUXk2zTKbzCVx
[0.781, 0.69, 0, -6.611, 0.237, 0.052, 0, 0.353, 0.591, 120.024] 0DzUwvANSN6lW8TnkjGOyT
[0.372, 0.656, 1, -6.086, 0.0776, 0.217, 0, 0.418, 0.15, 140.171] 56TOfxnRzSRbFRw8J6C4IT
[0.762, 0.41, 8, -11.979, 0.0551, 0.278, 3.43e-05, 0.157, 0.0813, 100.047] 6oBL8TdQHEO7jeEdqECg37
[0.417, 0.58, 9, -4.574, 0.207, 0.0307, 1.45e-06, 0.179, 0.139, 68.58] 4AtZRwSR8BOTTQg5ihSggt
[0.743, 0.411, 2, -7.343, 0.376, 0.254, 0, 0.292, 0.339, 119.693] 7t2eWdGWBTAxaXxaGqq9ts
[0.602, 0.884, 8, -0.426, 0.282, 0.0211, 0, 0.397, 0.403, 134.05] 6a2vcCUVohjrD1VZk7K4lt
[0.94, 0.68, 1, -6.303, 0.396, 0.0545, 0, 0.283, 0.193, 130.981] 0FiXF6BrJ64OG7mLA6Sfwo
[0.727, 0.62, 8, -6.443, 0.306, 0.398, 0, 0.0926, 0.555, 105.003] 658I1uDnmLSiltFCf98AWE
[0.973, 0.446, 3, -9.355, 0.0612, 0.0303, 1.75e-05, 0.121, 0.265, 115.039] 3kZAm2TC74lBJFPDoV40Qc
[0.873, 0.905, 1, -6.19, 0.138, 0.00848, 0, 0.0916, 0.285, 134.969] 5CrAp9FTRlsLVKxqPTUohv
[0.943, 0.495, 6, -5.964, 0.18, 0.0575, 0, 0.0952, 0.573, 129.971] 61mnlyQlnPuq1GEX0LxIWh
[0.734, 0.684, 2, -5.847, 0.222, 0.102, 0, 0.112, 0.7, 85.066] 3TxSZyMd4oQbkM7et82jOe
[0.556, 0.64, 11, -7.504, 0.445, 0.552, 0, 0.215, 0.703, 88.399] 5BYCMWNQqz4nqErN1ReRGL
[0.721, 0.73, 1, -8.887, 0.259, 0.178, 0, 0.394, 0.39, 88.504] 4bsGRRAze60B5LAcEle3Ec
[0.694, 0.514, 1, -11.063, 0.0449, 0.0336, 0.000164, 0.115, 0.136, 120.011] 3MAfAtD9lKvugbWzaz21LS
[0.748, 0.66, 6, -4.704, 0.0487, 0.224, 0.053, 0.101, 0.328, 137.033] 2BoeDIEzoS9diuyaqqVaDh
[0.962, 0.585, 8, -4.996, 0.0624, 0.396, 1.86e-05, 0.0885, 0.107, 115.035] 4fjeIR7DuE60FeL5d6taUq
[0.81, 0.735, 8, -4.522, 0.171, 0.00454, 0.0828, 0.115, 0.134, 119.994] 5VphpldmtVyZH6S8RpHWLT
[0.85, 0.714, 8, -4.331, 0.268, 0.164, 0, 0.11, 0.549, 145.909] 6sVzBgMyV7AmZ3BsDQsRLB
[0.74, 0.613, 8, -4.88, 0.145, 0.258, 0.00372, 0.123, 0.473, 75.023] 3ee8Jmje8o58CHK66QrVC2
[0.695, 0.686, 9, -8.147, 0.0478, 0.000424, 0.0023, 0.365, 0.354, 105.219] 6r7ULK6c5CLVvImjTIztl1
[0.902, 0.675, 2, -6.717, 0.164, 0.182, 0, 0.12, 0.62, 130.118] 7qGJDgdy4CESdIadhVsIGA
[0.736, 0.61, 6, -7.489, 0.336, 0.0647, 0, 0.0794, 0.534, 146.055] 2JGEezjILrpf1pCC9ues4m
[0.709, 0.583, 1, -5.738, 0.185, 0.0698, 1.79e-06, 0.0519, 0.0376, 144.819] 1MH7Ssegn1gYFL77ZhSS24
[0.628, 0.573, 1, -8.161, 0.0673, 0.00362, 0, 0.0874, 0.0387, 115.503] 2XLdbJRfl2UHHzIurEFgAA
[0.898, 0.886, 1, -5.972, 0.363, 0.0517, 0, 0.0771, 0.687, 84.104] 5HHpGU2CuDUJzQ3RFUPhZ5
[0.854, 0.463, 5, -6.159, 0.137, 0.117, 0, 0.354, 0.549, 120.024] 0b9oOr2ZgvyQu88wzixux9
[0.856, 0.158, 8, -18.178, 0.441, 0.0543, 5.36e-05, 0.0842, 0.28, 139.946] 68knGuzTOVTBPlRZJfOHHS
[0.8, 0.696, 6, -5.354, 0.393, 0.0818, 0, 0.121, 0.628, 159.953] 71DReAbBp5AfCwCqakfqmQ
[0.473, 0.843, 1, -5.981, 0.225, 0.00345, 2.53e-05, 0.102, 0.24, 71.647] 1K86gziny1mnNIisKBqzhH
[0.733, 0.635, 8, -9.302, 0.0765, 0.0171, 8.37e-05, 0.208, 0.581, 80.002] 4Y8UPDfErs3n4ox554BRe3
[0.53, 0.644, 2, -5.713, 0.386, 0.653, 0, 0.0894, 0.0951, 110.026] 3cXyu35gjzalfx6Ra2CV4G
[0.836, 0.706, 1, -4.065, 0.0497, 5.19e-05, 0, 0.0927, 0.0374, 120.045] 1j82fFDqVM2Sgb8tfMidBv
[0.67, 0.732, 8, -7.55, 0.264, 0.115, 0, 0.446, 0.337, 120.07] 1SpNsamrPVcCSoAt1v803A
[0.985, 0.438, 1, -11.004, 0.0712, 0.212, 5.41e-05, 0.116, 0.584, 118.079] 0WOnTxy6mBHAo5fXkT4ccS
[0.579, 0.719, 11, -5.77, 0.0318, 0.014, 0.000625, 0.208, 0.0999, 125.02] 0p98yNxI5QkD1CKoOAC3Ye
[0.599, 0.65, 0, -6.569, 0.286, 0.0778, 0, 0.0857, 0.379, 138.824] 0bFK83eK24sn6KQNHZ59dR
[0.816, 0.712, 10, -5.279, 0.0559, 0.182, 0, 0.204, 0.513, 120.012] 1bpyuSTuaYTA5tLro71MEb
[0.945, 0.511, 0, -9.009, 0.0738, 0.0573, 0.669, 0.356, 0.0627, 115.022] 4LqJMNLN7zst7xhCjeRojG
[0.726, 0.789, 2, -4.097, 0.134, 0.218, 0, 0.237, 0.268, 130.947] 7hdw5gAGMyyn9z0XgfTv1j
[0.492, 0.712, 9, -7.278, 0.691, 0.564, 9.1e-05, 0.357, 0.23, 137.453] 5lar0mCUejpILVkAz50s2J
[0.557, 0.338, 5, -9.892, 0.0257, 0.134, 0.00184, 0.14, 0.689, 140.935] 4KpKyRFwN0gcwj58Uqjv7q
[0.568, 0.636, 11, -4.265, 0.204, 0.00671, 0, 0.105, 0.879, 113.497] 0T6RSXxFhW8dRTWHI604ld
[0.674, 0.494, 10, -8.619, 0.119, 0.0505, 0, 0.319, 0.57, 129.912] 5xt63a06YGl9wUSneI08FY
[0.556, 0.607, 8, -8.003, 0.284, 0.0122, 0, 0.355, 0.319, 179.961] 48oVTwmwZUzeLusFG2oCLi
[0.878, 0.647, 10, -4.566, 0.0659, 0.203, 0.00185, 0.335, 0.212, 131.027] 08zAFXhfyIxq9359NHksdP
[0.789, 0.509, 6, -8.629, 0.277, 0.525, 7.55e-06, 0.0936, 0.61, 75.009] 39LJCSHy7nB1akjmhMQ7Y7
[0.606, 0.765, 9, -5.976, 0.199, 0.562, 0, 0.112, 0.368, 150.182] 6taAKrEE1wGVN3QkzeNzOf
[0.85, 0.389, 1, -11.286, 0.489, 0.0229, 0.00268, 0.0992, 0.187, 130.077] 14pHubsfIkKdVsSmXErHlw
[0.666, 0.503, 8, -11.036, 0.126, 0.396, 5.22e-05, 0.243, 0.324, 94.966] 3olvq8LbvHjgeMpiUN2Sd4
[0.28, 0.91, 6, -3.377, 0.0681, 0.00177, 1.79e-05, 0.355, 0.596, 132.746] 5itp8XB8bpCOZt7g3fZBPn
[0.628, 0.737, 11, -5.168, 0.213, 0.022, 0, 0.562, 0.465, 156.301] 2Z0xshoXP7Ld48XohCCkB2
[0.509, 0.93, 0, -2.689, 0.0474, 0.00137, 0, 0.152, 0.783, 154.95] 38DYfOsG1QROMnoHd9JPUc
[0.61, 0.831, 9, -8.163, 0.11, 0.00585, 0, 0.188, 0.737, 96.198] 2NtHnycqrON34GGxETv0C9
[0.571, 0.984, 10, -3.895, 0.0676, 0.000476, 0, 0.038, 0.471, 104.34] 7l5z73k101hoX8oxfJR9Ha
[0.213, 0.988, 1, -3.787, 0.209, 0.000141, 5.09e-05, 0.373, 0.39, 172.346] 62KLnInsRNHI8lfqNATWzq
[0.309, 0.971, 3, -3.45, 0.146, 0.00208, 8.12e-06, 0.565, 0.456, 195.809] 58J1l73w3TcdpGqN0n1TiZ
[0.339, 0.932, 5, -3.424, 0.0613, 0.00161, 0.000134, 0.425, 0.466, 112.549] 1HRThJebs60Dk6jAhpkwsm
[0.69, 0.747, 2, -4.583, 0.264, 0.00984, 0.000685, 0.355, 0.0703, 171.367] 0j5X6DrzkgY64Mm8NQp5mi
[0.563, 0.754, 1, -6.252, 0.0601, 0.0215, 0, 0.653, 0.169, 164.076] 4hsncV3bzuB83dBJcnSCBl
[0.727, 0.773, 6, -3.164, 0.313, 0.0124, 0, 0.769, 0.634, 82.499] 3EcagAj1MUYXfIXrEnAdgZ
[0.691, 0.868, 1, -3.8, 0.235, 0.0472, 1.45e-06, 0.29, 0.382, 86.878] 053GCeKA2Vw5PwF2dGkt03
[0.738, 0.674, 1, -2.299, 0.28, 0.275, 0, 0.344, 0.575, 78.929] 6C781pluv3BPxGHHCUJNYc
[0.604, 0.737, 7, -6.174, 0.292, 0.277, 0, 0.305, 0.683, 88.243] 3gAvYSeYWyBMqGuLmrZs23
[0.727, 0.74, 2, -3.401, 0.153, 0.012, 0, 0.294, 0.221, 82.031] 6fGjvkhTXsV5II8ynoSSfG
[0.595, 0.963, 10, -3.12, 0.45, 0.206, 0, 0.377, 0.471, 100.041] 5e78eah3atJv25oMpfEUP4
[0.918, 0.572, 8, -8.463, 0.266, 0.0673, 0.00361, 0.0908, 0.752, 102.032] 1mY9YGuaRWwE92vkgKKhp9
[0.678, 0.852, 6, -3.212, 0.0901, 0.0103, 0, 0.174, 0.38, 82.003] 2UZfSEyA1GsmFZ4nFurb0o
[0.867, 0.604, 11, -10.477, 0.261, 0.248, 5.34e-05, 0.11, 0.619, 100.094] 1A4ogrsLKDaYOpLVFt3Ud8
[0.89, 0.867, 4, -6.31, 0.0499, 0.212, 0, 0.418, 0.859, 100.985] 4l4214DShMpIrG2dxd0HuB
[0.664, 0.771, 8, -4.299, 0.311, 0.0533, 0, 0.159, 0.559, 171.642] 2MOvujzhsGcJVGHJGNWLrP
[0.551, 0.851, 1, -3.277, 0.197, 0.0748, 0, 0.0784, 0.1, 171.411] 6yr8GiTHWvFfi4o6Q5ebdT
[0.559, 0.931, 9, -5.863, 0.0721, 0.00318, 1.24e-05, 0.0624, 0.644, 90.911] 6IW2XuyxBTCiw0JSiX0MTt
[0.49, 0.833, 6, -5.899, 0.0487, 0.0116, 0.000504, 0.15, 0.39, 89.981] 5FQXMRDSTkn9fowDJ3kZo8
[0.591, 0.75, 1, -6.599, 0.0479, 0.342, 0.363, 0.0804, 0.385, 149.931] 4JjUwfp8GQ3PxWg2QPKnpn
[0.631, 0.729, 8, -7.615, 0.0558, 0.0739, 0, 0.486, 0.515, 135.965] 3SeZzF0iKVwsqfpZcQeA4r
[0.554, 0.899, 8, -4.573, 0.408, 0.0521, 0, 0.0568, 0.552, 171.966] 5DD9jE8Z3LvpVn2TxknJyX
[0.654, 0.751, 8, -7.508, 0.105, 0.246, 0.0179, 0.167, 0.568, 92.781] 3Osd3Yf8K73aj4ySn6LrvK
[0.791, 0.888, 7, -4.763, 0.0813, 0.111, 0, 0.347, 0.312, 100.697] 4knovl0oZ5xPm24exTVX0c
[0.519, 0.894, 9, -3.717, 0.365, 0.00283, 0, 0.205, 0.457, 179.847] 56nCodRYG7XIXun8aPdciu
[0.703, 0.922, 2, -2.871, 0.262, 0.0137, 0, 0.636, 0.519, 88.94] 7aeQiy0GLM6FvmAXSLMwAR
[0.661, 0.766, 4, -5.339, 0.0761, 0.00202, 0, 0.167, 0.465, 97.01] 2Lh9dYrsClShUM2W3afsY5
[0.547, 0.937, 7, -2.694, 0.0867, 0.0207, 0, 0.216, 0.5, 128.059] 3EdRNHyeFk0p6igyWt1J0D
[0.763, 0.786, 10, -6.472, 0.229, 0.0146, 0.0114, 0.0817, 0.504, 93.857] 33ZXjLCpiINn8eQIDYEPTD
[0.636, 0.738, 10, -6.753, 0.414, 0.0603, 0, 0.653, 0.634, 92.289] 1BeZVq9IzYupRq57PqYLen
[0.596, 0.815, 6, -5.668, 0.0755, 0.0111, 0, 0.174, 0.459, 165.015] 7zBQRGpYImAdIZc97FNj3V
[0.549, 0.918, 0, -3.112, 0.0679, 0.00535, 0, 0.22, 0.58, 126.09] 3jNyatJv1JxuIlwKoYlo7Y
[0.447, 0.935, 8, -4.23, 0.0906, 0.000193, 0.00728, 0.0865, 0.289, 140.03] 2RxqHa7EgbKHEjYav48eXX
[0.762, 0.883, 8, -5.252, 0.423, 0.0221, 0.000107, 0.148, 0.326, 129.954] 0Gyai75C8bd7ApX4wCNGM1
[0.545, 0.932, 7, -2.189, 0.0399, 0.000665, 0, 0.127, 0.465, 92.956] 0wkzGtpf4WsYgWwDTeCjTR
[0.75, 0.849, 0, -3.097, 0.264, 0.0803, 0, 0.333, 0.771, 89.501] 792TEXXCBN8SxkQOsWCECr
[0.508, 0.898, 1, -4.7, 0.222, 0.0818, 0, 0.105, 0.529, 87.379] 2nRHeU0UsZaE7zbGvEcPlM
[0.498, 0.862, 2, -4.428, 0.164, 0.00235, 0, 0.0412, 0.546, 113.267] 5KQby48bsgbxTsOurP9gaA
[0.485, 0.93, 6, -4.767, 0.377, 0.0185, 0, 0.337, 0.497, 171.952] 55p1Vv0tJMunWGAZJUEKcd
[0.621, 0.949, 8, -3.378, 0.297, 0.0439, 3.53e-05, 0.324, 0.394, 83.973] 23mTGlNJMkWF9UcXnacKpt
[0.571, 0.861, 7, -2.696, 0.383, 0.00172, 0, 0.317, 0.372, 179.814] 49WcLDJOqgpl3yYkRM8AHL
[0.564, 0.704, 4, -6.883, 0.0425, 0.00282, 0.000131, 0.102, 0.311, 150.152] 05HNjbWZuDRdN0l4BVkRk9
[0.708, 0.749, 2, -5.64, 0.0897, 0.0146, 0, 0.0913, 0.382, 96.016] 1t6Q9u7CBldzavlHzpPAS8
[0.82, 0.831, 5, -4.856, 0.0315, 0.0962, 0, 0.181, 0.945, 110.048] 762feiJzShEzIQfZLSIr2C
[0.646, 0.772, 2, -6.816, 0.29, 0.00627, 0, 0.151, 0.635, 84.613] 1iMDPoCdFwUY8v59V5eqvj
[0.478, 0.903, 11, -5.35, 0.14, 0.000601, 0, 0.124, 0.736, 173.967] 7M7VUNhN51Fjsu58dLv0EY
[0.451, 0.815, 2, -5.55, 0.0368, 6.06e-05, 0, 0.27, 0.618, 147.974] 6ZxrUCaynLgKSUudACOTwj
[0.479, 0.88, 7, -2.792, 0.0576, 0.000809, 0, 0.0896, 0.764, 166.021] 2tHjPxKz6VaKkQYriYxAy0
[0.427, 0.908, 8, -5.399, 0.165, 0.00325, 6.12e-05, 0.0475, 0.617, 108.681] 2YC6ET3q1F29B0V7UcPV70
[0.651, 0.741, 4, -5.067, 0.0408, 0.00293, 1.2e-05, 0.217, 0.386, 168.02] 4IXiFMhtXEbSEG8UoAeTwD
[0.609, 0.937, 6, -2.912, 0.0495, 0.00324, 0.000294, 0.129, 0.493, 95.961] 55SUneDPq3ZOrJi8sVG78G
[0.763, 0.847, 8, -4.137, 0.323, 0.392, 0, 0.114, 0.614, 93.981] 5BzU49i2KXfXZezI6qtDl8
[0.66, 0.96, 10, -5.412, 0.272, 0.173, 0.000238, 0.0553, 0.466, 92.496] 6E5JDnaSWqj7G0eVUiUjjh
[0.914, 0.759, 10, -5.439, 0.303, 0.069, 0, 0.113, 0.36, 94.118] 1fVtg0fkVWWXeMbGF3FGaB
[0.701, 0.918, 5, -4.16, 0.453, 0.297, 0, 0.626, 0.765, 204.271] 3OXUdVq1TT8WDYQO69meOs
[0.512, 0.79, 9, -6.166, 0.0585, 0.00929, 0, 0.362, 0.398, 146.162] 6fd3mZrsVbe7N6whWrlZYv
[0.604, 0.785, 9, -7.47, 0.144, 0.112, 0, 0.329, 0.577, 143.904] 0WKY4nRJgz3GUG7IqkTgUH
[0.773, 0.835, 6, -9.596, 0.0467, 0.146, 0.00446, 0.172, 0.739, 92.023] 6js7Ayz4iWzmGzRm3VYK36
[0.755, 0.604, 1, -5.436, 0.417, 0.382, 0, 0.125, 0.663, 98.458] 5ngSGTy4Tw8cIBCMeIgoc9
[0.843, 0.7, 9, -3.249, 0.26, 0.127, 0, 0.876, 0.675, 95.05] 65iyI1iybyv5ecsfBHSdUf
[0.713, 0.955, 7, -5.355, 0.115, 0.033, 0, 0.157, 0.135, 130.008] 2XzZZ7oibRXnnl80HPZeMV
[0.548, 0.853, 7, -7.284, 0.0837, 0.179, 0, 0.272, 0.579, 144.09] 6f4kA6R95cUJWQ9geSTB6c
[0.431, 0.994, 1, -4.504, 0.0774, 0.0688, 0.0129, 0.296, 0.905, 195.975] 6eCOBMsY4djC7UudB9u2tC
[0.515, 0.732, 4, -6.425, 0.0826, 0.00125, 0, 0.502, 0.178, 74.864] 2mNQYsAPM2lwSpG8BCcqXt
[0.522, 0.774, 5, -6.893, 0.418, 0.0215, 0, 0.456, 0.405, 130.004] 3GaIhMRYflNE1oER797AaM
[0.479, 0.756, 4, -6.982, 0.0665, 0.00375, 0, 0.161, 0.149, 133.911] 2ukSGKuNwVDvJ7vA2RPwT4
[0.78, 0.881, 5, -4.876, 0.166, 0.0345, 0.0134, 0.279, 0.505, 109.961] 4r7fvfb1I1ZPQEvtwvr427
[0.406, 0.923, 2, -7.097, 0.0512, 0.000357, 0.119, 0.084, 0.135, 151.036] 5nAQh1Aj01NTLEeh3vqFkl
[0.458, 0.852, 11, -4.442, 0.276, 0.0317, 0, 0.0547, 0.765, 104.021] 5YpZh8wfS4moRBk0ijNcXr
[0.493, 0.808, 5, -3.365, 0.0362, 0.000235, 0, 0.0983, 0.38, 117.971] 6Wx88Mv6b9ofjKMKkdwOJd
[0.309, 0.971, 3, -3.45, 0.146, 0.00208, 8.12e-06, 0.565, 0.456, 195.809] 58J1l73w3TcdpGqN0n1TiZ
[0.602, 0.745, 8, -4.725, 0.199, 0.0216, 0, 0.197, 0.388, 102.097] 7vDsHa9ZAgPXsRFwh5AsHB
[0.699, 0.818, 1, -4.919, 0.207, 0.0849, 0, 0.0964, 0.352, 91.924] 2P0B20FMY14xQfrKCHYKhV
[0.507, 0.961, 4, -1.881, 0.316, 0.0568, 0, 0.842, 0.586, 94.737] 3ZLIezMN3Uca2cVwF7S5qp
[0.593, 0.933, 2, -3.507, 0.312, 0.0144, 0, 0.222, 0.754, 90.178] 2P6HEZTIFlzgMgk8tLk9tC
[0.559, 0.956, 2, -1.86, 0.184, 0.00983, 0.00887, 0.154, 0.687, 86.942] 66Fk8hz7BIpmralfvfGxYe
[0.504, 0.631, 1, -6.568, 0.354, 0.0543, 0, 0.516, 0.214, 97.401] 0Pv6bmLtWfVnB2vMajNDcc
[0.542, 0.902, 8, -4.512, 0.279, 0.0598, 0, 0.07, 0.661, 95.326] 2ewHRgIPVts3m8Qbybnlvt
[0.613, 0.846, 2, -3.835, 0.366, 0.134, 0, 0.153, 0.775, 84.698] 46UTu4LpsCc81uX0qCgW5N
[0.743, 0.861, 3, -5.234, 0.0428, 0.00518, 0, 0.181, 0.391, 111.959] 4UtLXegebv7qNBF26nivhZ
[0.732, 0.838, 6, -4.608, 0.301, 0.404, 0, 0.16, 0.761, 91.657] 79L9TcG0LrX5SUiuq9iM0t
[0.642, 0.846, 7, -3.856, 0.423, 0.112, 0, 0.045, 0.519, 179.548] 3tFI8AEosXedl4jEQwwwSg
[0.768, 0.806, 6, -1.406, 0.195, 0.261, 0, 0.0785, 0.927, 88.024] 1OKPQF7iS8TVxY4gwvBZ3n
[0.631, 0.911, 8, -3.482, 0.132, 0.00305, 0, 0.262, 0.688, 77.5] 4O7oKy8YADaBrbehcPl0kE
[0.628, 0.679, 2, -7.241, 0.0497, 0.00182, 0, 0.195, 0.368, 140.005] 5EPMZ6PSwiQ0n33FNiuSgP
[0.595, 0.415, 8, -12.314, 0.0482, 0.0221, 3.33e-05, 0.102, 0.298, 139.926] 43G0W6XahDpIBHbQfuTTP6
[0.682, 0.697, 6, -7.239, 0.106, 0.0344, 2.99e-05, 0.349, 0.575, 119.975] 6zrWo6LSRhopY4NFZgUYOW
[0.685, 0.758, 11, -6.431, 0.0772, 0.0135, 0, 0.224, 0.482, 128.089] 1rnXV4bem7S9ceL2snZ08u
[0.582, 0.825, 5, -6.162, 0.215, 0.0124, 0, 0.603, 0.347, 159.945] 1TwiB6WkwPkpibnrJVhA0O
[0.59, 0.815, 3, -4.705, 0.0362, 0.219, 0, 0.158, 0.626, 127.93] 63akSpmIZedcdFNNmPIQFx
[0.615, 0.872, 3, -6.086, 0.167, 0.159, 0, 0.212, 0.774, 144.109] 7haaO6hxWkBenDIyhUWXYL
[0.611, 0.786, 6, -5.974, 0.326, 0.108, 0, 0.114, 0.728, 94.004] 1ksi4nZ0E0Z3ylpIYX0Zh6
[0.728, 0.823, 6, -4.64, 0.23, 0.256, 0, 0.655, 0.925, 82.083] 5aiB4BPEHcoe06ek2PLuLC
[0.776, 0.882, 4, -5.311, 0.129, 0.0254, 0, 0.176, 0.0742, 112.463] 50YDnd2cFqMColEWtd00BA
[0.834, 0.732, 1, -5.121, 0.138, 0.0247, 0, 0.112, 0.298, 130.011] 5rmn2q6kg1jCpXlSGS9bpf
[0.683, 0.537, 2, -6.945, 0.0878, 0.0619, 1.01e-05, 0.247, 0.153, 145.089] 1olNHIIVl4EVwIEPGYIR7G
[0.537, 0.891, 9, -5.134, 0.0912, 0.0251, 0, 0.631, 0.447, 143.986] 0yZdDRjXMY8yAu8IS5sahA
[0.466, 0.537, 6, -8.358, 0.0746, 0.104, 0.000342, 0.375, 0.135, 133.958] 4r2HXKY1QjrdT1uPf82maG
[0.855, 0.484, 4, -16.212, 0.0841, 0.0137, 0.843, 0.0979, 0.38, 127.982] 4DV4WrZCnb6hpWNpwNvaLi
[0.608, 0.666, 7, -7.617, 0.109, 0.0242, 2.5e-05, 0.121, 0.213, 155.937] 2YXrYFN4le88OlsQYb9FcD
[0.294, 0.494, 0, -15.05, 0.0456, 0.602, 0.0146, 0.175, 0.219, 79.099] 73cxDSbS2p3xP0Qrl8rzKy
[0.718, 0.815, 5, -3.374, 0.165, 0.21, 0, 0.805, 0.48, 124.991] 43a2aHL4wOq3XkVF73dUDi
[0.869, 0.687, 1, -6.816, 0.263, 0.0208, 1e-06, 0.114, 0.668, 96.006] 4XoP1AkbOurU9CeZ2rMEz2
[0.756, 0.857, 2, -4.185, 0.336, 0.0452, 0, 0.121, 0.688, 140.016] 22Mme5vsZ688TMUieIHdx3
[0.641, 0.63, 8, -6.393, 0.0521, 0.0372, 0, 0.4, 0.415, 79.955] 3u9fHuAtjMY1RW2mZfO4Cf
[0.497, 0.841, 1, -8.634, 0.265, 0.133, 0, 0.348, 0.683, 171.725] 1krJQDrcijvkcxhGLMxJS3
[0.719, 0.796, 11, -2.861, 0.403, 0.101, 0, 0.324, 0.647, 99.186] 7vhAElhHjvAJfggHXjobvp
[0.817, 0.844, 6, -1.762, 0.309, 0.0597, 0, 0.068, 0.794, 91.523] 0GltMgspY6OkEm4bBgsn8Z
[0.648, 0.778, 1, -5.276, 0.239, 0.0506, 0, 0.354, 0.346, 152.511] 6iuhQ7iPpOpijgz6H3apFY
[0.379, 0.864, 7, -4.289, 0.494, 0.104, 0, 0.38, 0.795, 205.625] 22etQv0qPgcTGSLFz70945
[0.431, 0.994, 1, -4.504, 0.0774, 0.0688, 0.0129, 0.296, 0.905, 195.975] 6eCOBMsY4djC7UudB9u2tC
[0.777, 0.716, 11, -5.327, 0.347, 0.294, 0, 0.665, 0.593, 95.756] 3EBFAnRTOBR42LS2fn6O6u
[0.595, 0.714, 1, -5.705, 0.0609, 0.0381, 0, 0.08, 0.141, 88.449] 0Cw5iiA8OHWIhuIIA8u8N5
[0.592, 0.934, 2, -4.611, 0.0795, 0.000734, 5.23e-05, 0.116, 0.332, 89.977] 4PW4Ct2QwBTKTJ2tmL5rdJ
[0.53, 0.899, 10, -4.277, 0.192, 0.0292, 0, 0.453, 0.746, 97.858] 6iws8ifRyJDtxdmP5oqGMl
[0.523, 0.876, 10, -5.965, 0.302, 0.00258, 7.26e-05, 0.123, 0.351, 98.299] 3YkajtMNQZ6Oh9vcFjI2qT
[0.69, 0.747, 2, -4.583, 0.264, 0.00984, 0.000685, 0.355, 0.0703, 171.367] 0j5X6DrzkgY64Mm8NQp5mi
[0.609, 0.937, 6, -2.912, 0.0495, 0.00324, 0.000294, 0.129, 0.493, 95.961] 55SUneDPq3ZOrJi8sVG78G
[0.519, 0.894, 9, -3.717, 0.365, 0.00283, 0, 0.205, 0.457, 179.847] 56nCodRYG7XIXun8aPdciu
[0.664, 0.771, 8, -4.299, 0.311, 0.0533, 0, 0.159, 0.559, 171.642] 2MOvujzhsGcJVGHJGNWLrP
[0.77, 0.789, 2, -3.416, 0.0709, 0.0241, 0, 0.359, 0.898, 100.059] 6Mnif6aLzgKi3CoxNTuIkf
[0.55, 0.704, 8, -6.426, 0.0592, 0.0617, 0, 0.152, 0.226, 128.049] 5m1NC5p6ZsxgpQU7M1pHmT
[0.68, 0.871, 9, -5.186, 0.226, 0.0582, 0, 0.0717, 0.719, 95.05] 0WjbSIgpAG0REkMgIvmT8f
[0.595, 0.5, 1, -8.102, 0.0294, 0.0367, 6.53e-05, 0.0922, 0.17, 75.003] 0dzGkZuSHw42eh9VLV1Mzd
[0.613, 0.582, 5, -6.255, 0.17, 0.418, 7.72e-05, 0.12, 0.286, 134.227] 20KUzCMs22osRkavPuShDl
[0.719, 0.682, 6, -8.51, 0.0646, 0.00994, 0.229, 0.272, 0.398, 140.013] 1d0YUMGU8Hs0cCy067y1ZV
[0.678, 0.637, 6, -7.852, 0.0478, 0.00285, 2.03e-05, 0.12, 0.475, 126.007] 2vA00G6RJAR6XAZB4SOPKV
[0.726, 0.626, 0, -8.884, 0.0332, 0.0135, 0, 0.112, 0.634, 129.996] 5UDIJbA6a3epCgntdODPCl
[0.595, 0.5, 1, -8.102, 0.0294, 0.0367, 6.53e-05, 0.0922, 0.17, 75.003] 0dzGkZuSHw42eh9VLV1Mzd
[0.594, 0.613, 7, -8.788, 0.041, 0.000192, 0.00164, 0.0839, 0.58, 165.981] 7g2VaDDp9TZ8XT8RYaAC5F
[0.662, 0.691, 9, -7.818, 0.112, 0.0363, 0, 0.36, 0.235, 84.012] 3nrBVM3oqwgJ0rSZb84tjZ
[0.393, 0.848, 2, -4.925, 0.0425, 9.5e-05, 0, 0.265, 0.334, 158.117] 3kTXJV1F3GsLo2XKRy2rnJ
[0.596, 0.947, 9, -4.514, 0.218, 0.0252, 0, 0.888, 0.555, 143.992] 3Szet5iVcwDfOgWgDbMP4F
[0.747, 0.912, 6, -3.324, 0.262, 0.139, 0, 0.271, 0.59, 127.096] 7o92cBTVVzDsDwmtToWU0m
[0.499, 0.599, 1, -5.696, 0.215, 0.083, 0.104, 0.381, 0.252, 181.581] 0qW8wg0hqb003rxgV4X8mj
[0.769, 0.541, 1, -7.39, 0.133, 0.00291, 0, 0.257, 0.146, 130.005] 6njL0mR4y1Ercw11mqrOsy
[0.556, 0.644, 6, -5.805, 0.402, 0.0558, 2.32e-05, 0.35, 0.499, 140.009] 671XaUBmifTMXDbZK5CB1M
[0.487, 0.729, 2, -6.815, 0.271, 0.0538, 4.07e-06, 0.44, 0.217, 91.048] 3qX1dqmDdmMvvfMVfsx4Bh
[0.489, 0.718, 6, -5.989, 0.11, 0.0122, 0, 0.0546, 0.0568, 207.986] 1j6kDJttn6wbVyMaM42Nxm
[0.67, 0.599, 9, -8.592, 0.276, 0.00666, 0, 0.044, 0.648, 139.97] 0vB2Rfcz6xC5FsCpBqrZZI
[0.691, 0.756, 1, -3.797, 0.0354, 0.0109, 0, 0.0671, 0.106, 104.061] 3OIcwEw520Kp2mpDNFpZuG
[0.618, 0.717, 7, -5.738, 0.318, 0.00256, 0, 0.625, 0.603, 190.05] 5NQbUaeTEOGdD6hHcre0dZ
[0.502, 0.652, 9, -7.224, 0.3, 0.0849, 0, 0.0675, 0.649, 136.04] 3UaqMekEh1kbVu2A6DwiQs
[0.683, 0.833, 5, -3.902, 0.0838, 0.00152, 0, 0.382, 0.61, 102.918] 21tYlvGRZLDTWuvISGJEoi
[0.767, 0.872, 10, -4.25, 0.0761, 0.153, 0, 0.518, 0.565, 112.6] 74OqjT3PMVWlZAyqUt4FgG
[0.672, 0.706, 1, -4.845, 0.0548, 0.00597, 1.35e-06, 0.163, 0.334, 133.953] 3a7FO7QpPaYN8BhKCbFYkf
[0.641, 0.808, 10, -2.286, 0.116, 0.00538, 0, 0.0722, 0.601, 133.935] 49MmbCv0h27EQMPKXsVyf6
[0.71, 0.887, 4, -4.073, 0.224, 0.0114, 0, 0.38, 0.847, 140.084] 33DlJQj8sn7ZbMIP05Gwv0
[0.812, 0.462, 10, -8.128, 0.211, 0.0184, 0.191, 0.0674, 0.269, 128.101] 3PBC860LAeS4utDAqlqIe2
[0.823, 0.733, 1, -5.474, 0.0628, 0.0349, 0, 0.324, 0.397, 97.972] 4w7yrP4RAeeyhfG9nJqQvS
[0.618, 0.717, 7, -5.738, 0.318, 0.00256, 0, 0.625, 0.603, 190.05] 5NQbUaeTEOGdD6hHcre0dZ
[0.528, 0.983, 8, -3.133, 0.146, 0.000518, 0.000324, 0.18, 0.141, 144.981] 6mNMp0g3zkg1K7uBpn07zl
[0.666, 0.715, 2, -5.276, 0.261, 0.111, 9.69e-06, 0.23, 0.725, 88.046] 31ZkEyJlfJtCjyMhmZxLEd
[0.863, 0.493, 6, -8.388, 0.146, 0.0145, 1.3e-06, 0.0973, 0.198, 125.019] 4Tzf1U3MWwHQosxyWTXJ1Y
[0.387, 0.945, 11, -3.639, 0.361, 0.000763, 0.221, 0.177, 0.315, 164.983] 1ODwto7ZZY2fGnez0Hp18L
[0.65, 0.651, 2, -6.47, 0.0619, 0.00061, 0, 0.241, 0.468, 132.991] 4MqMpR4oTZz1ihPmZEo0eH
[0.399, 0.942, 7, -2.521, 0.174, 0.0631, 0, 0.0909, 0.6, 119.65] 2ce7lFq7zsLdipAp6IdORb
[0.375, 0.862, 11, -3.363, 0.255, 0.071, 0, 0.211, 0.478, 159.841] 3KzBxXbF2tc01LeKu1uIMM
[0.757, 0.859, 2, -3.736, 0.137, 0.0547, 0, 0.2, 0.306, 133.673] 6kTlFCt0M6wQyKBzvi8tC8
[0.745, 0.858, 9, -2.221, 0.237, 0.28, 0, 0.188, 0.547, 89.983] 785t3poQsvdkSeH5xGA9R4
[0.892, 0.693, 11, -4.048, 0.215, 0.0277, 0, 0.123, 0.357, 91.989] 124VsaiHmk4G5yuY6S5AEo
[0.583, 0.753, 5, -5.485, 0.394, 0.0806, 0, 0.397, 0.54, 173.954] 2cm5JHPVzXyrWPtIZZi1Gh
[0.854, 0.954, 0, -1.185, 0.246, 0.543, 0, 0.201, 0.67, 114.609] 4hEl2wrneFEJbJ6SDYWd2f
[0.504, 0.631, 1, -6.568, 0.354, 0.0543, 0, 0.516, 0.214, 97.401] 0Pv6bmLtWfVnB2vMajNDcc
[0.676, 0.913, 4, -5.198, 0.109, 0.00103, 3.54e-06, 0.224, 0.39, 94.994] 4Z91Xh9bjKLWR1gDvvVdHn
[0.575, 0.811, 9, -10.981, 0.0401, 0.0159, 4.37e-06, 0.0902, 0.873, 149.671] 6AJlcxjEO2baFC24GPsJjg
[0.518, 0.811, 0, -5.058, 0.0307, 0.00099, 5.81e-06, 0.207, 0.105, 143.985] 20YmjVGEKAiL7aeDrLWDk4
[0.412, 0.848, 4, -4.431, 0.0552, 0.000106, 0, 0.246, 0.483, 183.98] 6nUt1TCrfUcaihvIkwurAR
[0.554, 0.672, 4, -4.466, 0.0294, 0.000848, 0, 0.136, 0.339, 139.987] 0TIqLBXXeFk33GRAZQ5zXv
[0.478, 0.903, 11, -5.35, 0.14, 0.000601, 0, 0.124, 0.736, 173.967] 7M7VUNhN51Fjsu58dLv0EY
[0.679, 0.734, 10, -5.542, 0.444, 0.0241, 1.65e-06, 0.369, 0.245, 145.028] 46THN9jjPWhSqFUu6YsBhv
[0.434, 0.695, 10, -7.464, 0.485, 0.0168, 0, 0.834, 0.16, 167.309] 57hCSu4zMTdnSum7NBL1Ye
[0.675, 0.758, 4, -4.589, 0.0368, 0.431, 0.00177, 0.377, 0.152, 89.982] 4Arjo1XR9qXsLstvU9fFV3
[0.677, 0.565, 1, -7.752, 0.281, 0.000236, 0, 0.107, 0.692, 179.953] 1nC1orThSdil3o32fOGGF8
[0.434, 0.473, 10, -8.513, 0.0335, 0.158, 0.000298, 0.13, 0.0395, 112.294] 4yFoV6deeZgoXrCbOW0ubc
[0.775, 0.618, 10, -7.177, 0.254, 0.148, 6.59e-06, 0.291, 0.402, 82.067] 33gppasE54usJsGu7dCXWI
[0.286, 0.426, 10, -11.843, 0.0464, 0.252, 0.00587, 0.0459, 0.0579, 114.54] 767T5vqvDToZ8LtqT8iZx9
[0.649, 0.896, 10, -2.704, 0.056, 0.000319, 1.19e-05, 0.102, 0.924, 90.009] 4ImIJRZNJhNQLLdUFSYJoS
[0.404, 0.969, 8, -2.938, 0.195, 8.51e-05, 0.0114, 0.268, 0.29, 173.878] 4VGUcTzWj0ebZ0UgI9irJL
[0.466, 0.833, 7, -4.215, 0.304, 0.0266, 0, 0.0327, 0.661, 88.785] 59WN2psjkt1tyaxjspN8fp
[0.369, 0.995, 0, -2.584, 0.12, 7.6e-05, 0.00589, 0.241, 0.27, 185.985] 3a9urnht8HvfFzPwd0ipx6
[0.322, 0.947, 4, -3.173, 0.12, 0.00846, 3.95e-06, 0.238, 0.269, 189.994] 4CDoeHIz44HzXq3j6LkZq6
[0.422, 0.927, 7, -3.906, 0.13, 0.000431, 0.00109, 0.119, 0.31, 127.243] 7ljG08HpPchnE86B5mVjG2
[0.291, 0.974, 6, -2.997, 0.171, 0.0177, 5.44e-06, 0.886, 0.348, 134.724] 7bFs4yVuMdy28Ts7vLI2Zt
[0.492, 0.95, 2, -4.195, 0.076, 0.000444, 6.22e-05, 0.22, 0.391, 110.027] 4geHi4niVBx4lQ4Nku1Q3t
[0.416, 0.741, 7, -4.001, 0.0335, 0.00804, 0, 0.273, 0.286, 160.515] 5PZ2cqh9Yem2g6cTSOLllz
[0.44, 0.913, 9, -7.082, 0.0738, 0.000193, 0.000721, 0.327, 0.352, 92.012] 3qABqrcwWBz0lMaFrXRLZu
[0.816, 0.881, 1, -3.665, 0.176, 0.0122, 0.833, 0.106, 0.732, 125.059] 4YvMQW4p1tK7qlQ5OD5cOa
[0.394, 0.783, 4, -5.152, 0.0437, 0.00153, 1.24e-06, 0.0945, 0.276, 166.052] 5tfsz1xkqRNgbt19ntdwV9
[0.494, 0.908, 8, -5.408, 0.199, 8.93e-05, 3.46e-05, 0.187, 0.438, 171.989] 4kIp64bu1ARnnm9M6rv6bc
[0.509, 0.838, 6, -5.441, 0.052, 2.19e-05, 6.3e-06, 0.46, 0.418, 127.006] 26CXspNT5x9Ay6NVpwBKjV
[0.721, 0.884, 11, -5.309, 0.0768, 0.0114, 0.0126, 0.0466, 0.521, 150.019] 7wyPZ9mcIFdpAmQvQDBTGG
[0.597, 0.544, 1, -8.868, 0.062, 0.00192, 0.0562, 0.07, 0.263, 105.014] 4YhITuwINLCfXYB2WCXbCZ
[0.804, 0.758, 4, -4.819, 0.0483, 0.000875, 0.331, 0.125, 0.424, 127.946] 0lMrWcrVXHPEuVBuc0nRzZ
[0.419, 0.938, 7, -3.12, 0.0837, 0.000683, 0, 0.114, 0.333, 160.151] 1KTJmfwrk5pYqsi9mkY3nT
[0.587, 0.662, 8, -7.006, 0.0601, 0.0125, 0, 0.113, 0.15, 137.825] 7kI7PmNxvHmF2edEXQScR4
[0.813, 0.703, 11, -5.077, 0.268, 0.125, 1.26e-06, 0.237, 0.241, 94.828] 7N1Vjtzr1lmmCW9iasQ8YO
[0.79, 0.728, 2, -9.221, 0.391, 0.366, 0, 0.112, 0.403, 96.978] 6nwAubYnLGl7F7cDuOoVLp
[0.763, 0.786, 10, -6.472, 0.229, 0.0146, 0.0114, 0.0817, 0.504, 93.857] 33ZXjLCpiINn8eQIDYEPTD
[0.443, 0.948, 6, -3.688, 0.333, 0.00653, 1e-05, 0.0683, 0.713, 176.64] 5Rnej8UPb0RuEEgK3CMp84
[0.647, 0.901, 8, -5.381, 0.0433, 0.31, 0.724, 0.928, 0.304, 125.023] 0e4tQbb6dwQRmMe8IeZHhj
[0.401, 0.786, 6, -4.585, 0.076, 0.00313, 0, 0.13, 0.372, 89.27] 2WL3Sp2wF47LwBYsQl68NP
[0.608, 0.963, 1, -4.886, 0.36, 0.0139, 0.103, 0.354, 0.392, 132.023] 5zzQwnHKPFDwkAxlswKYZG
[0.535, 0.809, 2, -3.382, 0.0385, 0.000232, 0.25, 0.106, 0.0662, 127.027] 3OgU43E7rPo3u9fNEIpdWi
[0.303, 0.848, 3, -4.982, 0.059, 0.000109, 0, 0.227, 0.339, 150.086] 1lzigI4MIuc29StCLNvhpE
[0.426, 0.601, 0, -7.777, 0.0445, 0.00976, 3.89e-05, 0.172, 0.074, 125.03] 2QljQMrRSFpZsWUsWROpuK
[0.801, 0.908, 2, -6.554, 0.221, 0.00253, 0.000655, 0.0698, 0.805, 87.279] 3ssX20QT5c3nA9wk78V1LQ
[0.584, 0.914, 1, -4.601, 0.239, 0.0573, 0.0818, 0.243, 0.0674, 132.024] 2PyXqwD49Q9Xnu3IsDPQPl
[0.65, 0.524, 7, -8.207, 0.0296, 0.000735, 0.0684, 0.0498, 0.292, 134.989] 0P6WrsKYBNPmD48VPWOCWZ
[0.587, 0.896, 6, -8.134, 0.0397, 0.0128, 0.92, 0.252, 0.245, 132.006] 1SVTxQc1vzbSx69aqdRHDX
[0.865, 0.496, 2, -4.21, 0.126, 0.00338, 0.833, 0.047, 0.174, 127.988] 3xcMEY6lVtFCJ5kLf9mFNK
[0.68, 0.798, 11, -7.947, 0.0642, 0.00101, 0.249, 0.0651, 0.401, 125.989] 6q0f0zpByDs4Zk0heXZ3cO
[0.906, 0.775, 2, -5.775, 0.268, 0.0831, 2.74e-05, 0.15, 0.838, 100.054] 13QU1ThhwiGzPfwUFcylxr
[0.457, 0.899, 10, -2.591, 0.132, 0.0019, 0, 0.831, 0.298, 147.268] 6JyuJFedEvPmdWQW0PkbGJ
[0.496, 0.73, 1, -6.669, 0.0368, 0.0033, 0.679, 0.334, 0.0799, 158.486] 6psHRJzds5NJxi5rRFVrgi
[0.804, 0.676, 0, -11.16, 0.0592, 0.0292, 0.898, 0.151, 0.651, 124.013] 5DQLvxOz41HDQflePU7pgG
[0.515, 0.793, 6, -2.85, 0.0501, 0.0108, 0, 0.0721, 0.431, 128.032] 7yz7qd34tUXXujAZDaJNyv
[0.849, 0.609, 5, -7.112, 0.086, 0.173, 0.635, 0.092, 0.363, 124.016] 0nljtNh33EbDvDsRmgyX0L
[0.703, 0.979, 7, -3.245, 0.13, 0.0211, 0.00465, 0.0797, 0.276, 128.034] 40F6419kwK19oir2BYJbax
[0.401, 0.718, 6, -8.564, 0.0885, 0.0268, 0.261, 0.852, 0.146, 127.976] 4YRGaCTrlxiTEj16ykZViG
[0.642, 0.63, 1, -8.962, 0.0359, 0.00408, 0.97, 0.293, 0.888, 104.991] 09tzShUqtuLg5ZI55pilKE
[0.644, 0.79, 4, -4.698, 0.0613, 0.00233, 0, 0.177, 0.36, 96.997] 2Cr5ukvp29WovoRWZKCYjR
[0.309, 0.919, 2, -3.131, 0.0609, 0.00039, 0.000225, 0.423, 0.322, 103.891] 1znGxpojJSjxZZEWA5zWva
[0.614, 0.986, 11, -2.959, 0.241, 0.0283, 0, 0.366, 0.438, 91.012] 4iDOByIerZxsJlai4tM2Iv
[0.54, 0.633, 5, -9.094, 0.0934, 0.676, 0.000845, 0.171, 0.365, 87.926] 391X43eyNly39DHHHeImqH
[0.579, 0.96, 1, -3.152, 0.245, 0.102, 0, 0.0674, 0.566, 133.63] 4pnFRnCOfaETea25g0YSvG
[0.599, 0.962, 5, -1.266, 0.161, 0.0093, 0.0151, 0.767, 0.425, 174.014] 4aW4j7ef4H9SPsfKrczvvr
[0.521, 0.716, 1, -8.739, 0.0795, 0.000777, 0, 0.163, 0.0729, 85.109] 0lSCZrdRHTEErJuZ0drUcA
[0.603, 0.894, 1, -3.749, 0.131, 0.0172, 1.75e-05, 0.304, 0.553, 96.055] 4w2qVocI9JzEG9ZWfafye4
[0.713, 0.626, 3, -6.614, 0.0352, 0.00692, 0, 0.208, 0.279, 100.017] 4iDu6c7bnjp4ooOCs30h3f
[0.594, 0.913, 11, -4.545, 0.294, 0.0457, 0.000191, 0.284, 0.735, 92.038] 3iZc0giQC5ySLgbJ6gQFEl
[0.735, 0.867, 11, -6.265, 0.352, 0.0207, 1.73e-06, 0.2, 0.79, 95.958] 4iyABGMl11IGQtuC22basc
[0.472, 0.525, 6, -8.276, 0.324, 0.0554, 0.00157, 0.0734, 0.373, 129.706] 0NmpS3jZ2gqKL4d4zvLBTi
[0.443, 0.963, 8, -3.213, 0.217, 0.000767, 7.36e-05, 0.311, 0.428, 177.005] 4FSzFdrCg4m1d0lN08IQXr
[0.492, 0.987, 4, -3.398, 0.122, 8.96e-06, 0, 0.231, 0.354, 103.98] 5j7kbuuMtOMG2ijUtI7ef9
[0.56, 0.892, 4, -3.365, 0.0644, 0.000624, 0.000164, 0.177, 0.67, 90.615] 4V05j7HDUU2bZQwDOeIySh
[0.605, 0.903, 11, -3.247, 0.107, 0.0304, 0.000147, 0.162, 0.139, 127.965] 0WLQtCcKQ9r9VuQEF5MoOp
[0.587, 0.879, 8, -7.132, 0.0777, 0.0526, 0.216, 0.138, 0.32, 128.066] 3jnnWx5PCU7dAimPgotu74
[0.53, 0.852, 7, -3.248, 0.046, 0.0251, 0, 0.354, 0.355, 115.021] 6DfNguhzYrEd5PU7G76UEM
[0.5, 0.98, 0, -1.429, 0.047, 0.163, 0, 0.364, 0.465, 90.711] 62LUAnpbhnJjTW7BTVVw1L
[0.726, 0.583, 0, -6.434, 0.23, 0.334, 0.00135, 0.122, 0.491, 140.943] 040K8ctMWd2pNdanqgs6mB
[0.668, 0.623, 11, -5.847, 0.133, 0.454, 1.19e-06, 0.104, 0.223, 98.006] 38U3gfBThE5pxlHjZm9hZ7
[0.85, 0.726, 6, -4.473, 0.0874, 0.101, 2.03e-06, 0.0885, 0.959, 125.99] 1lVbo1uxjvMo1lLc0Cp3ot
[0.72, 0.898, 11, -3.701, 0.0997, 0.0962, 0, 0.0675, 0.964, 143.431] 15HadeuRG9THazDGzLH8ZU
[0.698, 0.779, 8, -6.633, 0.172, 0.301, 0, 0.392, 0.461, 109.79] 2GprdDijdsY5PMrtU9YTNP
[0.374, 0.976, 2, -2.095, 0.361, 0.015, 0, 0.118, 0.378, 81.814] 7njD9Bxj0B1yIH1FWBFvo7
[0.67, 0.959, 7, -2.906, 0.161, 0.00145, 0.851, 0.154, 0.13, 128.026] 4Whb48QVef30hmc6d1tffv
[0.487, 0.368, 1, -11.123, 0.03, 0.0608, 0.402, 0.125, 0.0378, 95.035] 653QMEuurQeEMP6Nt58yFD
[0.786, 0.951, 6, -5.636, 0.0403, 0.0194, 0.79, 0.176, 0.715, 124.995] 6j6HVddoOyKsxGBEZ8ndzj
[0.617, 0.831, 6, -4.984, 0.0443, 0.0311, 0.542, 0.0689, 0.129, 125.015] 3QwrJkOUZEBdPzzITGnoRz
[0.585, 0.874, 7, -6.661, 0.0382, 0.00582, 0.000421, 0.115, 0.224, 129.952] 0xNgXqPTYFDOLSHoqLHhgW
[0.571, 0.818, 4, -5.179, 0.0329, 0.000842, 0.0476, 0.205, 0.251, 127.998] 2R4FTIIdM6DZn9aslXxgiM
[0.631, 0.803, 11, -6.887, 0.114, 0.00511, 0.000583, 0.351, 0.303, 127.967] 4d4imxQnT2nssH7Uwg2PAo
[0.745, 0.905, 6, -5.182, 0.0473, 0.000387, 0.148, 0.0699, 0.378, 128.031] 6ULbkJ16YabZNdJMHsIVmE
[0.6, 0.956, 0, -2.068, 0.0431, 0.105, 0.00289, 0.344, 0.194, 128.071] 0q1YL8hfWM3knO1s0gdRKs
[0.948, 0.656, 5, -4.34, 0.0606, 0.0287, 0, 0.0472, 0.77, 104.495] 7KccdUP4IslFXUNNseqBc7
[0.806, 0.85, 1, -4.659, 0.0978, 0.0502, 0.498, 0.0545, 0.476, 126.009] 1Pc1Fa8OqdskiD2NFnmpQD
[0.679, 0.881, 5, -5.492, 0.0499, 0.00154, 0.00265, 0.709, 0.229, 140.006] 1cj54BW7zgbwIV5dd16lEF
[0.658, 0.76, 1, -3.578, 0.172, 0.042, 0, 0.306, 0.205, 143.997] 6jfx9oGvnJ771kvh7YNYwD
[0.935, 0.608, 4, -5.583, 0.233, 0.102, 0, 0.0891, 0.829, 96.913] 16LnNR25rqcvQVNv5UEQ7g
[0.841, 0.739, 11, -5.111, 0.206, 0.151, 5.9e-05, 0.0897, 0.571, 85.891] 6QunXp3Hfsmz1qRYvILnNE
[0.909, 0.74, 1, -2.361, 0.26, 0.0562, 0, 0.0593, 0.802, 97.855] 1RPhSs2lDYKjDsELKtPvQd
[0.694, 0.895, 9, -3.258, 0.335, 0.269, 4.17e-06, 0.4, 0.779, 167.974] 2hnTGEeWAh9UHIjpMsPiFf
[0.404, 0.869, 5, -4.123, 0.267, 0.0249, 0, 0.106, 0.823, 175.599] 3nCEdqRWTLeNaZOifsD5DL
[0.556, 0.868, 9, -5.741, 0.0441, 0.00157, 0, 0.512, 0.433, 164.075] 2mumY7rLurSxmnWIC1PCtc
[0.505, 0.814, 10, -5.5, 0.182, 0.0154, 0, 0.298, 0.525, 170.083] 7jiFQnU3EtW7yq0KX1Hi3S
[0.585, 0.887, 3, -5.086, 0.0362, 0.000376, 0.0518, 0.132, 0.711, 118.035] 5anCkDvJ17aznvK5TED5uo
[0.898, 0.503, 11, -5.115, 0.266, 0.142, 0, 0.0587, 0.778, 95.807] 0Zfx0dQmXYhCGv9ihlPR3E
[0.896, 0.59, 5, -3.644, 0.208, 0.0869, 0, 0.677, 0.894, 93.947] 1GKkkhwzNDJb9L6ZpXBBGe
[0.596, 0.815, 6, -5.668, 0.0755, 0.0111, 0, 0.174, 0.459, 165.015] 7zBQRGpYImAdIZc97FNj3V
[0.538, 0.77, 7, -3.924, 0.103, 0.00216, 0.165, 0.355, 0.235, 170.035] 003U4oQXv82GYo1tNquN2F
[0.794, 0.613, 3, -5.623, 0.336, 0.348, 0, 0.0579, 0.443, 120.023] 316YI8bde4RlWrLODlEiSn
[0.233, 0.72, 2, -3.477, 0.0418, 0.00473, 0.000305, 0.123, 0.0888, 89.297] 7svgZ6V10L9UUM4LaUTy66
[0.606, 0.909, 7, -4.107, 0.378, 0.00699, 1.48e-06, 0.186, 0.343, 90.073] 1NWgSbKnpOiULlp0X5kFTh
[0.613, 0.701, 10, -4.849, 0.347, 0.0251, 0, 0.382, 0.755, 200.06] 6xBDZ4QjKaBa8uITisVUWb
[0.625, 0.813, 0, -5.78, 0.462, 0.0646, 0, 0.101, 0.511, 179.968] 4mleztJloJtU6GHoMizDev
[0.669, 0.937, 8, -4.054, 0.0714, 0.028, 1.79e-05, 0.318, 0.223, 75.013] 7EYv3adMrIC5mqurz7fHhD
[0.65, 0.684, 8, -6.829, 0.0775, 0.436, 7.58e-06, 0.0708, 0.53, 126.021] 3q5BGkj3ZowvpNRn47g8ZJ
[0.648, 0.676, 8, -7.098, 0.0795, 0.399, 4.12e-06, 0.0888, 0.593, 126.03] 1TNCpmJQNZQ94rsQTeMXzU
[0.865, 0.621, 0, -7.027, 0.109, 0.0285, 0, 0.136, 0.344, 110.044] 6OBRlFTmKfmJuzz1ZOUECA
[0.658, 0.749, 1, -4.49, 0.055, 0.0274, 0, 0.187, 0.132, 101.882] 3vEJaU8h4Zc6RaPmGDAXuo
[0.801, 0.797, 10, -5.16, 0.144, 0.111, 0, 0.186, 0.614, 102.402] 3lNvzWRZpikbIa6Qcz3S19
[0.653, 0.702, 2, -6.854, 0.157, 0.58, 0, 0.0983, 0.419, 160.139] 4b8ZaflRQqOTJMY1ggKqqA
[0.855, 0.528, 0, -6.638, 0.27, 0.19, 0, 0.634, 0.64, 127.999] 3aExYXfX6VHHt7OPU5UtJj
[0.814, 0.886, 1, -3.48, 0.283, 0.241, 0, 0.103, 0.79, 90.014] 693xGvqOaeuxur7BKCznpO
[0.916, 0.649, 4, -8.428, 0.168, 0.165, 0.00139, 0.0629, 0.619, 97.112] 6p4bNlJGxJyj8xZR90gmIA
[0.564, 0.748, 11, -8.224, 0.217, 0.0786, 0, 0.334, 0.731, 84.845] 6ITNGoCUX8oaajL5HFO2e9
[0.408, 0.953, 7, -3.883, 0.226, 0.00532, 0, 0.338, 0.291, 177.94] 3KWW3wKaQviTplvq6cFYFR
[0.481, 0.844, 2, -5.004, 0.214, 0.278, 0, 0.325, 0.424, 82.056] 00AvOVhsUi1gOCnHxTFw7i
[0.539, 0.954, 8, -3.704, 0.0601, 0.00022, 1.71e-05, 0.385, 0.596, 107.983] 3F0MYEGTaVd3GF3aUAXMsM
[0.395, 0.959, 10, -4.409, 0.0632, 6.2e-05, 0.0447, 0.102, 0.319, 167.093] 1XKopm6Ka62xxgI3xIjcRJ
[0.706, 0.407, 6, -10.411, 0.0565, 0.0224, 0, 0.216, 0.525, 100.065] 6hfrauHNGLjYNx0KW3GhGm
[0.677, 0.655, 7, -5.541, 0.0433, 0.0027, 0.276, 0.162, 0.146, 100.119] 3PcrNUFsSYnkJJNE6roBKl
[0.529, 0.623, 8, -10.022, 0.386, 0.0102, 0.000286, 0.278, 0.743, 180.071] 2x2MVpfbcXqTI072ZvlVSz
[0.466, 0.966, 3, -3.111, 0.425, 0.0938, 0, 0.215, 0.575, 174.982] 3FJ2pTSVg8XpnPuo1YD0MA
[0.374, 0.976, 2, -2.095, 0.361, 0.015, 0, 0.118, 0.378, 81.814] 7njD9Bxj0B1yIH1FWBFvo7
[0.358, 0.94, 7, -4.274, 0.164, 0.0217, 0.00779, 0.0851, 0.497, 90.233] 1DgfJW5ojwa9yHfjYH7zGb
[0.599, 0.871, 1, -4.82, 0.206, 0.0441, 0.375, 0.143, 0.194, 95.917] 7xZMFprNhK5jnKdAPRBnVg
[0.902, 0.934, 11, -2.345, 0.272, 0.00781, 8.23e-05, 0.194, 0.867, 150.029] 4d0vDZBKQFL4sVB47XbAnL
[0.862, 0.804, 11, -4.964, 0.234, 0.119, 0, 0.167, 0.767, 91.34] 4ESFr6EFK19L20Wfq5hHC2
[0.695, 0.909, 7, -3.575, 0.0727, 0.0205, 0.907, 0.039, 0.499, 125.05] 1MsHOGIm93EsJX5W4xv6UH
[0.557, 0.886, 11, -4.196, 0.0498, 0.000595, 9.84e-05, 0.0904, 0.17, 114.025] 7MoA7Nfk8C52FX8f9pAzPp
[0.906, 0.602, 5, -7.759, 0.327, 0.428, 0, 0.125, 0.881, 92.893] 4EBVgb3miXRWA2nEFPWjaB
[0.592, 0.941, 5, -4.074, 0.245, 0.0497, 0, 0.336, 0.615, 90.699] 2OW6Ps2pRKx5rPKkPbWBDd
[0.45, 0.952, 2, -5.075, 0.09, 0.000243, 0.00449, 0.554, 0.177, 140.046] 2HhCeucatmy92kC1NHJYjQ
[0.623, 0.93, 5, -5.285, 0.0324, 0.0141, 1.64e-06, 0.138, 0.287, 120.119] 4JErskWxmILvav6U2PkTbn
[0.828, 0.653, 0, -6.245, 0.0653, 0.214, 3.25e-06, 0.0404, 0.575, 68.507] 1p5kC161fWMA2QlwV3Vi4W
[0.775, 0.904, 1, -4.08, 0.0437, 0.0271, 0.000303, 0.06, 0.84, 130.009] 1GCbc1vpkZA2zhjsSFhmHT
[0.698, 0.732, 2, -4.522, 0.266, 0.00704, 0.000647, 0.359, 0.0689, 171.431] 5Z01UMMf7V1o0MzF86s6WJ
[0.929, 0.65, 7, -2.882, 0.0858, 0.00348, 0, 0.308, 0.655, 112.249] 7lQ8MOhq6IN2w8EYcFNSUk
[0.572, 0.853, 1, -3.203, 0.217, 0.0757, 0, 0.0798, 0.102, 171.297] 4xkOaSrkexMciUUogZKVTS
[0.727, 0.873, 2, -4.071, 0.338, 0.0261, 0, 0.246, 0.674, 95.122] 3dkKXwgAmYTf2TwYds2E12
[0.656, 0.855, 6, -4.282, 0.212, 0.318, 0, 0.257, 0.507, 140.057] 0VZs2OQq4axr8GFRdC9nyD
[0.785, 0.86, 9, -3.642, 0.0794, 0.0556, 0, 0.0675, 0.623, 110.048] 72gGeQ0dZ7E8RlBeNJNJkb
[0.478, 0.951, 2, -2.347, 0.19, 0.0133, 2.21e-06, 0.0533, 0.338, 179.978] 7kNlRLC9PEH8nXMVawssMx
[0.855, 0.954, 0, -1.19, 0.264, 0.529, 0, 0.205, 0.668, 114.635] 7Ie9W94M7OjPoZVV216Xus
[0.701, 0.931, 8, -0.945, 0.243, 0.239, 0, 0.194, 0.362, 79.996] 0dyWQoMOU9oERL6c9vxtRp
[0.857, 0.841, 11, -2.839, 0.103, 0.34, 0, 0.161, 0.74, 112.023] 44ut2KJnt0HQMnUaMlDv9W
[0.664, 0.899, 9, -3.711, 0.474, 0.276, 0, 0.197, 0.534, 164.125] 1mavQ4WCzXSeL2Dm5DS4GQ
[0.708, 0.843, 7, -2.66, 0.314, 0.397, 0, 0.799, 0.625, 148.14] 6or1bKJiZ06IlK0vFvY75k
[0.664, 0.81, 5, -4.295, 0.0983, 0.00196, 1.62e-06, 0.0559, 0.162, 164.052] 3CpoeW0cZSDzIRv5z34F87
[0.682, 0.759, 1, -3.471, 0.29, 0.0206, 0.000218, 0.1, 0.391, 81.837] 3Q0mJByJRrUTZGrBFYnfCP
[0.749, 0.925, 10, -5.034, 0.227, 0.241, 0, 0.52, 0.641, 86.989] 15JINEqzVMv3SvJTAXAKED
[0.535, 0.73, 1, -5.574, 0.355, 0.0529, 0, 0.253, 0.723, 74.89] 42YNobZ4HN3tRVEA47wLT6
[0.665, 0.878, 6, -4.745, 0.206, 0.00325, 0, 0.0663, 0.394, 93.047] 2bnDTGikdoO8CwzlAPyBHR
[0.651, 0.671, 0, -8.183, 0.27, 0.343, 0, 0.119, 0.161, 90.135] 5zpDHEU12zATwLGvozxPw2
[0.81, 0.871, 4, -2.672, 0.241, 0.13, 0, 0.313, 0.299, 87.328] 23wfXwnsPZYe5A1xXRHb3J
[0.385, 0.866, 4, -2.817, 0.0697, 0.004, 0, 0.111, 0.551, 176.014] 04aAxqtGp5pv12UXAg4pkq
[0.421, 0.873, 10, -4.343, 0.0565, 0.0653, 0, 0.123, 0.63, 84.803] 1X1DWw2pcNZ8zSub3uhlNz
[0.592, 0.926, 7, -3.469, 0.126, 0.0775, 0, 0.187, 0.432, 99.018] 3C9GbDz0kpP9GyoDWXLBUM
[0.835, 0.706, 5, -3.219, 0.193, 0.104, 0, 0.137, 0.843, 94.086] 3CNqo3gYrfexdrtjFmC9he
[0.634, 0.526, 5, -7.881, 0.0333, 0.339, 0, 0.257, 0.623, 90.087] 3nKeNPOQXlQhT7vPPdwDaq
[0.646, 0.795, 9, -3.293, 0.0976, 0.0319, 0, 0.267, 0.796, 89.99] 4ywvnllm7kpaXDsa1VNNpY
[0.816, 0.851, 8, -4.166, 0.19, 0.283, 0, 0.543, 0.568, 137.968] 1ARJhjuI6TNYZCxYygFQ4F
[0.801, 0.454, 2, -6.035, 0.0371, 0.225, 0, 0.226, 0.34, 125.139] 12yGwtB2h9NlzeOKYfVYTF
[0.739, 0.938, 0, -4.446, 0.0868, 0.131, 0, 0.124, 0.655, 130.018] 7rv0UuxMX7CpUUwEE1jVrd
[0.483, 0.648, 0, -8.651, 0.327, 0.187, 0, 0.0812, 0.242, 93.939] 3JA9Jsuxr4xgHXEawAdCp4
[0.663, 0.861, 7, -3.398, 0.109, 0.0338, 0, 0.082, 0.654, 119.963] 28AUzRo0nQLESL55WDV0um
[0.607, 0.934, 3, -4.217, 0.0314, 0.0327, 0, 0.0909, 0.568, 122.01] 7ElF5zxOwYP4qVSWVvse3W
[0.791, 0.754, 0, -3.729, 0.0569, 0.00446, 0, 0.163, 0.425, 125.014] 6tS3XVuOyu10897O3ae7bi
[0.738, 0.804, 11, -3.851, 0.0621, 0.332, 0, 0.279, 0.949, 174.943] 1ExfPZEiahqhLyajhybFeS
[0.649, 0.815, 3, -3.796, 0.0415, 0.00125, 4.31e-05, 0.671, 0.765, 126.03] 455AfCsOhhLPRc68sE01D8
[0.599, 0.803, 0, -3.641, 0.0986, 0.069, 0.137, 0.129, 0.233, 126.057] 77TT8Xvx637TpzV8kKGkUw
[0.646, 0.795, 9, -3.293, 0.0976, 0.0319, 0, 0.267, 0.796, 89.99] 0qOnSQQF0yzuPWsXrQ9paz
[0.72, 0.744, 1, -6.938, 0.12, 0.237, 0, 0.255, 0.619, 78.953] 2Lhdl74nwwVGOE2Gv35QuK
[0.716, 0.838, 10, -4.289, 0.0513, 0.134, 0, 0.148, 0.646, 130.034] 3bfqkspKABT4pPicm6wC9F
[0.739, 0.756, 4, -4.828, 0.0394, 0.0136, 0, 0.37, 0.523, 110.028] 1LmN9SSHISbtp9LoaR5ZVJ
[0.353, 0.822, 7, -1.866, 0.232, 0.155, 0, 0.332, 0.237, 167.905] 6Iocm6VMu6bVNYwiDoyQFW
[0.72, 0.802, 1, -5.797, 0.0582, 0.0921, 0, 0.694, 0.723, 124.043] 2KJnNfCzNIyBJl07Go0fV8
[0.531, 0.752, 1, -6.161, 0.0305, 0.0421, 0, 0.12, 0.103, 89.917] 3ZdJffjzJWFimSQyxgGIxN
[0.706, 0.751, 9, -6.323, 0.0708, 0.173, 0, 0.168, 0.195, 91.031] 5vlEg2fT4cFWAqU5QptIpQ
[0.762, 0.748, 0, -4.15, 0.033, 0.0266, 0, 0.348, 0.851, 110.009] 0TyOpxlWwDx98bjkIVHUgY
[0.591, 0.921, 1, -1.787, 0.313, 0.323, 0, 0.302, 0.428, 86.812] 2a8CtZyPdd8w2csZh7oxpc
[0.706, 0.558, 2, -7.237, 0.0593, 0.146, 0, 0.118, 0.227, 110.443] 2tJulUYLDKOg9XrtVkMgcJ
[0.501, 0.851, 10, -5.111, 0.292, 0.0295, 0, 0.0775, 0.627, 95.058] 6uP0XLqjRqFx8HAfesdcAg
[0.591, 0.934, 3, -4.389, 0.437, 0.0996, 1.81e-06, 0.348, 0.452, 155.968] 70ATm56tH7OrQ1zurYssz0
[0.535, 0.886, 11, -3.106, 0.045, 0.000304, 2.26e-06, 0.257, 0.445, 126.012] 6qYGUxPjQt5PJtWdiNppZx
[0.689, 0.481, 10, -7.503, 0.0815, 0.369, 1.03e-06, 0.0649, 0.283, 80.025] 7wqSzGeodspE3V6RBD5W8L
[0.706, 0.841, 7, -3.956, 0.0418, 7.95e-05, 0, 0.0688, 0.861, 132.032] 1TEjSXPdAakDotj2Wji3PU
[0.534, 0.933, 11, -3.282, 0.366, 0.0835, 0, 0.394, 0.478, 202.058] 4MxZW1XEcPuIZmkANsJabC
[0.521, 0.625, 1, -7.47, 0.067, 0.0301, 0, 0.121, 0.136, 101.019] 0r2Bul2NuCViraT2zX1l5j
[0.835, 0.669, 6, -5.582, 0.0643, 0.0336, 6.92e-05, 0.0535, 0.542, 122.668] 0ByMNEPAPpOR5H69DVrTNy
[0.866, 0.46, 0, -9.252, 0.0423, 0.0442, 0, 0.323, 0.29, 99.98] 4xAk8Lw82G3YoVSOdVAsBx
[0.603, 0.872, 5, -5.404, 0.0792, 0.0213, 0, 0.366, 0.691, 150.104] 4z8ssgZfs5TzKiO8HaGWXO
[0.673, 0.758, 7, -3.632, 0.158, 0.039, 0, 0.341, 0.542, 135.956] 0Hf4aIJpsN4Os2f0y0VqWl
[0.691, 0.846, 9, -4.322, 0.174, 0.00676, 0, 0.289, 0.704, 127.011] 0mtPNQl5vePVwiI9Vykp7L
[0.502, 0.43, 2, -7.694, 0.0288, 0.838, 1.98e-06, 0.103, 0.348, 103.804] 3DWOTqMQGp5q75fnVsWwaN
[0.778, 0.547, 2, -7.273, 0.0489, 0.346, 0.000302, 0.132, 0.441, 95.002] 4VC5nFbYO4avKksJ9jN4pY
[0.575, 0.648, 7, -4.747, 0.0333, 0.0383, 0, 0.364, 0.494, 92.021] 37Veo3TsREFZKvfZ0CaI4S
[0.657, 0.679, 2, -5.511, 0.0269, 0.00246, 0, 0.211, 0.331, 120.007] 6TwfdLbaxTKzQi3AgsZNzx
[0.459, 0.884, 10, -5.005, 0.0644, 0.00539, 0, 0.107, 0.615, 154.868] 3Zwu2K0Qa5sT6teCCHPShP
[0.279, 0.742, 4, -6.46, 0.0898, 0.000185, 0, 0.593, 0.328, 189.868] 2bL2gyO6kBdLkNSkxXNh6x
[0.671, 0.939, 8, -3.206, 0.161, 0.192, 0, 0.298, 0.529, 129.023] 4QNpBfC0zvjKqPJcyqBy9W
[0.665, 0.424, 0, -7.838, 0.0444, 0.437, 0, 0.107, 0.134, 129.911] 7dZ1Odmx9jWIweQSatnRqo
[0.424, 0.949, 7, -4.821, 0.265, 0.000859, 5.84e-05, 0.279, 0.528, 191.928] 2OMqSRS11ly56zg9u5za6c
[0.764, 0.553, 8, -3.719, 0.0837, 0.0555, 0, 0.0783, 0.103, 93.008] 73qINA7ccO03wxD8nsJalr
[0.753, 0.845, 0, -3.305, 0.276, 0.0556, 0, 0.333, 0.79, 89.529] 3vBv2Tp0kHyBDUBZJr9GXQ
[0.758, 0.676, 5, -6.598, 0.0792, 0.458, 0, 0.0954, 0.712, 124.998] 1FCQEg7wOK9IIBuxx63krr
[0.781, 0.526, 6, -6.985, 0.293, 0.0619, 0, 0.0457, 0.662, 94.992] 3AYcyxEACnmE6d96RPubID
[0.634, 0.927, 2, -4.468, 0.0838, 0.027, 0, 0.0986, 0.88, 146.094] 3BE0getU08uXas8ZjULABA
[0.704, 0.423, 8, -6.792, 0.0862, 0.416, 0, 0.0607, 0.451, 113.962] 6AeQlMyRzvSl1nkFztZyKl
[0.865, 0.73, 6, -2.813, 0.373, 0.283, 0, 0.0753, 0.808, 90.096] 4RY96Asd9IefaL3X4LOLZ8
[0.644, 0.945, 7, -3.534, 0.0717, 0.0587, 0, 0.184, 0.573, 91.017] 61HQWI1Woxup7CnGwVUsdI
[0.936, 0.678, 4, -3.012, 0.21, 0.0795, 0, 0.0838, 0.822, 96.911] 5stZnlPMYz3Ba8Hbo3ajlP
[0.663, 0.693, 11, -4.505, 0.0311, 0.0149, 0, 0.0778, 0.71, 66.002] 7LP4Es66zdY7CyjepqmvAg
[0.522, 0.932, 11, -2.87, 0.255, 0.119, 0, 0.177, 0.33, 129.473] 7bHT9osSq1rwT2yaImzqCi
[0.854, 0.664, 11, -4.88, 0.085, 0.0278, 0, 0.118, 0.782, 125.84] 7yws3pF3FFguwT2Psi6c15
[0.694, 0.895, 9, -3.258, 0.335, 0.269, 4.17e-06, 0.4, 0.779, 167.974] 2hnTGEeWAh9UHIjpMsPiFf
[0.68, 0.687, 9, -6.162, 0.0709, 0.0161, 0, 0.261, 0.467, 150.053] 1IAzD1muglOxOcPbUHs70R
[0.639, 0.659, 8, -7.273, 0.215, 0.241, 8.33e-06, 0.484, 0.457, 136.801] 0zVMzJ37VQNFUNvdxxat2E
[0.733, 0.899, 0, -4.237, 0.143, 0.00496, 4.72e-05, 0.372, 0.76, 127.086] 1uXbwHHfgsXcUKfSZw5ZJ0
[0.813, 0.872, 9, -5.224, 0.107, 0.00621, 0, 0.0498, 0.736, 103.016] 1COvXs6jaykXC73h9OSBVM
[0.706, 0.786, 0, -3.417, 0.0909, 0.26, 0, 0.38, 0.749, 150.035] 0puf9yIluy9W0vpMEUoAnN
[0.682, 0.68, 2, -5.443, 0.0299, 0.0255, 0.0208, 0.1, 0.618, 111.035] 2PtBhfoPZ6VYtXkrE5FrCH
[0.69, 0.897, 11, -4.696, 0.0506, 0.0142, 0, 0.108, 0.849, 140.05] 2Ow4Pmi0VOOLvbmJ8V70qo
[0.781, 0.721, 11, -4.167, 0.0414, 0.114, 8.11e-06, 0.0735, 0.618, 125.896] 1VDXQhu7YGdbM6UeEIfsaX
[0.563, 0.75, 11, -4.496, 0.127, 0.113, 0, 0.0788, 0.812, 173.906] 60jzFy6Nn4M0iD1d94oteF
[0.708, 0.553, 5, -6.319, 0.0262, 0.0335, 0, 0.101, 0.589, 94.977] 6g1B0hd6rlT3xP3mERUnz8
[0.707, 0.813, 11, -4.515, 0.0571, 0.0863, 0, 0.168, 0.722, 124.921] 2VOomzT6VavJOGBeySqaMc
[0.743, 0.675, 8, -4.267, 0.0953, 0.0251, 0.000717, 0.0685, 0.59, 92.909] 1KGi9sZVMeszgZOWivFpxs
[0.531, 0.864, 11, -2.978, 0.0433, 0.000105, 2.05e-06, 0.346, 0.401, 126.02] 7bprRkhvOXWmWpqOrEWbXu
[0.875, 0.551, 6, -6.744, 0.317, 0.0488, 0.00728, 0.0537, 0.861, 146.092] 5Ssv6DaKrW0HczVqx6zXdl
[0.724, 0.695, 11, -5.226, 0.0622, 0.073, 0, 0.0889, 0.235, 139.0] 1CrxDKnx34D9zoAIvf7B9H
[0.706, 0.728, 7, -3.602, 0.0852, 0.123, 0, 0.185, 0.851, 121.017] 5vTPxzm4h2bY9rYyVrGEU5
[0.637, 0.919, 7, -2.842, 0.143, 0.0359, 0, 0.22, 0.793, 116.987] 2r6DdaSbkbwoPzuK6NjLPn
[0.516, 0.982, 11, -4.094, 0.228, 0.00727, 1.03e-06, 0.385, 0.418, 149.891] 5R6bRLwPyEj7LLMSJW766C
[0.466, 0.403, 5, -6.142, 0.0337, 0.395, 0, 0.111, 0.337, 119.81] 6oDPg7fXW3Ug3KmbafrXzA
[0.45, 0.787, 6, -3.913, 0.0403, 0.0256, 1.02e-06, 0.109, 0.486, 122.994] 6JmV5cyTQ934NxLY4Z0tg1
[0.469, 0.592, 5, -4.962, 0.0399, 0.0393, 0, 0.105, 0.0938, 161.996] 75xgoXAGed7jiNDdV8TNOe
[0.457, 0.854, 2, -6.2, 0.265, 0.0277, 9.62e-05, 0.731, 0.485, 172.231] 1kusepF3AacIEtUTYrw4GV
[0.652, 0.917, 6, -6.72, 0.0548, 0.0082, 0, 0.0509, 0.459, 132.975] 2goLsvvODILDzeeiT4dAoR
[0.666, 0.87, 11, -5.004, 0.246, 0.203, 0, 0.0851, 0.9, 160.014] 2Adn2LNgkHMH5TelQVAu4n
[0.865, 0.69, 7, -7.448, 0.0444, 0.289, 0.0138, 0.225, 0.868, 121.983] 4cS2HQ6jK80vqdY9ofpztx
[0.662, 0.741, 0, -5.406, 0.0334, 0.00165, 0.0303, 0.114, 0.404, 131.0] 3xrn9i8zhNZsTtcoWgQEAd
[0.652, 0.619, 11, -6.303, 0.133, 0.0935, 0.000349, 0.0605, 0.633, 175.963] 1XeIUenmHr80CAtfGGbMhH
[0.555, 0.923, 0, -5.908, 0.0482, 0.0411, 0, 0.112, 0.682, 116.012] 35a4Kzyo9XY4FI9FaSIzzF
[0.707, 0.724, 11, -3.887, 0.051, 0.0448, 0, 0.072, 0.659, 108.984] 02QQXgeAghpU4smdM7l7We
[0.435, 0.92, 4, -1.357, 0.201, 0.235, 0.000353, 0.552, 0.45, 188.899] 7nXq1vaZiz7PdbfojpPjW5
[0.457, 0.573, 5, -3.866, 0.0275, 0.578, 3.05e-06, 0.114, 0.0992, 76.193] 3TCauNPqFiniaYHBvEVoHG
[0.712, 0.917, 8, -3.953, 0.0502, 0.101, 0.000341, 0.19, 0.892, 108.048] 1wCITgpuEcTRvxrEIa4s0N
[0.84, 0.835, 1, -4.386, 0.275, 0.00281, 1.11e-06, 0.152, 0.637, 103.376] 41nT1Sp6ChR65FbsdLlFHW
[0.771, 0.685, 1, -4.639, 0.0567, 0.00543, 0.00157, 0.0537, 0.683, 88.997] 4pmc2AxSEq6g7hPVlJCPyP
[0.667, 0.93, 7, -4.585, 0.0608, 0.0108, 0, 0.176, 0.893, 115.57] 6ioBgySxoeQKALvAeLEmId
[0.482, 0.706, 9, -5.762, 0.0609, 0.135, 0.00106, 0.105, 0.144, 92.494] 6qOEjO2IUD7PjtpsXawq0d
[0.927, 0.919, 10, -2.233, 0.1, 0.351, 3.31e-06, 0.026, 0.884, 110.028] 0Ryk0MFP400iFSfzYUUii4
[0.855, 0.747, 7, -2.713, 0.0424, 0.0276, 3.45e-05, 0.182, 0.76, 98.018] 39qcvV4f0uqDMHxIkSb7tE
[0.721, 0.88, 9, -3.896, 0.0454, 0.191, 0, 0.0769, 0.655, 110.021] 1uigwk5hNV84zRd5YQQRTk
[0.81, 0.748, 0, -6.464, 0.211, 0.32, 0, 0.0951, 0.669, 130.983] 4KTtYhxFtFL7mBwnjkKfLm
[0.879, 0.643, 1, -3.709, 0.0888, 0.00603, 1.42e-06, 0.0992, 0.582, 120.012] 1gZ7i4qxXkHZb1r6eioaAP
[0.675, 0.693, 11, -5.682, 0.0514, 0.00164, 0, 0.38, 0.353, 118.423] 0dQQWHlXvuw4UyHcAvhfhB
[0.528, 0.831, 8, -3.607, 0.0429, 9.43e-05, 0, 0.141, 0.632, 131.094] 1JdKrFyoU05abww0Zv0ayQ
[0.513, 0.869, 0, -3.038, 0.0807, 0.0376, 1.71e-06, 0.68, 0.717, 72.523] 1EXAqr4fceDPYlL6XeMi2g
[0.825, 0.832, 5, -5.853, 0.0403, 0.00587, 0.000789, 0.114, 0.713, 122.021] 00BuKLSAFkaEkaVAgIMbeA
[0.774, 0.847, 5, -3.925, 0.121, 0.0279, 0.0183, 0.241, 0.923, 143.011] 717TY4sfgKQm4kFbYQIzgo
[0.706, 0.841, 7, -3.956, 0.0418, 7.95e-05, 0, 0.0688, 0.861, 132.032] 1y4eb6hmAvsqlDOl3fx9kk
[0.699, 0.76, 5, -3.173, 0.0677, 0.00223, 0, 0.132, 0.696, 129.996] 005lwxGU1tms6HGELIcUv9
[0.56, 0.959, 7, -2.433, 0.102, 0.000738, 0.000206, 0.209, 0.67, 163.983] 5HbCnVLXRyZVxnreOPgJCK
[0.519, 0.749, 6, -3.318, 0.0405, 0.271, 0, 0.119, 0.29, 147.905] 0ZUo4YjG4saFnEJhdWp9Bt
[0.745, 0.869, 10, -4.828, 0.0574, 0.153, 0, 0.139, 0.963, 125.005] 0KvLsZYwodakWxOQUYAR5I
[0.678, 0.899, 10, -2.937, 0.048, 0.637, 0, 0.347, 0.757, 124.944] 0IF0vGwaJQ8ZCh0QxhW6OV
[0.642, 0.769, 0, -4.501, 0.0269, 0.0522, 0.00032, 0.0772, 0.621, 92.292] 78kkknD87Eor8RDGY9Gyuv
[0.699, 0.561, 1, -15.151, 0.0595, 0.211, 0, 0.241, 0.965, 127.63] 3TVAw0XPGyX3IvYd7AafWd
[0.772, 0.552, 8, -6.328, 0.148, 0.191, 4.46e-05, 0.0697, 0.782, 171.712] 4utZwg1iDZW7WCNETKhduY
[0.551, 0.951, 9, -3.395, 0.0717, 0.0242, 2.91e-06, 0.156, 0.509, 99.992] 2PrjhWBHUdWxUgf1P0sziA
[0.698, 0.791, 11, -10.018, 0.0485, 0.259, 5.08e-05, 0.0927, 0.795, 119.075] 4h8iUgjIlKEBzy2pSSQ49A
[0.842, 0.654, 4, -11.033, 0.045, 0.0987, 1.26e-05, 0.0988, 0.852, 124.296] 3fG5zrslI0MllD4nHtpfkW
[0.421, 0.791, 9, -4.998, 0.0496, 0.0117, 1.48e-05, 0.146, 0.499, 130.075] 6kwAbEjseqBob48jCus7Sz
[0.62, 0.374, 2, -6.997, 0.0343, 0.228, 2.86e-05, 0.0728, 0.493, 164.985] 1g0c4KNfzaOQKQOl4VKzRh
[0.703, 0.689, 0, -7.462, 0.0293, 0.0242, 0, 0.0757, 0.802, 122.814] 6hRZ6K5MzPMKxUoEqHjBW0
[0.776, 0.9, 0, -3.97, 0.0382, 0.058, 0, 0.256, 0.963, 127.051] 0VVNXqaDwfHngG2gXaOtlI
[0.564, 0.703, 2, -5.459, 0.269, 0.437, 0.00927, 0.358, 0.477, 139.045] 5fyIGoaaKelzdyW8ELhYJZ
[0.686, 0.898, 3, -2.72, 0.052, 0.000698, 4.61e-05, 0.0721, 0.696, 122.985] 6lUY6MoqGgPnA27PHYxem5
[0.741, 0.726, 3, -3.77, 0.143, 0.181, 0.000189, 0.111, 0.527, 163.991] 7pNC5ZIKtwUK0ReSpM3P9f
[0.618, 0.848, 7, -4.36, 0.0279, 0.000469, 0.522, 0.189, 0.413, 118.998] 3dNcq4dzEtbFUM4PGeHHXp
[0.687, 0.702, 7, -5.324, 0.0455, 0.0064, 4.35e-05, 0.204, 0.284, 129.956] 12KUFSHFgT0XCoiSlvdQi4
[0.721, 0.867, 11, -4.302, 0.196, 0.29, 2.87e-06, 0.503, 0.639, 127.033] 7gKIt3rDGIMJDFVSPBnGmj
[0.66, 0.805, 1, -5.352, 0.153, 0.0192, 8.83e-06, 0.159, 0.625, 103.009] 7vS3Y0IKjde7Xg85LWIEdP
[0.887, 0.774, 1, -6.108, 0.0434, 0.00933, 0.0213, 0.159, 0.826, 113.0] 4LmzPJDil70LpiApWfOI6O
[0.768, 0.864, 11, -6.145, 0.0324, 0.101, 0, 0.162, 0.891, 110.008] 1Je1IMUlBXcx1Fz0WE7oPT
[0.73, 0.602, 6, -3.782, 0.206, 0.362, 3.69e-06, 0.169, 0.927, 97.954] 69XUpOpjzDKcfdxqZebGiI
[0.674, 0.834, 2, -4.004, 0.0515, 0.0373, 0, 0.341, 0.364, 140.104] 2SxC7qSTg4MaXygjkKt5GY
[0.587, 0.828, 11, -5.108, 0.161, 0.00327, 0, 0.331, 0.494, 123.907] 30XU4suKzCeoCK9YFzdufg
[0.426, 0.584, 1, -5.293, 0.296, 0.0383, 0, 0.188, 0.272, 193.437] 5R9a4t5t5O0IsznsrKPVro
[0.686, 0.63, 10, -4.691, 0.0403, 0.243, 0, 0.581, 0.81, 128.007] 5OnDxMbYnOhO6cEBI7mwTY
[0.516, 0.793, 10, -4.226, 0.0385, 0.0111, 0, 0.105, 0.201, 107.493] 4iuVwVT6KAjIaFX7rnDsGe
[0.845, 0.576, 11, -5.15, 0.153, 0.139, 0, 0.0764, 0.461, 127.641] 1Oi2zpmL81Q0yScF1zxaC0
[0.412, 0.441, 11, -11.523, 0.291, 0.0296, 0.0726, 0.306, 0.174, 185.571] 2vPTtiR7x7T6Lr17CE2FAE
[0.775, 0.825, 7, -5.402, 0.0464, 0.0506, 1.03e-06, 0.111, 0.95, 139.091] 6gj08XDlv9Duc2fPOxUmVD
[0.545, 0.649, 6, -4.062, 0.0324, 0.143, 1.57e-05, 0.0894, 0.297, 99.099] 5OrX4PR74Ttezdj5soO1BV
[0.7, 0.708, 7, -4.952, 0.087, 0.00624, 0, 0.0345, 0.619, 122.031] 05qq6mwIbG1ZsQhlMKyDwN
[0.512, 0.625, 11, -6.764, 0.0508, 0.00308, 0.000164, 0.346, 0.201, 129.935] 7lUA4P03AhwAw40JHkdyGr
[0.723, 0.721, 2, -7.636, 0.0636, 0.00308, 0, 0.131, 0.383, 98.009] 3KF0i9fTyUAUEL2DPSxnRU
[0.655, 0.782, 1, -4.789, 0.185, 0.375, 0, 0.317, 0.832, 79.427] 3cU2wBxuV6nFiuf6PJZNlC
[0.447, 0.694, 7, -4.637, 0.382, 0.0293, 5.46e-06, 0.167, 0.509, 175.868] 6RX5iL93VZ5fKmyvNXvF1r
[0.884, 0.765, 8, -3.865, 0.0882, 0.063, 7.04e-06, 0.118, 0.594, 99.987] 41Fflg7qHiVOD6dEPvsCzO
[0.789, 0.623, 0, -5.572, 0.091, 0.0432, 0, 0.227, 0.792, 93.221] 7cmu369bIyXA9M6jABDsMS
[0.733, 0.65, 5, -3.539, 0.0315, 0.0703, 6.59e-05, 0.0829, 0.348, 110.003] 4dL1HwRWQgWK9timX9PLex
[0.747, 0.705, 9, -5.137, 0.126, 0.0128, 0, 0.126, 0.56, 136.024] 02M6vucOvmRfMxTXDUwRXu
[0.61, 0.893, 9, -3.681, 0.0921, 0.154, 4.41e-05, 0.021, 0.673, 104.031] 1j8z4TTjJ1YOdoFEDwJTQa
[0.53, 0.422, 5, -6.262, 0.0342, 0.407, 0, 0.107, 0.349, 119.964] 2vwlzO0Qp8kfEtzTsCXfyE
[0.686, 0.782, 9, -4.653, 0.0277, 0.000106, 0, 0.0961, 0.247, 101.986] 2Aebl2cIDLjPUvOJPH8xyH
[0.49, 0.798, 6, -3.66, 0.0489, 0.0137, 0, 0.0627, 0.479, 149.109] 7FC9Lng8iXU081lbigu8m8
[0.834, 0.831, 7, -6.061, 0.0745, 0.00799, 0, 0.217, 0.788, 103.009] 6QicTxeiSaRkPnkGDUvYOs
[0.735, 0.826, 1, -4.902, 0.0349, 0.00101, 0.129, 0.197, 0.74, 132.964] 3m7Fne4xA0bsKzEaWbNucr
[0.639, 0.707, 7, -5.062, 0.0739, 0.0881, 0, 0.176, 0.352, 87.944] 6bRbeEgg8v8BQ0HuVuPE7v
[0.646, 0.77, 2, -6.596, 0.226, 0.00249, 0, 0.0715, 0.681, 99.165] 5IVuqXILoxVWvWEPm82Jxr
[0.662, 0.873, 0, -3.116, 0.0395, 0.0292, 0, 0.224, 0.592, 129.902] 3djPwpsQAnp8B8gC81e7fk
[0.613, 0.801, 8, -4.431, 0.0354, 0.0626, 1.15e-05, 0.124, 0.609, 126.966] 01CnYyPXMFRzOFVQBU8WMb
[0.591, 0.751, 8, -6.191, 0.0908, 0.00206, 0.000232, 0.117, 0.346, 130.007] 53NJP45Axhc7jRMMrlLiy7
[0.616, 0.768, 0, -6.714, 0.0781, 0.0032, 0, 0.427, 0.322, 122.91] 0xCmwofyCiXdhoBsMSNj2w
[0.683, 0.664, 5, -4.233, 0.0332, 0.538, 0, 0.0671, 0.866, 106.991] 56z2qI0gKcPthQF6l8AW3E
[0.778, 0.741, 10, -4.97, 0.0484, 0.0538, 2.04e-06, 0.29, 0.364, 102.95] 0NTMtAO2BV4tnGvw9EgBVq
[0.302, 0.724, 0, -4.034, 0.0416, 0.398, 0, 0.355, 0.394, 144.235] 2PjDWdGvvbLQfRRTQIZPmv
[0.562, 0.939, 0, -4.282, 0.0475, 0.046, 0, 0.112, 0.684, 116.044] 6D60klaHqbCl9ySc8VcRss
[0.581, 0.772, 9, -6.544, 0.0401, 0.000343, 0.0191, 0.11, 0.361, 127.952] 0JNdS1n0ifOP25XvhwAMgM
[0.586, 0.827, 11, -5.102, 0.15, 0.0037, 0, 0.328, 0.508, 123.905] 6aDi4gOE2Cfc6ecynvP81R
[0.829, 0.813, 3, -5.811, 0.044, 0.00768, 0.000385, 0.114, 0.743, 122.018] 1Sl4WkY1bLzNblPDWYFDc3
[0.563, 0.671, 7, -4.788, 0.0372, 0.0422, 0, 0.36, 0.45, 91.965] 4SEZthmPtszZPaktPLRX6J
[0.697, 0.467, 9, -7.536, 0.0715, 0.248, 0, 0.0941, 0.572, 82.081] 3goSVuTt3fDYDP6kRnFwuL
[0.598, 0.923, 7, -2.588, 0.0431, 0.000189, 0, 0.286, 0.763, 113.998] 3CfW3l2KW5aFZlje46ShVk
[0.672, 0.593, 11, -4.01, 0.0304, 0.0223, 0, 0.214, 0.438, 98.02] 1BZG99C7Co1r6QUC3zaS59
[0.599, 0.893, 1, -4.404, 0.0376, 0.018, 0, 0.0772, 0.591, 107.033] 5ecZWU5uQOiCVSnPxBZNmT
[0.313, 0.635, 11, -4.676, 0.0431, 0.0229, 0, 0.129, 0.224, 114.776] 2kP1ujXHn0mNqFbiT3zob8
[0.629, 0.824, 9, -6.53, 0.159, 0.155, 0.000628, 0.0651, 0.852, 128.01] 3KliPMvk1EvFZu9cvkj8p1
[0.676, 0.762, 1, -4.172, 0.0351, 0.461, 0, 0.0574, 0.81, 119.003] 3VA8T3rNy5V24AXxNK5u9E
[0.583, 0.658, 8, -5.339, 0.0938, 0.0198, 3.85e-06, 0.443, 0.215, 96.11] 3556vNt6SuQPqt15VFfRWv
[0.723, 0.721, 2, -7.636, 0.0636, 0.00308, 0, 0.131, 0.383, 98.009] 4d0aQdmO2GyYL10YjCy0KN
[0.742, 0.809, 1, -3.591, 0.176, 0.0116, 2.77e-06, 0.726, 0.632, 93.95] 0NmeI6UpRE27dxxgosD5n9
[0.584, 0.865, 4, -4.903, 0.0368, 0.0989, 0, 0.349, 0.507, 98.985] 1dqiXGXfB74mwUeJRvqYKB
[0.67, 0.637, 4, -5.275, 0.0445, 0.0543, 0, 0.356, 0.301, 134.056] 2pWZZZGURB0k1R38CP8ouq
[0.811, 0.499, 5, -7.161, 0.118, 0.0147, 2.44e-06, 0.342, 0.466, 111.016] 1LoriJC05IrHIDwj3q0KC1
[0.513, 0.855, 4, -6.298, 0.102, 0.0254, 0.000399, 0.51, 0.288, 129.061] 0H7uRp4w4GP9fhAvh9Jih0
[0.597, 0.749, 3, -6.252, 0.0768, 0.00175, 0.000187, 0.116, 0.326, 130.077] 4wBA24GuWqlFfZ6uL65aXP
[0.659, 0.767, 2, -3.016, 0.261, 0.12, 0, 0.181, 0.554, 181.818] 1sSNWjLtY4GwyhqAwAnPD9
[0.803, 0.585, 8, -5.861, 0.0432, 0.103, 3.94e-06, 0.0644, 0.593, 105.017] 4tCtwWceOPWzenK2HAIJSb
[0.551, 0.836, 10, -3.838, 0.0524, 0.00502, 2.1e-05, 0.0425, 0.758, 185.063] 6Uy6K3KdmUdAfelUp0SeXn
[0.599, 0.803, 0, -3.641, 0.0986, 0.069, 0.137, 0.129, 0.233, 126.057] 77TT8Xvx637TpzV8kKGkUw
[0.823, 0.411, 0, -7.061, 0.0557, 0.409, 0.00135, 0.649, 0.397, 90.997] 2TyCAfhwu5tRqFW8VnGMIL
[0.651, 0.692, 7, -3.409, 0.0323, 0.0517, 0, 0.0908, 0.823, 105.988] 0FMKDwMKCX5R65I1Fhphkw
[0.703, 0.868, 7, -4.661, 0.0291, 0.15, 0.132, 0.104, 0.733, 121.03] 1NDxZ7cFAo481dtYWdrUnR
[0.76, 0.588, 9, -7.082, 0.0775, 0.0485, 0, 0.0847, 0.384, 102.974] 10GJQkjRJcZhGTLagFOC62
[0.572, 0.231, 0, -6.316, 0.0334, 0.953, 3.88e-06, 0.111, 0.332, 96.729] 48wSJ6NhMFYYB6LjdnPNjM
[0.682, 0.927, 4, -2.915, 0.0479, 0.0843, 0, 0.149, 0.744, 101.019] 3TcL0dyCMyr0kyTTc4NLgI
[0.725, 0.534, 11, -6.238, 0.0946, 0.0752, 0, 0.0919, 0.558, 91.974] 32lmL4vQAAotg6MrJnhlQZ
[0.554, 0.772, 7, -4.821, 0.0418, 0.00487, 6.6e-06, 0.354, 0.455, 179.984] 6F5c58TMEs1byxUstkzVeM
[0.602, 0.658, 1, -5.934, 0.0558, 0.0233, 6e-05, 0.237, 0.268, 145.031] 5OCJzvD7sykQEKHH7qAC3C
[0.724, 0.647, 1, -5.642, 0.0658, 0.28, 0, 0.102, 0.435, 106.96] 2rPE9A1vEgShuZxxzR2tZH
[0.702, 0.635, 11, -6.917, 0.265, 0.0223, 0, 0.283, 0.873, 144.004] 3Du2K5dLzmduCNp6uwuaL0
[0.576, 0.697, 10, -4.192, 0.326, 0.0286, 1.15e-06, 0.167, 0.501, 175.906] 1G7DcLzPnopdZjLkev0K4e
[0.816, 0.726, 5, -3.998, 0.129, 0.099, 0, 0.372, 0.65, 136.048] 58q2HKrzhC3ozto2nDdN4z
[0.725, 0.321, 1, -10.744, 0.323, 0.578, 0, 0.0884, 0.319, 70.142] 14msK75pk3pA33pzPVNtBF
[0.813, 0.488, 11, -7.737, 0.257, 0.187, 0.000132, 0.231, 0.688, 139.983] 4F8V44j8cbjHnXjfW2HruU
[0.726, 0.554, 5, -5.29, 0.0917, 0.0421, 0, 0.106, 0.335, 169.999] 4kV4N9D1iKVxx1KLvtTpjS
[0.573, 0.739, 0, -5.74, 0.129, 0.0285, 0, 0.111, 0.451, 97.085] 0prNGof3XqfTvNDxHonvdK
[0.737, 0.636, 11, -4.546, 0.0437, 0.0441, 6.66e-05, 0.35, 0.565, 105.005] 6kPJZM97LwdG9QIsT7khp6
[0.697, 0.552, 1, -10.271, 0.196, 0.479, 0.127, 0.147, 0.278, 75.235] 6vsV4D8BM6PioRr1UOx0n2
[0.616, 0.765, 0, -6.75, 0.078, 0.0029, 0, 0.149, 0.343, 122.916] 4Y6IdA3e4wwLrbKHDjufaC
[0.495, 0.403, 1, -9.731, 0.301, 0.5, 0, 0.7, 0.555, 140.415] 0755vnFQZLSgHHWbR1qCjY
[0.95, 0.59, 8, -6.508, 0.29, 0.00534, 0, 0.11, 0.219, 130.003] 2GGMabyHXnJmjY6CXhhB2e
[0.778, 0.317, 1, -10.732, 0.334, 0.592, 0, 0.0881, 0.327, 140.048] 6ocbgoVGwYJhOv1GgI9NsF
[0.757, 0.849, 5, -3.424, 0.0536, 0.173, 0, 0.0878, 0.826, 150.036] 6rrTr2HEAzlpC4KWZxF3S1
[0.774, 0.739, 0, -4.022, 0.0952, 0.0316, 5.95e-06, 0.119, 0.823, 126.002] 6wZ8kvKP9d1MKlNFTMZrBK
[0.691, 0.73, 7, -5.667, 0.147, 0.224, 0.547, 0.129, 0.355, 126.062] 0L55s84Ur3WxRWrKGnuLbS
[0.553, 0.811, 9, -5.148, 0.064, 0.00529, 0.0273, 0.257, 0.52, 156.034] 7GA3qS3XL7ePyLix4cGcjg
[0.548, 0.959, 4, -1.102, 0.0609, 0.0321, 0.000444, 0.627, 0.55, 144.932] 0jrf0d1zWIi8XAGIdMELmg
[0.77, 0.981, 6, -3.788, 0.0586, 0.00434, 0.892, 0.138, 0.589, 123.988] 07K2HhdvZN1pzrbLKOkF2Q
[0.762, 0.828, 1, -2.148, 0.105, 0.3, 0, 0.481, 0.555, 124.198] 33BETp9cARYvxTKIn67lNK
[0.634, 0.901, 2, -6.708, 0.0423, 0.0562, 1.3e-05, 0.153, 0.386, 125.026] 5FetjpfFrjHSHUmjE1n4QT
[0.426, 0.904, 2, -7.196, 0.0367, 0.00147, 0.917, 0.38, 0.0612, 126.032] 5KZrzLUzgUNL2F4osAROPS
[0.626, 0.894, 1, -5.119, 0.0985, 0.00545, 0.000465, 0.0529, 0.241, 127.939] 1Cs446JJngQDcP8RAJ8RrS
[0.484, 0.981, 7, -4.196, 0.124, 0.0253, 0.367, 0.358, 0.44, 127.986] 5y9PL8mKxv1QjMMOaVvwDj
[0.554, 0.955, 6, -4.0, 0.218, 0.0397, 0.203, 0.36, 0.204, 125.968] 6wOIqRppnahFxkAOwNkOcu
[0.589, 0.984, 4, -3.562, 0.066, 0.142, 0.92, 0.35, 0.48, 126.073] 2LJDIjRwbi16fJM3P9BiFJ
[0.589, 0.917, 5, -3.61, 0.0562, 0.000376, 0.426, 0.0372, 0.268, 126.042] 3nmslZ35hRWKrvAMWlG2ZK
[0.61, 0.952, 5, -4.551, 0.0421, 0.0634, 0.0856, 0.143, 0.519, 125.998] 65xcvizDxFqSOLJg7WMujV
[0.685, 0.954, 0, -3.533, 0.0592, 0.0176, 0.859, 0.108, 0.303, 124.982] 17uhObNBXbj1hSTYcfPy38
[0.69, 0.909, 11, -5.458, 0.0539, 0.0812, 0.922, 0.25, 0.341, 126.091] 7xd8lVV7f2qNMlwHDF90Qr
[0.848, 0.75, 1, -6.028, 0.0979, 0.0585, 2.57e-06, 0.139, 0.571, 122.001] 1YUqozqsc7nc28IJz9F9XV
[0.485, 0.762, 7, -8.909, 0.0454, 0.0126, 0.0468, 0.383, 0.265, 124.936] 1w1s6WpKGg4wyLRvyipczX
[0.59, 0.888, 5, -2.851, 0.0765, 0.0216, 0, 0.487, 0.288, 126.094] 1FlIzyCvRFQUE4pc7PiaIo
[0.632, 0.683, 9, -5.742, 0.246, 0.297, 2.23e-06, 0.108, 0.428, 100.264] 4p6f1OTeGSJZwva6HrhQka
[0.762, 0.339, 0, -12.497, 0.0657, 0.462, 1.53e-05, 0.106, 0.377, 109.944] 1uYveBoWp6vAiMnOpY9arT
[0.702, 0.775, 1, -3.851, 0.0321, 0.228, 0, 0.357, 0.606, 99.972] 07D7LBbh6LG67B2xeTursN
[0.51, 0.835, 3, -4.673, 0.0447, 0.00791, 0, 0.219, 0.435, 140.024] 11cDEev79fPKi6uJCjUhu8
[0.651, 0.958, 11, -2.511, 0.0401, 0.0801, 9.81e-05, 0.0995, 0.156, 125.996] 28jvJm3jgmlHaItTytQrB9
[0.823, 0.909, 1, -4.508, 0.0635, 0.00779, 0.0407, 0.126, 0.787, 124.025] 6ZvLKwgPKlyZtDPkTWjPI7
[0.664, 0.8, 1, -6.587, 0.0448, 0.000861, 0.163, 0.0832, 0.318, 123.994] 7g2WfNLkwj6QeYmXleHUvi
[0.242, 0.849, 9, -4.973, 0.0899, 0.000188, 0.000636, 0.105, 0.25, 83.653] 59YF8QFkS4I8B0kC7A6kM6
[0.627, 0.745, 7, -6.923, 0.0323, 0.0168, 0.00302, 0.639, 0.543, 109.961] 1ldCE6YOvnGKMocwO02DgI
[0.791, 0.645, 7, -5.832, 0.0333, 0.436, 1.62e-06, 0.335, 0.409, 123.991] 7HIeJSoh7g5y4ZnjRJK0Pa
[0.321, 0.813, 9, -6.45, 0.0515, 0.0387, 0, 0.145, 0.522, 175.053] 2Gqg1cUhwEzekLDHFVWh8F
[0.647, 0.795, 1, -3.548, 0.0372, 0.0635, 0, 0.188, 0.409, 127.992] 4Tvw0lweq9l2JPQKFbpbBQ
[0.807, 0.887, 1, -4.311, 0.0361, 0.016, 0.000503, 0.0811, 0.606, 122.015] 5itOtNx0WxtJmi1TQ3RuRd
[0.704, 0.959, 7, -4.232, 0.0513, 0.00425, 0.214, 0.0377, 0.602, 127.972] 6loaiOoFlhLpVDKcoZKXll
[0.645, 0.795, 1, -5.439, 0.0343, 0.0334, 1.05e-05, 0.089, 0.424, 127.959] 7nbVbGjifh0m2fhPYqcI1R
[0.677, 0.744, 10, -6.806, 0.0295, 0.0404, 0.00016, 0.074, 0.631, 124.08] 5p1ex0pXv6jSPJ6QbumQpD
[0.712, 0.871, 7, -3.571, 0.225, 0.179, 1.94e-06, 0.203, 0.379, 123.974] 5xBafmhrJzzMsd1dxErIbJ
[0.575, 0.969, 1, -6.741, 0.0425, 0.0105, 0.683, 0.118, 0.0368, 122.998] 0kDIirlQCy6YnmsK5pZ6PZ
[0.719, 0.937, 11, -3.718, 0.0394, 0.0775, 0.739, 0.722, 0.183, 125.006] 0MohhaKyjH8w8XAc2zHXGB
[0.758, 0.746, 0, -7.209, 0.0285, 0.442, 0.000834, 0.154, 0.658, 137.968] 5ZaGbMqMDU70Tg5fVzq8hA
[0.809, 0.96, 10, -3.275, 0.104, 0.0116, 0.317, 0.233, 0.545, 126.026] 1L6HVFyDAf7MGPjHBibgQV
[0.635, 0.878, 0, -4.753, 0.07, 0.0103, 0.538, 0.338, 0.414, 125.002] 02jMxwINWxL7DJGU5Z8pDK
[0.657, 0.976, 6, -3.842, 0.0437, 0.171, 0.0315, 0.318, 0.794, 125.983] 0XS2z0E0ox7F4JHYKKR4wK
[0.639, 0.659, 8, -7.273, 0.215, 0.241, 8.33e-06, 0.484, 0.457, 136.801] 0zVMzJ37VQNFUNvdxxat2E
[0.733, 0.899, 0, -4.237, 0.143, 0.00496, 4.72e-05, 0.372, 0.76, 127.086] 1uXbwHHfgsXcUKfSZw5ZJ0
[0.813, 0.872, 9, -5.224, 0.107, 0.00621, 0, 0.0498, 0.736, 103.016] 1COvXs6jaykXC73h9OSBVM
[0.706, 0.786, 0, -3.417, 0.0909, 0.26, 0, 0.38, 0.749, 150.035] 0puf9yIluy9W0vpMEUoAnN
[0.682, 0.68, 2, -5.443, 0.0299, 0.0255, 0.0208, 0.1, 0.618, 111.035] 2PtBhfoPZ6VYtXkrE5FrCH
[0.69, 0.897, 11, -4.696, 0.0506, 0.0142, 0, 0.108, 0.849, 140.05] 2Ow4Pmi0VOOLvbmJ8V70qo
[0.781, 0.721, 11, -4.167, 0.0414, 0.114, 8.11e-06, 0.0735, 0.618, 125.896] 1VDXQhu7YGdbM6UeEIfsaX
[0.563, 0.75, 11, -4.496, 0.127, 0.113, 0, 0.0788, 0.812, 173.906] 60jzFy6Nn4M0iD1d94oteF
[0.708, 0.553, 5, -6.319, 0.0262, 0.0335, 0, 0.101, 0.589, 94.977] 6g1B0hd6rlT3xP3mERUnz8
[0.707, 0.813, 11, -4.515, 0.0571, 0.0863, 0, 0.168, 0.722, 124.921] 2VOomzT6VavJOGBeySqaMc
[0.743, 0.675, 8, -4.267, 0.0953, 0.0251, 0.000717, 0.0685, 0.59, 92.909] 1KGi9sZVMeszgZOWivFpxs
[0.531, 0.864, 11, -2.978, 0.0433, 0.000105, 2.05e-06, 0.346, 0.401, 126.02] 7bprRkhvOXWmWpqOrEWbXu
[0.875, 0.551, 6, -6.744, 0.317, 0.0488, 0.00728, 0.0537, 0.861, 146.092] 5Ssv6DaKrW0HczVqx6zXdl
[0.724, 0.695, 11, -5.226, 0.0622, 0.073, 0, 0.0889, 0.235, 139.0] 1CrxDKnx34D9zoAIvf7B9H
[0.706, 0.728, 7, -3.602, 0.0852, 0.123, 0, 0.185, 0.851, 121.017] 5vTPxzm4h2bY9rYyVrGEU5
[0.637, 0.919, 7, -2.842, 0.143, 0.0359, 0, 0.22, 0.793, 116.987] 2r6DdaSbkbwoPzuK6NjLPn
[0.516, 0.982, 11, -4.094, 0.228, 0.00727, 1.03e-06, 0.385, 0.418, 149.891] 5R6bRLwPyEj7LLMSJW766C
[0.466, 0.403, 5, -6.142, 0.0337, 0.395, 0, 0.111, 0.337, 119.81] 6oDPg7fXW3Ug3KmbafrXzA
[0.45, 0.787, 6, -3.913, 0.0403, 0.0256, 1.02e-06, 0.109, 0.486, 122.994] 6JmV5cyTQ934NxLY4Z0tg1
[0.469, 0.592, 5, -4.962, 0.0399, 0.0393, 0, 0.105, 0.0938, 161.996] 75xgoXAGed7jiNDdV8TNOe
[0.457, 0.854, 2, -6.2, 0.265, 0.0277, 9.62e-05, 0.731, 0.485, 172.231] 1kusepF3AacIEtUTYrw4GV
[0.652, 0.917, 6, -6.72, 0.0548, 0.0082, 0, 0.0509, 0.459, 132.975] 2goLsvvODILDzeeiT4dAoR
[0.666, 0.87, 11, -5.004, 0.246, 0.203, 0, 0.0851, 0.9, 160.014] 2Adn2LNgkHMH5TelQVAu4n
[0.865, 0.69, 7, -7.448, 0.0444, 0.289, 0.0138, 0.225, 0.868, 121.983] 4cS2HQ6jK80vqdY9ofpztx
[0.662, 0.741, 0, -5.406, 0.0334, 0.00165, 0.0303, 0.114, 0.404, 131.0] 3xrn9i8zhNZsTtcoWgQEAd
[0.652, 0.619, 11, -6.303, 0.133, 0.0935, 0.000349, 0.0605, 0.633, 175.963] 1XeIUenmHr80CAtfGGbMhH
[0.555, 0.923, 0, -5.908, 0.0482, 0.0411, 0, 0.112, 0.682, 116.012] 35a4Kzyo9XY4FI9FaSIzzF
[0.707, 0.724, 11, -3.887, 0.051, 0.0448, 0, 0.072, 0.659, 108.984] 02QQXgeAghpU4smdM7l7We
[0.435, 0.92, 4, -1.357, 0.201, 0.235, 0.000353, 0.552, 0.45, 188.899] 7nXq1vaZiz7PdbfojpPjW5
[0.457, 0.573, 5, -3.866, 0.0275, 0.578, 3.05e-06, 0.114, 0.0992, 76.193] 3TCauNPqFiniaYHBvEVoHG
[0.712, 0.917, 8, -3.953, 0.0502, 0.101, 0.000341, 0.19, 0.892, 108.048] 1wCITgpuEcTRvxrEIa4s0N
[0.84, 0.835, 1, -4.386, 0.275, 0.00281, 1.11e-06, 0.152, 0.637, 103.376] 41nT1Sp6ChR65FbsdLlFHW
[0.771, 0.685, 1, -4.639, 0.0567, 0.00543, 0.00157, 0.0537, 0.683, 88.997] 4pmc2AxSEq6g7hPVlJCPyP
[0.667, 0.93, 7, -4.585, 0.0608, 0.0108, 0, 0.176, 0.893, 115.57] 6ioBgySxoeQKALvAeLEmId
[0.482, 0.706, 9, -5.762, 0.0609, 0.135, 0.00106, 0.105, 0.144, 92.494] 6qOEjO2IUD7PjtpsXawq0d
[0.927, 0.919, 10, -2.233, 0.1, 0.351, 3.31e-06, 0.026, 0.884, 110.028] 0Ryk0MFP400iFSfzYUUii4
[0.855, 0.747, 7, -2.713, 0.0424, 0.0276, 3.45e-05, 0.182, 0.76, 98.018] 39qcvV4f0uqDMHxIkSb7tE
[0.721, 0.88, 9, -3.896, 0.0454, 0.191, 0, 0.0769, 0.655, 110.021] 1uigwk5hNV84zRd5YQQRTk
[0.81, 0.748, 0, -6.464, 0.211, 0.32, 0, 0.0951, 0.669, 130.983] 4KTtYhxFtFL7mBwnjkKfLm
[0.879, 0.643, 1, -3.709, 0.0888, 0.00603, 1.42e-06, 0.0992, 0.582, 120.012] 1gZ7i4qxXkHZb1r6eioaAP
[0.675, 0.693, 11, -5.682, 0.0514, 0.00164, 0, 0.38, 0.353, 118.423] 0dQQWHlXvuw4UyHcAvhfhB
[0.528, 0.831, 8, -3.607, 0.0429, 9.43e-05, 0, 0.141, 0.632, 131.094] 1JdKrFyoU05abww0Zv0ayQ
[0.513, 0.869, 0, -3.038, 0.0807, 0.0376, 1.71e-06, 0.68, 0.717, 72.523] 1EXAqr4fceDPYlL6XeMi2g
[0.825, 0.832, 5, -5.853, 0.0403, 0.00587, 0.000789, 0.114, 0.713, 122.021] 00BuKLSAFkaEkaVAgIMbeA
[0.774, 0.847, 5, -3.925, 0.121, 0.0279, 0.0183, 0.241, 0.923, 143.011] 717TY4sfgKQm4kFbYQIzgo
[0.706, 0.841, 7, -3.956, 0.0418, 7.95e-05, 0, 0.0688, 0.861, 132.032] 1y4eb6hmAvsqlDOl3fx9kk
[0.699, 0.76, 5, -3.173, 0.0677, 0.00223, 0, 0.132, 0.696, 129.996] 005lwxGU1tms6HGELIcUv9
[0.56, 0.959, 7, -2.433, 0.102, 0.000738, 0.000206, 0.209, 0.67, 163.983] 5HbCnVLXRyZVxnreOPgJCK
[0.519, 0.749, 6, -3.318, 0.0405, 0.271, 0, 0.119, 0.29, 147.905] 0ZUo4YjG4saFnEJhdWp9Bt
[0.745, 0.869, 10, -4.828, 0.0574, 0.153, 0, 0.139, 0.963, 125.005] 0KvLsZYwodakWxOQUYAR5I
[0.678, 0.899, 10, -2.937, 0.048, 0.637, 0, 0.347, 0.757, 124.944] 0IF0vGwaJQ8ZCh0QxhW6OV
[0.642, 0.769, 0, -4.501, 0.0269, 0.0522, 0.00032, 0.0772, 0.621, 92.292] 78kkknD87Eor8RDGY9Gyuv
[0.699, 0.561, 1, -15.151, 0.0595, 0.211, 0, 0.241, 0.965, 127.63] 3TVAw0XPGyX3IvYd7AafWd
[0.772, 0.552, 8, -6.328, 0.148, 0.191, 4.46e-05, 0.0697, 0.782, 171.712] 4utZwg1iDZW7WCNETKhduY
[0.551, 0.951, 9, -3.395, 0.0717, 0.0242, 2.91e-06, 0.156, 0.509, 99.992] 2PrjhWBHUdWxUgf1P0sziA
[0.698, 0.791, 11, -10.018, 0.0485, 0.259, 5.08e-05, 0.0927, 0.795, 119.075] 4h8iUgjIlKEBzy2pSSQ49A
[0.842, 0.654, 4, -11.033, 0.045, 0.0987, 1.26e-05, 0.0988, 0.852, 124.296] 3fG5zrslI0MllD4nHtpfkW
[0.421, 0.791, 9, -4.998, 0.0496, 0.0117, 1.48e-05, 0.146, 0.499, 130.075] 6kwAbEjseqBob48jCus7Sz
[0.62, 0.374, 2, -6.997, 0.0343, 0.228, 2.86e-05, 0.0728, 0.493, 164.985] 1g0c4KNfzaOQKQOl4VKzRh
[0.703, 0.689, 0, -7.462, 0.0293, 0.0242, 0, 0.0757, 0.802, 122.814] 6hRZ6K5MzPMKxUoEqHjBW0
[0.776, 0.9, 0, -3.97, 0.0382, 0.058, 0, 0.256, 0.963, 127.051] 0VVNXqaDwfHngG2gXaOtlI
[0.564, 0.703, 2, -5.459, 0.269, 0.437, 0.00927, 0.358, 0.477, 139.045] 5fyIGoaaKelzdyW8ELhYJZ
[0.686, 0.898, 3, -2.72, 0.052, 0.000698, 4.61e-05, 0.0721, 0.696, 122.985] 6lUY6MoqGgPnA27PHYxem5
[0.741, 0.726, 3, -3.77, 0.143, 0.181, 0.000189, 0.111, 0.527, 163.991] 7pNC5ZIKtwUK0ReSpM3P9f
[0.618, 0.848, 7, -4.36, 0.0279, 0.000469, 0.522, 0.189, 0.413, 118.998] 3dNcq4dzEtbFUM4PGeHHXp
[0.687, 0.702, 7, -5.324, 0.0455, 0.0064, 4.35e-05, 0.204, 0.284, 129.956] 12KUFSHFgT0XCoiSlvdQi4
[0.721, 0.867, 11, -4.302, 0.196, 0.29, 2.87e-06, 0.503, 0.639, 127.033] 7gKIt3rDGIMJDFVSPBnGmj
[0.66, 0.805, 1, -5.352, 0.153, 0.0192, 8.83e-06, 0.159, 0.625, 103.009] 7vS3Y0IKjde7Xg85LWIEdP
[0.887, 0.774, 1, -6.108, 0.0434, 0.00933, 0.0213, 0.159, 0.826, 113.0] 4LmzPJDil70LpiApWfOI6O
[0.768, 0.864, 11, -6.145, 0.0324, 0.101, 0, 0.162, 0.891, 110.008] 1Je1IMUlBXcx1Fz0WE7oPT
[0.73, 0.602, 6, -3.782, 0.206, 0.362, 3.69e-06, 0.169, 0.927, 97.954] 69XUpOpjzDKcfdxqZebGiI
[0.674, 0.834, 2, -4.004, 0.0515, 0.0373, 0, 0.341, 0.364, 140.104] 2SxC7qSTg4MaXygjkKt5GY
[0.587, 0.828, 11, -5.108, 0.161, 0.00327, 0, 0.331, 0.494, 123.907] 30XU4suKzCeoCK9YFzdufg
[0.426, 0.584, 1, -5.293, 0.296, 0.0383, 0, 0.188, 0.272, 193.437] 5R9a4t5t5O0IsznsrKPVro
[0.686, 0.63, 10, -4.691, 0.0403, 0.243, 0, 0.581, 0.81, 128.007] 5OnDxMbYnOhO6cEBI7mwTY
[0.516, 0.793, 10, -4.226, 0.0385, 0.0111, 0, 0.105, 0.201, 107.493] 4iuVwVT6KAjIaFX7rnDsGe
[0.845, 0.576, 11, -5.15, 0.153, 0.139, 0, 0.0764, 0.461, 127.641] 1Oi2zpmL81Q0yScF1zxaC0
[0.412, 0.441, 11, -11.523, 0.291, 0.0296, 0.0726, 0.306, 0.174, 185.571] 2vPTtiR7x7T6Lr17CE2FAE
[0.775, 0.825, 7, -5.402, 0.0464, 0.0506, 1.03e-06, 0.111, 0.95, 139.091] 6gj08XDlv9Duc2fPOxUmVD
[0.545, 0.649, 6, -4.062, 0.0324, 0.143, 1.57e-05, 0.0894, 0.297, 99.099] 5OrX4PR74Ttezdj5soO1BV
[0.7, 0.708, 7, -4.952, 0.087, 0.00624, 0, 0.0345, 0.619, 122.031] 05qq6mwIbG1ZsQhlMKyDwN
[0.512, 0.625, 11, -6.764, 0.0508, 0.00308, 0.000164, 0.346, 0.201, 129.935] 7lUA4P03AhwAw40JHkdyGr
[0.723, 0.721, 2, -7.636, 0.0636, 0.00308, 0, 0.131, 0.383, 98.009] 3KF0i9fTyUAUEL2DPSxnRU
[0.655, 0.782, 1, -4.789, 0.185, 0.375, 0, 0.317, 0.832, 79.427] 3cU2wBxuV6nFiuf6PJZNlC
[0.447, 0.694, 7, -4.637, 0.382, 0.0293, 5.46e-06, 0.167, 0.509, 175.868] 6RX5iL93VZ5fKmyvNXvF1r
[0.884, 0.765, 8, -3.865, 0.0882, 0.063, 7.04e-06, 0.118, 0.594, 99.987] 41Fflg7qHiVOD6dEPvsCzO
[0.789, 0.623, 0, -5.572, 0.091, 0.0432, 0, 0.227, 0.792, 93.221] 7cmu369bIyXA9M6jABDsMS
[0.733, 0.65, 5, -3.539, 0.0315, 0.0703, 6.59e-05, 0.0829, 0.348, 110.003] 4dL1HwRWQgWK9timX9PLex
[0.747, 0.705, 9, -5.137, 0.126, 0.0128, 0, 0.126, 0.56, 136.024] 02M6vucOvmRfMxTXDUwRXu
[0.61, 0.893, 9, -3.681, 0.0921, 0.154, 4.41e-05, 0.021, 0.673, 104.031] 1j8z4TTjJ1YOdoFEDwJTQa
[0.53, 0.422, 5, -6.262, 0.0342, 0.407, 0, 0.107, 0.349, 119.964] 2vwlzO0Qp8kfEtzTsCXfyE
[0.686, 0.782, 9, -4.653, 0.0277, 0.000106, 0, 0.0961, 0.247, 101.986] 2Aebl2cIDLjPUvOJPH8xyH
[0.49, 0.798, 6, -3.66, 0.0489, 0.0137, 0, 0.0627, 0.479, 149.109] 7FC9Lng8iXU081lbigu8m8
[0.834, 0.831, 7, -6.061, 0.0745, 0.00799, 0, 0.217, 0.788, 103.009] 6QicTxeiSaRkPnkGDUvYOs
[0.735, 0.826, 1, -4.902, 0.0349, 0.00101, 0.129, 0.197, 0.74, 132.964] 3m7Fne4xA0bsKzEaWbNucr
[0.639, 0.707, 7, -5.062, 0.0739, 0.0881, 0, 0.176, 0.352, 87.944] 6bRbeEgg8v8BQ0HuVuPE7v
[0.646, 0.77, 2, -6.596, 0.226, 0.00249, 0, 0.0715, 0.681, 99.165] 5IVuqXILoxVWvWEPm82Jxr
[0.662, 0.873, 0, -3.116, 0.0395, 0.0292, 0, 0.224, 0.592, 129.902] 3djPwpsQAnp8B8gC81e7fk
[0.613, 0.801, 8, -4.431, 0.0354, 0.0626, 1.15e-05, 0.124, 0.609, 126.966] 01CnYyPXMFRzOFVQBU8WMb
[0.591, 0.751, 8, -6.191, 0.0908, 0.00206, 0.000232, 0.117, 0.346, 130.007] 53NJP45Axhc7jRMMrlLiy7
[0.616, 0.768, 0, -6.714, 0.0781, 0.0032, 0, 0.427, 0.322, 122.91] 0xCmwofyCiXdhoBsMSNj2w
[0.683, 0.664, 5, -4.233, 0.0332, 0.538, 0, 0.0671, 0.866, 106.991] 56z2qI0gKcPthQF6l8AW3E
[0.778, 0.741, 10, -4.97, 0.0484, 0.0538, 2.04e-06, 0.29, 0.364, 102.95] 0NTMtAO2BV4tnGvw9EgBVq
[0.302, 0.724, 0, -4.034, 0.0416, 0.398, 0, 0.355, 0.394, 144.235] 2PjDWdGvvbLQfRRTQIZPmv
[0.562, 0.939, 0, -4.282, 0.0475, 0.046, 0, 0.112, 0.684, 116.044] 6D60klaHqbCl9ySc8VcRss
[0.581, 0.772, 9, -6.544, 0.0401, 0.000343, 0.0191, 0.11, 0.361, 127.952] 0JNdS1n0ifOP25XvhwAMgM
[0.586, 0.827, 11, -5.102, 0.15, 0.0037, 0, 0.328, 0.508, 123.905] 6aDi4gOE2Cfc6ecynvP81R
[0.829, 0.813, 3, -5.811, 0.044, 0.00768, 0.000385, 0.114, 0.743, 122.018] 1Sl4WkY1bLzNblPDWYFDc3
[0.563, 0.671, 7, -4.788, 0.0372, 0.0422, 0, 0.36, 0.45, 91.965] 4SEZthmPtszZPaktPLRX6J
[0.697, 0.467, 9, -7.536, 0.0715, 0.248, 0, 0.0941, 0.572, 82.081] 3goSVuTt3fDYDP6kRnFwuL
[0.598, 0.923, 7, -2.588, 0.0431, 0.000189, 0, 0.286, 0.763, 113.998] 3CfW3l2KW5aFZlje46ShVk
[0.672, 0.593, 11, -4.01, 0.0304, 0.0223, 0, 0.214, 0.438, 98.02] 1BZG99C7Co1r6QUC3zaS59
[0.599, 0.893, 1, -4.404, 0.0376, 0.018, 0, 0.0772, 0.591, 107.033] 5ecZWU5uQOiCVSnPxBZNmT
[0.313, 0.635, 11, -4.676, 0.0431, 0.0229, 0, 0.129, 0.224, 114.776] 2kP1ujXHn0mNqFbiT3zob8
[0.629, 0.824, 9, -6.53, 0.159, 0.155, 0.000628, 0.0651, 0.852, 128.01] 3KliPMvk1EvFZu9cvkj8p1
[0.676, 0.762, 1, -4.172, 0.0351, 0.461, 0, 0.0574, 0.81, 119.003] 3VA8T3rNy5V24AXxNK5u9E
[0.583, 0.658, 8, -5.339, 0.0938, 0.0198, 3.85e-06, 0.443, 0.215, 96.11] 3556vNt6SuQPqt15VFfRWv
[0.723, 0.721, 2, -7.636, 0.0636, 0.00308, 0, 0.131, 0.383, 98.009] 4d0aQdmO2GyYL10YjCy0KN
[0.742, 0.809, 1, -3.591, 0.176, 0.0116, 2.77e-06, 0.726, 0.632, 93.95] 0NmeI6UpRE27dxxgosD5n9
[0.584, 0.865, 4, -4.903, 0.0368, 0.0989, 0, 0.349, 0.507, 98.985] 1dqiXGXfB74mwUeJRvqYKB
[0.67, 0.637, 4, -5.275, 0.0445, 0.0543, 0, 0.356, 0.301, 134.056] 2pWZZZGURB0k1R38CP8ouq
[0.811, 0.499, 5, -7.161, 0.118, 0.0147, 2.44e-06, 0.342, 0.466, 111.016] 1LoriJC05IrHIDwj3q0KC1
[0.513, 0.855, 4, -6.298, 0.102, 0.0254, 0.000399, 0.51, 0.288, 129.061] 0H7uRp4w4GP9fhAvh9Jih0
[0.597, 0.749, 3, -6.252, 0.0768, 0.00175, 0.000187, 0.116, 0.326, 130.077] 4wBA24GuWqlFfZ6uL65aXP
[0.659, 0.767, 2, -3.016, 0.261, 0.12, 0, 0.181, 0.554, 181.818] 1sSNWjLtY4GwyhqAwAnPD9
[0.803, 0.585, 8, -5.861, 0.0432, 0.103, 3.94e-06, 0.0644, 0.593, 105.017] 4tCtwWceOPWzenK2HAIJSb
[0.551, 0.836, 10, -3.838, 0.0524, 0.00502, 2.1e-05, 0.0425, 0.758, 185.063] 6Uy6K3KdmUdAfelUp0SeXn
[0.599, 0.803, 0, -3.641, 0.0986, 0.069, 0.137, 0.129, 0.233, 126.057] 77TT8Xvx637TpzV8kKGkUw
[0.823, 0.411, 0, -7.061, 0.0557, 0.409, 0.00135, 0.649, 0.397, 90.997] 2TyCAfhwu5tRqFW8VnGMIL
[0.651, 0.692, 7, -3.409, 0.0323, 0.0517, 0, 0.0908, 0.823, 105.988] 0FMKDwMKCX5R65I1Fhphkw
[0.703, 0.868, 7, -4.661, 0.0291, 0.15, 0.132, 0.104, 0.733, 121.03] 1NDxZ7cFAo481dtYWdrUnR
[0.76, 0.588, 9, -7.082, 0.0775, 0.0485, 0, 0.0847, 0.384, 102.974] 10GJQkjRJcZhGTLagFOC62
[0.572, 0.231, 0, -6.316, 0.0334, 0.953, 3.88e-06, 0.111, 0.332, 96.729] 48wSJ6NhMFYYB6LjdnPNjM
[0.682, 0.927, 4, -2.915, 0.0479, 0.0843, 0, 0.149, 0.744, 101.019] 3TcL0dyCMyr0kyTTc4NLgI
[0.725, 0.534, 11, -6.238, 0.0946, 0.0752, 0, 0.0919, 0.558, 91.974] 32lmL4vQAAotg6MrJnhlQZ
[0.554, 0.772, 7, -4.821, 0.0418, 0.00487, 6.6e-06, 0.354, 0.455, 179.984] 6F5c58TMEs1byxUstkzVeM
[0.602, 0.658, 1, -5.934, 0.0558, 0.0233, 6e-05, 0.237, 0.268, 145.031] 5OCJzvD7sykQEKHH7qAC3C
[0.724, 0.647, 1, -5.642, 0.0658, 0.28, 0, 0.102, 0.435, 106.96] 2rPE9A1vEgShuZxxzR2tZH
[0.702, 0.635, 11, -6.917, 0.265, 0.0223, 0, 0.283, 0.873, 144.004] 3Du2K5dLzmduCNp6uwuaL0
[0.576, 0.697, 10, -4.192, 0.326, 0.0286, 1.15e-06, 0.167, 0.501, 175.906] 1G7DcLzPnopdZjLkev0K4e
[0.816, 0.726, 5, -3.998, 0.129, 0.099, 0, 0.372, 0.65, 136.048] 58q2HKrzhC3ozto2nDdN4z
[0.725, 0.321, 1, -10.744, 0.323, 0.578, 0, 0.0884, 0.319, 70.142] 14msK75pk3pA33pzPVNtBF
[0.813, 0.488, 11, -7.737, 0.257, 0.187, 0.000132, 0.231, 0.688, 139.983] 4F8V44j8cbjHnXjfW2HruU
[0.726, 0.554, 5, -5.29, 0.0917, 0.0421, 0, 0.106, 0.335, 169.999] 4kV4N9D1iKVxx1KLvtTpjS
[0.573, 0.739, 0, -5.74, 0.129, 0.0285, 0, 0.111, 0.451, 97.085] 0prNGof3XqfTvNDxHonvdK
[0.737, 0.636, 11, -4.546, 0.0437, 0.0441, 6.66e-05, 0.35, 0.565, 105.005] 6kPJZM97LwdG9QIsT7khp6
[0.697, 0.552, 1, -10.271, 0.196, 0.479, 0.127, 0.147, 0.278, 75.235] 6vsV4D8BM6PioRr1UOx0n2
[0.616, 0.765, 0, -6.75, 0.078, 0.0029, 0, 0.149, 0.343, 122.916] 4Y6IdA3e4wwLrbKHDjufaC
[0.495, 0.403, 1, -9.731, 0.301, 0.5, 0, 0.7, 0.555, 140.415] 0755vnFQZLSgHHWbR1qCjY
[0.95, 0.59, 8, -6.508, 0.29, 0.00534, 0, 0.11, 0.219, 130.003] 2GGMabyHXnJmjY6CXhhB2e
[0.778, 0.317, 1, -10.732, 0.334, 0.592, 0, 0.0881, 0.327, 140.048] 6ocbgoVGwYJhOv1GgI9NsF
[0.757, 0.849, 5, -3.424, 0.0536, 0.173, 0, 0.0878, 0.826, 150.036] 6rrTr2HEAzlpC4KWZxF3S1
[0.774, 0.739, 0, -4.022, 0.0952, 0.0316, 5.95e-06, 0.119, 0.823, 126.002] 6wZ8kvKP9d1MKlNFTMZrBK