[0.631, 0.453, 11, -7.423, 0.0272, 0.182, 0, 0.125, 0.542, 134.935] 54hQppUC4QP1SNPJTohpRx
[0.484, 0.731, 1, -6.694, 0.0379, 0.431, 0, 0.151, 0.51, 101.654] 3JvrhDOgAt6p7K8mDyZwRd
[0.642, 0.289, 9, -9.918, 0.0367, 0.669, 0, 0.18, 0.407, 84.996] 6F25tznBMyPJpXx7Gj1ch0
[0.436, 0.562, 11, -6.106, 0.0278, 0.0102, 0.000278, 0.198, 0.24, 150.066] 3SZLtkoHoECHHuOnNkNCuS
[0.376, 0.466, 10, -6.927, 0.0353, 0.514, 5.8e-05, 0.0781, 0.276, 199.835] 3BYyBzKGPOCHeginhe0F77
[0.614, 0.379, 4, -10.48, 0.0476, 0.607, 0.000464, 0.0986, 0.201, 107.989] 1HNkqx9Ahdgi1Ixy2xkKkL
[0.531, 0.542, 8, -7.721, 0.0432, 0.356, 0, 0.119, 0.726, 171.878] 6MDTpYxPFL0wtFd0pjfKws
[0.695, 0.615, 7, -5.325, 0.042, 0.15, 0.000212, 0.0879, 0.414, 124.015] 4pGqFOfzvfe6avb9kbZicC
[0.703, 0.701, 3, -5.251, 0.166, 0.174, 0, 0.0483, 0.656, 162.015] 31fwuGbUoRUXCI9XvLJHdG
[0.512, 0.559, 1, -5.498, 0.0253, 0.0843, 0, 0.0696, 0.193, 85.017] 7xpraKSakDJ6WWgjQEtvgT
[0.651, 0.681, 2, -5.006, 0.0497, 0.0422, 0, 0.338, 0.761, 165.889] 1lMm2SeSWddqmRYZWa8q5b
[0.379, 0.29, 4, -8.485, 0.051, 0.952, 0.00106, 0.118, 0.169, 166.467] 4RL77hMWUq35NYnPLXBpih
[0.479, 0.419, 0, -6.517, 0.0389, 0.568, 0.000217, 0.11, 0.186, 85.014] 5Db9VIdDsN5yu3Eu7CT0i4
[0.684, 0.341, 9, -9.497, 0.0272, 0.837, 2.69e-05, 0.0883, 0.557, 75.948] 3C5in0EVdoGepp5bA6lhlE
[0.53, 0.346, 8, -10.497, 0.0376, 0.697, 1.07e-05, 0.105, 0.359, 121.876] 1HbcclMpw0q2WDWpdGCKdS
[0.823, 0.398, 7, -8.22, 0.0951, 0.644, 5.65e-06, 0.0937, 0.578, 114.178] 451GvHwY99NKV4zdKPRWmv
[0.769, 0.371, 0, -8.522, 0.0326, 0.733, 3.73e-05, 0.106, 0.653, 100.001] 6obMmMuVhvB0VMTZa5EJIP
[0.481, 0.179, 3, -21.424, 0.109, 0.613, 2.84e-05, 0.145, 0.405, 74.85] 6LteLVcW0oWLjuW6nePyWb
[0.624, 0.424, 1, -8.237, 0.24, 0.284, 0, 0.173, 0.584, 76.669] 1oGdVdYjeQvojGKDddxLQQ
[0.396, 0.629, 9, -4.78, 0.0287, 0.0328, 0, 0.183, 0.358, 173.794] 09ZcYBGFX16X8GMDrvqQwt
[0.879, 0.574, 11, -8.794, 0.037, 0.405, 0.00015, 0.0913, 0.682, 114.001] 5tjrH5xrpkgKgYd8zQgU8X
[0.583, 0.655, 0, -5.407, 0.0315, 0.111, 3.57e-06, 0.113, 0.201, 119.759] 5AnCLGg35ziFOloEnXK4uu
[0.405, 0.687, 7, -10.08, 0.0456, 0.383, 6.08e-05, 0.124, 0.151, 82.812] 4HLnKxeTmOuyD81L4lX3t7
[0.455, 0.676, 1, -6.391, 0.0415, 0.338, 0.000118, 0.362, 0.421, 82.007] 1ePfCeQi0gr1a7nR6ic51O
[0.763, 0.387, 10, -8.643, 0.0278, 0.239, 0.00747, 0.13, 0.273, 109.957] 5Z1U0knfYnsfvZycgDeOiC
[0.714, 0.533, 4, -10.405, 0.0293, 0.64, 1.7e-06, 0.162, 0.631, 118.107] 4hIv0vg8xbxlbbde8cIkcz
[0.585, 0.348, 11, -10.268, 0.0361, 0.585, 7.47e-05, 0.101, 0.101, 109.97] 4gFakkHz0RjUrbf9Ufilb7
[0.595, 0.127, 1, -9.385, 0.0329, 0.813, 0, 0.0913, 0.0948, 140.986] 67x3EeJq7I0Ep7tlaxi79e
[0.678, 0.351, 0, -8.654, 0.0265, 0.747, 0, 0.355, 0.568, 90.029] 1CrDibvKDE6L47QZW9PoT3
[0.375, 0.889, 3, -3.704, 0.0991, 0.0848, 0, 0.136, 0.881, 199.669] 1co0puPTYvqAdUEjFOjne9
[0.747, 0.462, 6, -8.439, 0.11, 0.415, 0, 0.146, 0.794, 106.0] 3BD7u97QE7cH5qSiB2Hpnw
[0.479, 0.541, 0, -9.862, 0.0545, 0.737, 0, 0.108, 0.321, 85.994] 6DdyZAF3pvMXMRrI0OtDqy
[0.744, 0.621, 4, -7.661, 0.0547, 0.43, 0.000169, 0.114, 0.716, 77.605] 4y3BhblwDqsRTRLX26Zomb
[0.603, 0.263, 0, -12.406, 0.0326, 0.802, 0.000113, 0.116, 0.333, 146.226] 23OyhiprklzoNCOJX31fSE
[0.666, 0.728, 7, -5.808, 0.0419, 0.00175, 4.26e-06, 0.0429, 0.51, 122.996] 6XcfKZvJio9Z0fQy11GnNX
[0.583, 0.66, 11, -5.078, 0.0377, 0.181, 0, 0.0979, 0.861, 151.956] 0RFgvrhkf9FiDRLA0BhzpZ
[0.389, 0.308, 7, -14.46, 0.0751, 0.853, 0.937, 0.172, 0.13, 129.138] 1DehtVbbTjUQjxGaXd5PnH
[0.674, 0.815, 9, -5.92, 0.0267, 0.0531, 0, 0.0873, 0.908, 119.932] 0sAKfW4iMtFQ14mkejsac5
[0.549, 0.255, 2, -12.162, 0.0435, 0.908, 1.29e-05, 0.323, 0.303, 95.514] 7CmVQhbcbpJ3MSkylh3ShC
[0.651, 0.549, 4, -6.566, 0.0257, 0.492, 0, 0.105, 0.307, 106.998] 0MFDzxcs2Zk47nLq7ukC4S
[0.448, 0.256, 5, -10.17, 0.0483, 0.875, 0, 0.113, 0.174, 77.272] 2GwShNdcJHDLEkGO4L34lF
[0.695, 0.359, 0, -7.676, 0.0535, 0.849, 0, 0.102, 0.389, 85.93] 0P3wANnHa96Q7qOBzZrvD5
[0.485, 0.476, 5, -8.887, 0.128, 0.792, 0, 0.113, 0.601, 171.479] 6bNcbh4SxQDU0BHa4Dj3wx
[0.444, 0.535, 9, -7.051, 0.055, 0.226, 0, 0.212, 0.158, 88.033] 6S4vdF9ENvX8WN8PvJ6soA
[0.55, 0.415, 9, -6.557, 0.052, 0.161, 0, 0.108, 0.274, 172.065] 2JqnpexlO9dmvjUMCaLCLJ
[0.552, 0.356, 10, -7.608, 0.027, 0.852, 0, 0.173, 0.196, 109.763] 3y4uSQwxHckyRcvafEilkN
[0.578, 0.731, 7, -5.966, 0.0922, 0.243, 0, 0.112, 0.501, 139.442] 57MUBmB0IhftnHLtlQK9JP
[0.553, 0.274, 1, -12.564, 0.0379, 0.798, 7.13e-06, 0.103, 0.208, 86.672] 3g2koMSfvsAGKcBAHyFtUF
[0.674, 0.204, 5, -13.535, 0.0385, 0.885, 0.000211, 0.0916, 0.13, 120.299] 5EkwoGPD4viwhl1CGEBoPL
[0.733, 0.533, 4, -6.971, 0.0357, 0.49, 0, 0.171, 0.483, 104.506] 4eQBL0cuF3ismYCzBff2Ii
[0.417, 0.673, 6, -7.719, 0.0497, 0.199, 0, 0.128, 0.314, 108.994] 6KuU2rnFYUyYzGOwcCZDT7
[0.682, 0.354, 2, -8.614, 0.0263, 0.435, 0, 0.0931, 0.197, 90.001] 6ywMfE9nosHl8lTptcbTUn
[0.636, 0.165, 11, -12.508, 0.0314, 0.841, 0, 0.163, 0.408, 127.839] 7Gs9vEfo69lSwsTz4MRuBG
[0.501, 0.405, 1, -5.679, 0.0319, 0.751, 0, 0.105, 0.446, 109.891] 2TIlqbIneP0ZY1O0EzYLlc
[0.667, 0.356, 11, -10.464, 0.46, 0.835, 1.42e-05, 0.125, 0.513, 177.897] 44i6jEICONcpRzd3Tyejlp
[0.697, 0.675, 0, -6.769, 0.0729, 0.633, 6.17e-06, 0.114, 0.254, 126.901] 6wkVmLTBedKaAoeSj4xP6J
[0.47, 0.451, 5, -9.369, 0.0412, 0.766, 0.000232, 0.108, 0.501, 77.109] 0xVrusjXiWhqSQ5dPoiiWX
[0.488, 0.188, 10, -13.461, 0.0357, 0.813, 1.62e-06, 0.0966, 0.345, 121.522] 7mE8MPVQRjvi6T2F0lDYkL
[0.606, 0.689, 7, -5.721, 0.0279, 0.00511, 0.0791, 0.0717, 0.257, 104.968] 01KMuGGsO4bzGFnq7Hiic9
[0.531, 0.269, 1, -10.6, 0.0406, 0.866, 0, 0.116, 0.52, 84.186] 5UqivtkoiPTXrJu6GIt1mh
[0.695, 0.393, 8, -12.342, 0.0694, 0.59, 0, 0.104, 0.587, 144.0] 03BhutZbqVbycMIXXHzxLG
[0.584, 0.407, 1, -7.356, 0.046, 0.476, 0, 0.18, 0.341, 115.124] 5rFj8OzffT0iggSjcBaeND
[0.613, 0.739, 10, -6.478, 0.0311, 0.526, 0, 0.149, 0.712, 104.966] 2BkyYZmU4JuWW2sYi9EzpC
[0.685, 0.553, 1, -6.965, 0.0667, 0.359, 0, 0.654, 0.695, 130.022] 6iRTYLWbxXtUz00KQIWiTN
[0.673, 0.596, 10, -7.891, 0.0354, 0.166, 0, 0.11, 0.19, 123.969] 3Kuu5vASpXK8oRsxOvau6P
[0.741, 0.466, 4, -7.258, 0.0357, 0.558, 0, 0.0583, 0.351, 102.058] 54iSfkh69fxhnSNrgvTEBp
[0.599, 0.624, 8, -3.631, 0.0343, 0.385, 0, 0.125, 0.539, 90.034] 5lD0amV3bUehz3Xt80tCQK
[0.338, 0.803, 8, -5.412, 0.0413, 0.0187, 0, 0.136, 0.4, 151.994] 4IoYz8XqqdowINzfRrFnhi
[0.502, 0.43, 2, -7.694, 0.0288, 0.838, 1.98e-06, 0.103, 0.348, 103.804] 3DWOTqMQGp5q75fnVsWwaN
[0.64, 0.743, 10, -4.08, 0.0379, 0.269, 0, 0.101, 0.361, 122.035] 5fVZC9GiM4e8vu99W0Xf6J
[0.659, 0.335, 2, -7.394, 0.0433, 0.696, 0, 0.185, 0.609, 175.818] 4CHQ6VGWHmZsGsDRj8cnI0
[0.678, 0.443, 10, -7.5, 0.0494, 0.697, 0, 0.111, 0.288, 124.798] 62Ugd2uzlmMMlycA2zioyD
[0.828, 0.431, 6, -7.901, 0.0446, 0.751, 0, 0.296, 0.656, 94.969] 5Uh3Hzh9n422iZEQyMkks8
[0.332, 0.282, 7, -7.257, 0.044, 0.825, 0, 0.104, 0.234, 187.057] 2CBReP4Ox7OnBzhJsb2VNk
[0.592, 0.257, 0, -10.059, 0.0609, 0.822, 0, 0.0961, 0.72, 82.801] 1jauBmvPotDSDEtllpKg47
[0.796, 0.159, 10, -13.037, 0.0717, 0.679, 0, 0.157, 0.604, 134.872] 7zsC3MRs9FgcloMoctORr9
[0.571, 0.447, 7, -7.0, 0.041, 0.817, 0, 0.107, 0.592, 144.836] 4PW3blgXVhTqSKLMGx49Sr
[0.444, 0.221, 6, -9.127, 0.0408, 0.875, 0, 0.303, 0.494, 83.811] 4dc4ZXSyCQjt5wmohvJVz8
[0.478, 0.406, 10, -8.225, 0.0323, 0.762, 0, 0.15, 0.173, 150.102] 0WNBjhyHaSpEj8b7pUEnQM
[0.667, 0.131, 1, -12.523, 0.0889, 0.893, 0, 0.107, 0.674, 204.183] 1RMuo6e8vADkYmKw0wMFC7
[0.585, 0.202, 0, -11.417, 0.0362, 0.877, 0, 0.12, 0.432, 145.799] 4rrbEzV5jQOdzzPNKYCzBv
[0.455, 0.676, 1, -6.391, 0.0415, 0.338, 0.000118, 0.362, 0.421, 82.007] 1ePfCeQi0gr1a7nR6ic51O
[0.405, 0.687, 7, -10.08, 0.0456, 0.383, 6.08e-05, 0.124, 0.151, 82.812] 4HLnKxeTmOuyD81L4lX3t7
[0.763, 0.387, 10, -8.643, 0.0278, 0.239, 0.00747, 0.13, 0.273, 109.957] 5Z1U0knfYnsfvZycgDeOiC
[0.714, 0.533, 4, -10.405, 0.0293, 0.64, 1.7e-06, 0.162, 0.631, 118.107] 4hIv0vg8xbxlbbde8cIkcz
[0.585, 0.348, 11, -10.268, 0.0361, 0.585, 7.47e-05, 0.101, 0.101, 109.97] 4gFakkHz0RjUrbf9Ufilb7
[0.679, 0.495, 5, -5.842, 0.036, 0.489, 5.65e-06, 0.0845, 0.49, 81.996] 5WLtenwEwifJHYTUw514RH
[0.468, 0.205, 4, -11.014, 0.0412, 0.921, 0, 0.107, 0.325, 125.343] 7E7sAg5qPv0cObXCWRsYMJ
[0.459, 0.179, 4, -10.931, 0.038, 0.916, 0, 0.121, 0.273, 127.867] 7r4dwgu3hzR60pVulZ9IP9
[0.606, 0.209, 7, -8.759, 0.0303, 0.712, 0, 0.144, 0.308, 125.969] 7Lrhwo1I6a5EpomQYtUHbC
[0.717, 0.32, 3, -8.393, 0.0283, 0.828, 0, 0.107, 0.322, 107.946] 6Pbh08Uo0o51ha2JOW8KtE
[0.595, 0.127, 1, -9.385, 0.0329, 0.813, 0, 0.0913, 0.0948, 140.986] 67x3EeJq7I0Ep7tlaxi79e
[0.678, 0.351, 0, -8.654, 0.0265, 0.747, 0, 0.355, 0.568, 90.029] 1CrDibvKDE6L47QZW9PoT3
[0.705, 0.347, 2, -8.249, 0.0301, 0.674, 0, 0.12, 0.36, 80.057] 2PVU8zHILp6jK4Q7W6rkz8
[0.563, 0.658, 1, -7.177, 0.0419, 0.492, 0, 0.105, 0.702, 77.041] 6FVuzVYUdbPBJr6kuxgNGs
[0.379, 0.256, 8, -11.761, 0.0282, 0.704, 0, 0.0907, 0.21, 155.469] 3TzAaifUYY2ROlF4FEurBT
[0.439, 0.207, 1, -9.573, 0.0296, 0.614, 0, 0.187, 0.263, 136.513] 4dp8cI4USaMlFzJ5MeBsVs
[0.595, 0.337, 11, -8.525, 0.028, 0.86, 0, 0.123, 0.348, 134.943] 684kly4A0xCFHyxd28qNB1
[0.703, 0.326, 1, -6.638, 0.0272, 0.705, 0, 0.168, 0.629, 79.898] 1G8WfWqRhhFQ1AYuGG7zrV
[0.73, 0.44, 4, -4.964, 0.035, 0.65, 0, 0.142, 0.44, 114.812] 0KJ2p9iQISqE7X6aUL6EQC
[0.451, 0.21, 1, -9.936, 0.0369, 0.84, 0, 0.0842, 0.365, 100.028] 1me0ghDHipA5FJjXNauqYF
[0.592, 0.413, 9, -7.034, 0.0391, 0.534, 0, 0.076, 0.265, 76.106] 6wAdud2CBNp7or2s5k6RLD
[0.494, 0.254, 4, -9.87, 0.0405, 0.827, 0, 0.204, 0.24, 92.696] 4sT5DYq2NolMi8i6tk5FtA
[0.538, 0.507, 9, -6.059, 0.0342, 0.394, 0, 0.0946, 0.705, 88.683] 4gxT7DX1NVig7cnQBhSmiM
[0.415, 0.336, 8, -6.26, 0.0406, 0.662, 0, 0.107, 0.284, 195.083] 3awzKzJT713SCM9O1IVYx3
[0.512, 0.388, 1, -8.62, 0.0309, 0.653, 0, 0.0915, 0.167, 125.221] 3PUzmbzL24MPBROXK8Kh3u
[0.804, 0.547, 4, -7.769, 0.0665, 0.194, 0, 0.0888, 0.507, 126.013] 7vEX2DuGfeyH2RRV3XZdHJ
[0.404, 0.237, 7, -10.001, 0.039, 0.906, 0, 0.111, 0.163, 143.785] 417iZHySvA6ToTfg5uBMx0
[0.805, 0.572, 10, -7.842, 0.0377, 0.151, 0, 0.0624, 0.781, 120.007] 05WjWlNPQ1qA286JcPI72M
[0.74, 0.507, 5, -9.047, 0.0288, 0.0606, 0, 0.104, 0.651, 117.999] 3NZymxR0R1fhBpWJFZ4A6E
[0.54, 0.322, 8, -8.828, 0.0472, 0.77, 0, 0.153, 0.335, 125.929] 6ZjkVq39D5CHfGqLzvnONO
[0.756, 0.405, 5, -7.016, 0.0539, 0.427, 0, 0.0847, 0.431, 113.352] 4p42WRbQor4Mq24wpUGWSX
[0.408, 0.441, 3, -8.012, 0.0271, 0.413, 8.39e-06, 0.118, 0.0987, 137.982] 0OaEILHp0OsUGrfGJ4rnoK
[0.748, 0.0926, 8, -11.531, 0.0307, 0.921, 0, 0.112, 0.327, 77.934] 2c0c7QiLtjsTs2FN3u9cnC
[0.406, 0.285, 10, -8.549, 0.0408, 0.843, 0, 0.106, 0.228, 126.554] 2RmCgjc28Z8cgy92Nq1zrv
[0.382, 0.549, 5, -7.615, 0.0313, 0.0716, 0.000111, 0.148, 0.237, 124.994] 2LdxHPLuRxzkJLPrw0BoUu
[0.592, 0.257, 6, -9.111, 0.0401, 0.83, 0, 0.117, 0.126, 128.754] 4ya7xl7nQxqctgC3cYTOwz
[0.458, 0.275, 5, -8.241, 0.0365, 0.827, 0, 0.174, 0.199, 114.129] 7AEkRLRfgn9mB3BCXIZ2G7
[0.587, 0.327, 2, -9.185, 0.0411, 0.341, 0, 0.0924, 0.205, 120.742] 0lXW22TOLOJcn5hpHiIfvf
[0.634, 0.627, 5, -7.398, 0.0317, 0.0318, 6.08e-05, 0.233, 0.322, 127.911] 3z940oXU1kwGodHoUg5aLr
[0.48, 0.32, 5, -7.714, 0.0401, 0.573, 0, 0.104, 0.264, 180.424] 6TT0FLa9jTDJKKVrAlr6P0
[0.651, 0.655, 7, -5.358, 0.0309, 0.213, 0, 0.134, 0.546, 109.933] 5vhnGfu1VSLeSAKwv48KID
[0.729, 0.408, 11, -10.078, 0.0323, 0.349, 0, 0.0957, 0.263, 120.022] 4Fn6sWJ59YQ5SkVNYM3POS
[0.707, 0.256, 6, -10.484, 0.0287, 0.823, 2.62e-05, 0.104, 0.45, 93.914] 3bsX98Of6VzntY6ZHojBdC
[0.617, 0.398, 2, -5.939, 0.0297, 0.862, 0, 0.0765, 0.34, 103.128] 0vXNYk4XKPSly2w858r7CN
[0.435, 0.351, 2, -11.511, 0.0286, 0.677, 0, 0.117, 0.42, 83.092] 2mjJF8GiQ9UCfrJWZt8KaN
[0.358, 0.273, 2, -9.805, 0.0317, 0.798, 0, 0.0962, 0.305, 199.381] 4YmJGDRo6oGhObb7MaW5om
[0.663, 0.314, 1, -7.733, 0.0381, 0.443, 0, 0.0657, 0.536, 109.202] 2TxJ9idYBY0VAQDo6Vr6tk
[0.562, 0.228, 6, -11.074, 0.0333, 0.915, 1.15e-06, 0.18, 0.599, 97.542] 7vOfJJRgEM4aelrcFmiEQv
[0.507, 0.195, 7, -11.657, 0.0402, 0.865, 0, 0.0602, 0.286, 80.26] 3462oY5LEgW1WU1B5iN1v9
[0.552, 0.525, 10, -8.222, 0.0445, 0.31, 0, 0.107, 0.534, 160.056] 3OeY5nUxRB0Peyx1nXguxn
[0.759, 0.341, 5, -10.262, 0.0491, 0.428, 0, 0.1, 0.651, 90.023] 2zz7f2f8KgxrbZ00ms0VLo
[0.599, 0.688, 1, -5.832, 0.0417, 0.659, 0, 0.102, 0.681, 185.904] 5BvbEI2BdUC3teSOHG8PmA
[0.761, 0.692, 2, -6.066, 0.0293, 0.371, 0, 0.0575, 0.801, 110.011] 2Fx6O9a3tkIwRuZFV1QBBx
[0.477, 0.369, 1, -7.295, 0.0332, 0.721, 0, 0.115, 0.387, 141.926] 4sp56WwabpoCU4OgXZaDDD
[0.51, 0.34, 6, -8.994, 0.0335, 0.755, 1.52e-05, 0.0982, 0.131, 130.304] 6kABlbpq8D32qZvXbsUkiu
[0.784, 0.479, 5, -9.515, 0.038, 0.672, 1.59e-05, 0.137, 0.614, 124.004] 3CBIWZAgz4506kIkzdXKf6
[0.534, 0.795, 8, -8.417, 0.0366, 0.273, 0, 0.114, 0.362, 139.92] 6Q5hvUfoEm3QimjEl9UrSH
[0.734, 0.515, 2, -8.524, 0.0407, 0.619, 0, 0.0927, 0.583, 115.279] 4OWetM37KqODYMaj75FNfc
[0.723, 0.244, 9, -10.682, 0.0348, 0.891, 1.83e-06, 0.105, 0.0938, 105.999] 7tfmkVh6gPPhHI6vK3LVd0
[0.526, 0.328, 1, -9.864, 0.0461, 0.694, 0, 0.112, 0.11, 116.068] 0SuG9kyzGRpDqrCWtgD6Lq
[0.641, 0.176, 6, -11.692, 0.0349, 0.638, 5.14e-06, 0.252, 0.297, 76.031] 5pY3ovFxbvAg7reGZjJQSp
[0.464, 0.321, 2, -11.12, 0.0418, 0.877, 0, 0.0789, 0.306, 93.528] 5TvFfDlVoUWZvfqrhTJzD7
[0.436, 0.562, 11, -6.106, 0.0278, 0.0102, 0.000278, 0.198, 0.24, 150.066] 3SZLtkoHoECHHuOnNkNCuS
[0.752, 0.207, 0, -10.284, 0.0432, 0.442, 0, 0.159, 0.647, 134.88] 0dTTL0bKQKtEYdsia2Vnuv
[0.643, 0.566, 9, -6.859, 0.0334, 0.369, 0, 0.268, 0.305, 94.948] 1LqLiOS2pby65qbMpvKdUh
[0.629, 0.426, 9, -9.012, 0.0391, 0.117, 0, 0.14, 0.277, 134.06] 6TUV0YguQNcVe5ntktzXWu
[0.618, 0.255, 7, -12.5, 0.0396, 0.715, 0, 0.0958, 0.547, 85.943] 21Cr9ZzBDHF7QxDS8kE5Lx
[0.651, 0.391, 8, -9.187, 0.0348, 0.749, 1.43e-05, 0.122, 0.159, 120.765] 1WtXpaF4v2ukGOsjoxPcyF
[0.711, 0.43, 7, -10.926, 0.0372, 0.343, 0, 0.123, 0.489, 113.92] 5mFQ8ct4ukn1EWsHyyU6Hy
[0.609, 0.378, 4, -9.828, 0.438, 0.835, 0, 0.28, 0.515, 100.418] 3hB5DgAiMAQ4DzYbsMq1IT
[0.637, 0.263, 5, -9.094, 0.0399, 0.873, 0, 0.164, 0.487, 97.423] 1ulDt6ySVbMbzZCBO6hSfb
[0.589, 0.271, 8, -10.835, 0.0341, 0.732, 0, 0.0902, 0.382, 122.946] 2p0SmPbFXRfJAU9EYqaNX4
[0.393, 0.207, 10, -11.865, 0.0392, 0.877, 0, 0.104, 0.262, 163.99] 29Ns3avs48iQhNQgrHMEkm
[0.46, 0.319, 1, -8.621, 0.0356, 0.861, 0, 0.118, 0.329, 145.765] 6r8OnTtDrhKBIIYgzxrnZ1
[0.399, 0.371, 9, -10.778, 0.334, 0.195, 0, 0.14, 0.148, 79.824] 2AGDlqnMs7vQcSlVANkjfQ
[0.599, 0.367, 4, -6.162, 0.03, 0.827, 0, 0.232, 0.417, 103.905] 2E8JaLQkulDxz2wZrVgsL9
[0.822, 0.263, 6, -10.517, 0.223, 0.572, 0, 0.11, 0.48, 131.129] 3iguYbB1S0h7cZQhfHFF8o
[0.713, 0.242, 1, -8.693, 0.057, 0.648, 0, 0.0665, 0.535, 123.983] 69e2mUHb26PMFiXX7L7mBQ
[0.534, 0.332, 11, -7.44, 0.0374, 0.837, 0, 0.0997, 0.509, 110.771] 4Y9ZPnecYXbE7KxDVRq0Cm
[0.529, 0.0964, 0, -22.052, 0.0459, 0.808, 0.0628, 0.709, 0.142, 151.286] 6itWAD2WxmAVQgWuk85yXx
[0.504, 0.491, 6, -6.221, 0.0264, 0.628, 0, 0.083, 0.358, 179.991] 6OZQeFLABebUdZ61typCcz
[0.655, 0.379, 10, -8.985, 0.0299, 0.767, 0, 0.131, 0.541, 98.093] 75Kchp4GZGyu61amcr8jRT
[0.349, 0.256, 8, -8.773, 0.0278, 0.979, 0.000329, 0.109, 0.208, 96.354] 2RAH3AVr3KteyBeHixiPQZ
[0.765, 0.473, 10, -5.829, 0.0514, 0.287, 0, 0.391, 0.34, 119.992] 2vDT1uU6hZgdp3PbWGr0Xy
[0.492, 0.238, 3, -13.623, 0.0428, 0.749, 0, 0.134, 0.628, 149.378] 3u0vJQyY0kEAiJ3dLGAqPv
[0.692, 0.417, 9, -11.948, 0.0589, 0.142, 0, 0.246, 0.268, 121.952] 6mq0Bv2ArWxlvP3BFZxSHq
[0.718, 0.307, 9, -8.046, 0.0284, 0.892, 0, 0.156, 0.668, 100.043] 5GLDAJp3CDGMW5qhK534Hk
[0.773, 0.358, 8, -10.634, 0.044, 0.794, 0, 0.104, 0.756, 124.934] 5bldrrpdHrTeaWNT1Kp5xs
[0.314, 0.286, 10, -10.191, 0.035, 0.935, 0.0258, 0.0999, 0.278, 172.021] 3DDGhkxq3FeUorZppSgeLE
[0.65, 0.575, 6, -7.222, 0.276, 0.101, 0, 0.0914, 0.493, 176.209] 0unrkoNzLR7zmaSmqB10HA
[0.686, 0.457, 11, -8.322, 0.0468, 0.595, 0, 0.105, 0.718, 150.953] 1EzrEOXmMH3G43AXT1y7pA
[0.359, 0.372, 0, -7.95, 0.0293, 0.551, 0, 0.128, 0.137, 184.332] 5WVVptmY1HdxhKpiWlbi4I
[0.679, 0.596, 9, -8.235, 0.0352, 0.476, 0, 0.121, 0.556, 78.86] 4KTeBmYAOTtVgnSHRUCQs3
[0.694, 0.472, 8, -8.62, 0.0281, 0.41, 0, 0.233, 0.467, 95.002] 5pH8EEifVTlrft3iRYGUdW
[0.635, 0.335, 8, -8.627, 0.0394, 0.829, 0, 0.138, 0.673, 98.48] 5WpW1UNgKf35vXIsBkjzV9
[0.509, 0.257, 6, -13.962, 0.108, 0.733, 0, 0.312, 0.55, 187.366] 4esmMZzUcSw6cgd8WbSOgi
[0.443, 0.369, 2, -9.022, 0.038, 0.75, 0, 0.0859, 0.456, 91.823] 6LRayXV6C01zbu6yA2xQ13
[0.461, 0.25, 10, -9.523, 0.0349, 0.869, 0, 0.106, 0.472, 100.627] 3sfmjzeOxaOWHobvXQBpBV
[0.715, 0.601, 0, -12.09, 0.14, 0.496, 0.00035, 0.121, 0.481, 109.959] 1q8Q4cFcyd5QrFcxUM4NAh
[0.568, 0.248, 10, -11.544, 0.0352, 0.91, 0, 0.0732, 0.232, 83.012] 7jPumBvn7m7l3nolkML3cZ
[0.686, 0.302, 10, -8.456, 0.0318, 0.756, 0, 0.128, 0.742, 127.658] 7IqYmGrvToIyLEkrsirThj
[0.525, 0.166, 2, -14.552, 0.0384, 0.87, 0, 0.142, 0.305, 100.054] 16M3UPffsWXzOqDaaKhVvb
[0.564, 0.455, 4, -11.296, 0.126, 0.889, 1.25e-05, 0.108, 0.451, 178.064] 04SaNxbEN3fysbISrIiYod
[0.531, 0.286, 9, -8.99, 0.189, 0.849, 0, 0.0978, 0.667, 178.262] 16YdPF3ZGFIfouwajAhv6C
[0.398, 0.1, 4, -14.169, 0.0326, 0.897, 7.37e-06, 0.111, 0.382, 169.612] 2YJ55hB7o5z6pStrnZwnP3
[0.712, 0.321, 9, -7.735, 0.034, 0.854, 0, 0.121, 0.209, 118.045] 7tOwlsbz3lmbEjxmury4qZ
[0.609, 0.0857, 0, -19.305, 0.0339, 0.92, 0, 0.0989, 0.491, 78.5] 58qT4epGYn3Q9v8asCkGMs
[0.672, 0.357, 0, -6.225, 0.0307, 0.797, 0, 0.103, 0.49, 99.98] 3D1dtHt0jajUguVbEo4iAu
[0.762, 0.435, 1, -12.914, 0.03, 0.742, 0, 0.119, 0.876, 95.989] 0pmSQYtBAV9HMXwB0K4yrF
[0.528, 0.291, 10, -9.696, 0.0401, 0.914, 0, 0.121, 0.355, 76.805] 30LDuVfrePWbedYTc1mUCn
[0.724, 0.802, 11, -6.582, 0.0405, 0.569, 3.88e-06, 0.082, 0.707, 96.023] 4d1IWIyezfkqAV0eqkdUrj
[0.774, 0.244, 4, -9.221, 0.0408, 0.744, 0, 0.188, 0.372, 90.005] 3IaH30KHHLV6vaZOAKXcK8
[0.295, 0.409, 1, -8.457, 0.031, 0.275, 1.39e-05, 0.0783, 0.32, 49.259] 2xtzIMCM6Jf2QlfQfm31He
[0.616, 0.585, 9, -8.176, 0.104, 0.0351, 0.151, 0.158, 0.422, 185.88] 6B1293m7Y9kA3kw5XMTwa7
[0.73, 0.533, 9, -4.528, 0.0309, 0.139, 0, 0.343, 0.115, 114.925] 2HAIFZL9N80n5IrCLC0VCE
[0.559, 0.381, 1, -6.784, 0.0348, 0.646, 0, 0.0951, 0.724, 79.435] 1reW3Gk0MF5PFIxungGztm
[0.642, 0.458, 10, -6.087, 0.0288, 0.637, 0, 0.0865, 0.667, 127.935] 5FUDVATHZtABqEFPteLICw
[0.81, 0.525, 0, -7.593, 0.0653, 0.0909, 7.41e-05, 0.0355, 0.632, 99.988] 5oRMR6ab1SNnt1xQLe5OEh
[0.473, 0.495, 7, -9.999, 0.171, 0.33, 0, 0.0748, 0.766, 164.879] 1NNNDr8YjI7oIzEksdi5ap
[0.643, 0.585, 11, -6.354, 0.0431, 0.682, 0, 0.33, 0.653, 87.005] 6W8PLDXwKiqup5FUjFc3Cw
[0.634, 0.195, 11, -8.984, 0.0393, 0.903, 0, 0.11, 0.42, 94.995] 3Av8kS4O4ZTkM2HHuAjjA1
[0.746, 0.361, 0, -7.028, 0.0303, 0.794, 0, 0.26, 0.872, 98.087] 0xiQvzU84vxRxeq6RUc7Xp
[0.634, 0.441, 10, -7.703, 0.0345, 0.261, 0, 0.122, 0.501, 124.96] 1ebbyhBE7qIejKekYiBYi5
[0.689, 0.464, 1, -9.035, 0.0569, 0.198, 0, 0.137, 0.121, 119.998] 4R2oHU0vr7wpDvbIxXzFGN
[0.531, 0.296, 1, -7.594, 0.0304, 0.84, 0, 0.124, 0.213, 106.337] 1dSai9OivozIDE1H7ubRuy
[0.446, 0.37, 9, -8.447, 0.0464, 0.913, 0, 0.126, 0.209, 108.58] 4ks6j7JsfJorc1tb4THJo8
[0.457, 0.401, 7, -7.064, 0.0357, 0.746, 0, 0.0903, 0.235, 82.623] 6UCxVHkrDb0bwFLFQtirmt
[0.721, 0.764, 0, -3.621, 0.0494, 0.0911, 0, 0.0607, 0.763, 102.948] 4ouwmXrSsutzB2scepd91j
[0.716, 0.331, 2, -8.245, 0.0464, 0.849, 0, 0.0996, 0.67, 91.12] 6DDpcemaE4zYhW4QURGDPO
[0.523, 0.471, 1, -4.982, 0.0453, 0.792, 0, 0.235, 0.826, 99.987] 0v2IiO8UpZgOyIC7zOM6fg
[0.586, 0.324, 1, -7.299, 0.0316, 0.591, 0, 0.169, 0.58, 91.887] 45aoPg0N09GH7P6g0EtpmQ
[0.625, 0.399, 11, -11.477, 0.147, 0.89, 8.13e-05, 0.111, 0.707, 165.941] 2csYStOWVkpr2sD1xwPD9f
[0.71, 0.295, 1, -10.295, 0.031, 0.979, 0.000197, 0.118, 0.361, 104.996] 4IAVNvng32yNQHAqyd7j2I
[0.665, 0.398, 2, -7.719, 0.0359, 0.385, 0, 0.102, 0.435, 135.044] 3UpU8USKquOfDPvDwGJd1U
[0.58, 0.55, 1, -4.759, 0.0291, 0.237, 0, 0.0757, 0.359, 95.242] 2Y64ukeyl7nBJgBivrmLp3
[0.669, 0.382, 5, -5.681, 0.0366, 0.799, 0, 0.0883, 0.385, 108.108] 2AUHq7z4XlLr3IayS7M5TC
[0.776, 0.118, 5, -14.651, 0.0569, 0.896, 0, 0.108, 0.418, 119.946] 34hxvwFw9OmXVg3DO27V80
[0.498, 0.468, 6, -10.297, 0.038, 0.758, 3.99e-05, 0.111, 0.416, 84.576] 6E4Y6Lh9tGWezuWf2XzBwq
[0.587, 0.306, 10, -11.814, 0.0531, 0.711, 0, 0.0914, 0.846, 94.811] 4kdpq7Ez7T2cn75Jem2PEv
[0.63, 0.165, 0, -15.177, 0.0372, 0.779, 0, 0.22, 0.207, 119.874] 6qjfaap6n00ayRLpKRitPE
[0.614, 0.28, 4, -9.897, 0.0352, 0.598, 0, 0.177, 0.568, 98.227] 06DVnefYLJ8rXRzsJcdujr
[0.745, 0.335, 4, -8.247, 0.0284, 0.742, 0, 0.0985, 0.661, 99.995] 4k6HiGHHyrj8mi2icccDBl
[0.555, 0.257, 10, -12.637, 0.0299, 0.892, 1.42e-06, 0.124, 0.431, 89.013] 7iBSkXB0pTvZasOLf0Qxk9
[0.608, 0.307, 5, -10.859, 0.0285, 0.749, 0.000252, 0.156, 0.505, 99.938] 6tmwEEqi4o7wpys88d0sqg
[0.451, 0.334, 1, -8.069, 0.0379, 0.796, 0, 0.0926, 0.353, 195.529] 4PovMlEEDEld6QNDQQhsM8
[0.82, 0.184, 11, -12.827, 0.116, 0.814, 0, 0.106, 0.817, 139.815] 7JZdmeHxZUUJVMxGZocn5Z
[0.827, 0.329, 8, -13.333, 0.111, 0.756, 0, 0.11, 0.747, 99.881] 7KUGPDfJgJ2Ar2D12ma8pP
[0.587, 0.36, 9, -7.711, 0.0366, 0.586, 0, 0.117, 0.408, 137.921] 2R0Z1JwgoCsBeoWErbAHgs
[0.763, 0.0891, 4, -16.158, 0.0659, 0.913, 0, 0.113, 0.431, 119.996] 2MMAxCd94lfeW5XLnptIiw
[0.667, 0.559, 9, -6.78, 0.0284, 0.684, 0, 0.0843, 0.479, 143.822] 25MAnfRjvaLiZK5O6xX66D
[0.637, 0.169, 11, -11.191, 0.0349, 0.887, 0, 0.124, 0.467, 137.92] 7FUlCfmTEFQL6fhzs98ABa
[0.83, 0.498, 2, -10.081, 0.0372, 0.785, 0.0286, 0.111, 0.454, 110.01] 6ddX7DnZhiL49F0Jpp0q3v
[0.713, 0.0934, 10, -17.732, 0.0673, 0.81, 0, 0.137, 0.496, 93.142] 16d7Hbwn94wa9xLFb8Mav1
[0.601, 0.372, 3, -6.148, 0.0292, 0.835, 0, 0.129, 0.444, 146.086] 5vk20vCA4C23pXxFhtbBTx
[0.471, 0.228, 0, -8.656, 0.0322, 0.841, 2.84e-06, 0.364, 0.0792, 112.228] 6S5EBSPLkfcWoqXuhP08r6
[0.622, 0.589, 3, -7.114, 0.0441, 0.537, 0.000191, 0.204, 0.678, 156.013] 3HEivepaMNxInXGhzZ8Pjg
[0.402, 0.213, 2, -13.175, 0.0293, 0.828, 0.0156, 0.116, 0.223, 155.829] 2T27px3MpCEHt3ERr4Z9kZ
[0.335, 0.322, 5, -9.073, 0.0425, 0.691, 0.539, 0.0875, 0.326, 161.528] 2L3XO3sZ3UGoPf7gHm3Pul
[0.657, 0.192, 10, -13.108, 0.0365, 0.894, 0, 0.157, 0.305, 130.087] 1jUyxF7NmNXGlZQDVw40O8
[0.6, 0.375, 10, -10.238, 0.033, 0.355, 0, 0.139, 0.549, 112.809] 4qD2visWja1BMKkeZ54Bcs
[0.458, 0.347, 11, -6.651, 0.0381, 0.712, 0, 0.11, 0.431, 78.928] 0uZnF1sn2IcNCvnyAIKNMQ
[0.53, 0.346, 8, -10.497, 0.0376, 0.697, 1.07e-05, 0.105, 0.359, 121.876] 1HbcclMpw0q2WDWpdGCKdS
[0.871, 0.346, 5, -9.481, 0.0522, 0.298, 9.24e-06, 0.108, 0.659, 110.049] 2iXdwVdzA0KrI2Q0iZNJbX
[0.728, 0.481, 0, -9.577, 0.0335, 0.355, 6.78e-06, 0.254, 0.802, 125.998] 4TBZ0i75gIWHedxf6N4Qwc
[0.711, 0.299, 7, -8.286, 0.0394, 0.803, 0, 0.116, 0.577, 125.068] 6668ZaUUXqZ25Tb0DMr2HO
[0.661, 0.672, 0, -4.292, 0.0377, 0.757, 0, 0.112, 0.609, 117.943] 5AFMjlqAA0skXGqZHGZDxt
[0.679, 0.187, 7, -10.512, 0.0411, 0.716, 0, 0.124, 0.399, 119.803] 28vyxr4A3WyiZ9dR1mTIr5
[0.696, 0.417, 0, -6.316, 0.031, 0.888, 7.71e-06, 0.103, 0.343, 85.011] 0zODrQ9Nd2uIBnN0opDsBN
[0.72, 0.301, 2, -8.471, 0.0471, 0.814, 0, 0.0972, 0.556, 100.23] 7rdQIOe12PgeXPwRy1W5dP
[0.884, 0.572, 11, -7.288, 0.0392, 0.228, 0, 0.0743, 0.896, 122.007] 0qhk1mXrQGenDW2DvAgVT6
[0.735, 0.321, 2, -6.491, 0.0295, 0.845, 0, 0.123, 0.469, 76.978] 2dOhS9p28YanQHsI2sl2Th
[0.881, 0.384, 6, -7.88, 0.0565, 0.628, 0, 0.12, 0.901, 106.017] 6N8bOypJtAzJp8w2LF8cWG
[0.487, 0.25, 10, -9.846, 0.0289, 0.807, 0, 0.0797, 0.496, 102.614] 6ZimCGmTrqKyUnidBoLG13
[0.682, 0.284, 9, -8.561, 0.0302, 0.91, 0, 0.109, 0.569, 104.952] 1UR8vzN751c5M3jffTlCPi
[0.447, 0.206, 3, -11.75, 0.0519, 0.956, 4.56e-06, 0.107, 0.327, 66.734] 7fkXzzIVo98CgjOkpd9H0V
[0.6, 0.278, 0, -11.191, 0.0531, 0.897, 0, 0.144, 0.541, 179.416] 671iPRZAx9nSk8fGUrtVGS
[0.774, 0.488, 10, -6.711, 0.0301, 0.544, 0, 0.0924, 0.506, 107.051] 1OtB3HvOztrXMvXHsqTMqD
[0.615, 0.501, 9, -12.677, 0.0298, 0.683, 0.922, 0.175, 0.325, 105.0] 4KjmpyI9HxqTpTGjyOqeXq
[0.589, 0.242, 6, -10.517, 0.0442, 0.914, 0, 0.0887, 0.257, 89.749] 4VuS959DSpr82t3qBqCrWG
[0.659, 0.349, 4, -9.598, 0.0304, 0.809, 0, 0.169, 0.6, 132.177] 73FTUFwi2cHsM2e1CQ7aUg
[0.655, 0.575, 5, -10.534, 0.0337, 0.535, 0.685, 0.107, 0.565, 93.99] 0eV1x1UAKPcuubQUczELjn
[0.807, 0.403, 2, -8.766, 0.0314, 0.902, 0, 0.12, 0.951, 105.029] 6WocEbaRB9G2QEnklpIhLd
[0.583, 0.395, 9, -9.797, 0.031, 0.916, 0, 0.141, 0.199, 129.855] 7HJWUrXXblDCasPhph4lMY
[0.762, 0.233, 0, -8.641, 0.0374, 0.822, 0, 0.101, 0.522, 99.164] 4PGdU6yyUM4GSdLe6tUiNT
[0.37, 0.318, 11, -6.524, 0.0339, 0.766, 0, 0.307, 0.47, 173.521] 3SHg4VamqiJkGSU5o4zEaD
[0.68, 0.332, 2, -12.581, 0.0297, 0.764, 0, 0.12, 0.313, 114.936] 5ak3ZwyjRdwABZQfovFcZG
[0.507, 0.15, 5, -11.317, 0.0396, 0.901, 0, 0.118, 0.522, 183.644] 0VKj5HHfKEeLop7pjbirB8
[0.347, 0.117, 10, -10.15, 0.0459, 0.959, 0, 0.0904, 0.217, 172.438] 34gXFmADql95GkrKoLh9sA
[0.6, 0.424, 5, -9.223, 0.111, 0.533, 0, 0.233, 0.699, 79.993] 5dWWYael0NwOwKnFecS0MG
[0.373, 0.16, 10, -21.342, 0.0407, 0.794, 0.764, 0.107, 0.144, 112.578] 3tjQYh1H3c17IQMdd8AIBb
[0.447, 0.282, 10, -5.631, 0.0317, 0.899, 3.54e-06, 0.0985, 0.163, 114.002] 4cq28kFjXrcmGhbPD6JN9o
[0.478, 0.228, 9, -18.125, 0.0557, 0.889, 0.899, 0.126, 0.169, 142.348] 5qTJ3B1rOCpu7gEDUlMqgR
[0.649, 0.254, 6, -11.223, 0.03, 0.9, 0.000288, 0.106, 0.321, 109.526] 0JWTJ23JRPvJtQO6uGkvAr
[0.712, 0.415, 10, -8.556, 0.0347, 0.722, 0, 0.0923, 0.718, 135.871] 5EhZIBDMD01UaHBWfs59tg
[0.853, 0.32, 1, -4.645, 0.0518, 0.824, 0, 0.127, 0.457, 108.008] 5cwpS7DhgkaDxaktVoJVMZ
[0.571, 0.357, 4, -13.191, 0.0288, 0.843, 0.0329, 0.131, 0.268, 149.922] 12lbxyqMnSb8089jgqk8Mp
[0.39, 0.162, 0, -15.738, 0.0342, 0.775, 0.000914, 0.27, 0.33, 93.078] 48vVe7Nq30RflyAk6pwoT5
[0.617, 0.439, 9, -5.63, 0.0269, 0.424, 0, 0.127, 0.242, 139.979] 6PJ8FF6UR8FZXfEvpHkIVN
[0.878, 0.507, 7, -13.783, 0.208, 0.0374, 3.38e-06, 0.0934, 0.663, 97.991] 257I6lRQcXnIenZblJgIaA
[0.614, 0.527, 10, -6.374, 0.0302, 0.597, 0, 0.11, 0.354, 121.941] 42bbDWZ8WmXTH7PkYAlGLu
[0.505, 0.522, 9, -7.586, 0.39, 0.691, 2.78e-06, 0.111, 0.381, 172.059] 0lsbbaa7nj7LtUXVdk0BQe
[0.516, 0.595, 5, -4.63, 0.0313, 0.0275, 0, 0.109, 0.222, 119.972] 5Ohxk2dO5COHF1krpoPigN
[0.445, 0.537, 4, -8.532, 0.04, 0.695, 1.6e-05, 0.0944, 0.131, 122.764] 3JvKfv6T31zO0ini8iNItO
[0.565, 0.745, 0, -7.733, 0.31, 0.265, 0, 0.147, 0.352, 170.654] 6y2Kaz9QI01XBKJ8mTb7Pf
[0.463, 0.62, 7, -5.647, 0.167, 0.131, 0, 0.0619, 0.158, 83.031] 7c5h27Ju8JE5xWKTQ88KhL
[0.209, 0.412, 0, -9.733, 0.0443, 0.172, 0.15, 0.0843, 0.162, 86.26] 2jTidefcsTu6VQhpIImJrt
[0.409, 0.375, 9, -6.195, 0.0336, 0.887, 0, 0.125, 0.209, 128.912] 0wHRZwbNWH2TcSBIhyMT1i
[0.409, 0.137, 6, -9.169, 0.0446, 0.928, 0, 0.0706, 0.106, 162.08] 3QlF2ExmrRP0RM7ffv7y0Q
[0.435, 0.155, 1, -8.948, 0.046, 0.873, 0, 0.107, 0.0935, 128.532] 4L2K7JKseFCBoHMZEAszW0
[0.623, 0.493, 5, -7.727, 0.0338, 0.0632, 0, 0.104, 0.594, 81.019] 5brHijrNA7UAFw74p4f5v3
[0.54, 0.439, 10, -8.591, 0.115, 0.635, 1.93e-05, 0.0993, 0.371, 167.908] 7vGGAJBkHKxKtOnGjQduDV
[0.323, 0.119, 5, -17.892, 0.05, 0.962, 0.000348, 0.106, 0.176, 89.862] 74e8E1awjpeYFBb7ubNPNO
[0.71, 0.0565, 7, -15.099, 0.0534, 0.965, 0, 0.0889, 0.348, 123.994] 4h0zU3O9R5xzuTmNO7dNDU
[0.707, 0.632, 10, -7.031, 0.0789, 0.103, 1.09e-05, 0.0841, 0.372, 97.04] 1LhMopPAallLeaeNutqbgS
[0.545, 0.649, 6, -4.062, 0.0324, 0.143, 1.57e-05, 0.0894, 0.297, 99.099] 3lBRNqXjPp2j3JMTCXDTNO
[0.693, 0.624, 0, -7.482, 0.0448, 0.299, 7.64e-06, 0.0955, 0.369, 105.002] 0Ult84lvFuqNvbyXwyRQ58
[0.647, 0.385, 7, -6.895, 0.0296, 0.656, 0, 0.298, 0.505, 113.844] 0K08V3QlZporxrJf8FIZ8M
[0.6, 0.535, 4, -7.043, 0.107, 0.648, 4.7e-06, 0.162, 0.269, 71.912] 0CZ8lquoTX2Dkg7Ak2inwA
[0.236, 0.249, 6, -9.595, 0.0348, 0.811, 1e-06, 0.087, 0.181, 72.847] 0fBSs3fRoh1yJcne77fdu9
[0.697, 0.551, 11, -8.833, 0.0815, 0.258, 0.00551, 0.124, 0.219, 89.0] 78P2cNBhbdjXWIRYuEXkV6
[0.477, 0.725, 2, -4.671, 0.0337, 0.026, 0.000133, 0.214, 0.427, 101.854] 5BkNCuxzzid0gz9sx3NNbX
[0.426, 0.662, 11, -6.158, 0.0319, 0.211, 0.00652, 0.176, 0.359, 78.247] 1vG6jMgSoqT3zG9tuDrL2E
[0.473, 0.638, 1, -5.321, 0.0582, 0.127, 0, 0.0968, 0.486, 173.872] 7fq8suDm3VeokTu6sQMgk5
[0.565, 0.782, 8, -6.413, 0.0506, 0.0577, 4.16e-05, 0.0757, 0.4, 140.004] 2habSXqcJGExM6JJyskY7O
[0.584, 0.726, 1, -4.604, 0.0371, 0.14, 0, 0.0984, 0.398, 106.979] 2JVwsN6viHjR9t5pCPQ4Br
[0.653, 0.76, 11, -6.086, 0.0479, 0.475, 0.000129, 0.0917, 0.6, 98.008] 5kXDF4OmM5COyeo6z97nEk
[0.75, 0.404, 9, -10.178, 0.0682, 0.216, 0.000357, 0.0911, 0.0499, 95.045] 6NFyWDv5CjfwuzoCkw47Xf
[0.735, 0.451, 0, -8.374, 0.0585, 0.0631, 1.3e-05, 0.325, 0.0862, 117.973] 6yIdwnpDHufLWgQcveTPMk
[0.483, 0.225, 10, -8.163, 0.0421, 0.938, 0, 0.156, 0.313, 103.864] 1F42Ox5sB2wHdy3aDrs3K9
[0.382, 0.382, 6, -6.635, 0.0306, 0.916, 0.000309, 0.139, 0.293, 179.844] 34F4GJFUzPvPJmGrTpyqlZ
[0.638, 0.658, 3, -6.318, 0.0456, 0.245, 3.77e-06, 0.0919, 0.33, 105.076] 2xmrfQpmS2iJExTlklLoAL
[0.591, 0.423, 3, -5.228, 0.0299, 0.67, 0, 0.177, 0.345, 120.177] 5udBIsHBmGtQqKnYup1hsx
[0.612, 0.57, 11, -6.642, 0.0347, 0.279, 0, 0.0963, 0.335, 77.004] 7g9YrTuImvIkpS9uveKdCO
[0.547, 0.289, 0, -8.131, 0.0348, 0.645, 0, 0.148, 0.213, 104.851] 1ArLnG0bHaHPXqf08sEKM0
[0.689, 0.679, 7, -5.893, 0.0517, 0.195, 0.00111, 0.224, 0.475, 149.972] 2YyvWje3cEYyqgYhNUIaBJ
[0.401, 0.535, 0, -11.09, 0.0407, 0.889, 0.00667, 0.116, 0.436, 146.515] 6tqzOYuE3lrNVPDgtF3MjM
[0.719, 0.615, 6, -5.972, 0.045, 0.408, 0.000147, 0.235, 0.465, 96.988] 48EjSdYh8wz2gBxxqzrsLe
[0.498, 0.235, 1, -16.541, 0.188, 0.72, 0, 0.144, 0.0895, 118.917] 4ZLzoOkj0MPWrTLvooIuaa
[0.574, 0.573, 11, -7.079, 0.085, 0.392, 2.16e-05, 0.0933, 0.626, 136.304] 7oAuqs6akGnPU3Tb00ZmyM
[0.583, 0.655, 0, -5.407, 0.0315, 0.111, 3.57e-06, 0.113, 0.201, 119.759] 5AnCLGg35ziFOloEnXK4uu
[0.484, 0.731, 1, -6.694, 0.0379, 0.431, 0, 0.151, 0.51, 101.654] 7yq4Qj7cqayVTp3FF9CWbm
[0.503, 0.402, 7, -11.063, 0.0406, 0.031, 0.000142, 0.117, 0.367, 203.788] 44MymW41kEmbIfJK0mGHzI
[0.423, 0.178, 8, -13.218, 0.0498, 0.854, 0, 0.108, 0.383, 96.07] 6ppFSsCpKpOONCuw9hxM3p
[0.748, 0.3, 10, -9.117, 0.0692, 0.917, 0.00177, 0.0969, 0.552, 147.92] 3ITCORPxFEHz4XsUPIa21O
[0.586, 0.624, 5, -5.946, 0.113, 0.0153, 1.78e-06, 0.133, 0.267, 68.976] 6lOWoTqVnAWXchddtTH31W
[0.4, 0.323, 2, -10.831, 0.0328, 0.879, 0.000571, 0.103, 0.289, 105.337] 4gek9UL5WceAq1qiZlhmGM
[0.381, 0.481, 4, -5.82, 0.0365, 0.0509, 0, 0.1, 0.162, 123.09] 6FRQf2Epe15kLCDXQGUbBb
[0.649, 0.525, 5, -7.551, 0.0347, 0.912, 0.000111, 0.121, 0.603, 97.808] 40jiZBsr1W3SG15AGU9227
[0.733, 0.71, 5, -5.849, 0.0292, 0.145, 0.115, 0.0956, 0.965, 127.975] 7w87IxuO7BDcJ3YUqCyMTT
[0.482, 0.706, 9, -5.762, 0.0609, 0.135, 0.00106, 0.105, 0.144, 92.494] 4esOae7i4rqTbAu9o5Pxco
[0.427, 0.465, 6, -6.595, 0.0291, 0.461, 5.52e-05, 0.154, 0.458, 112.137] 5EA06TsQmqmQXZiEhr1AaM
[0.669, 0.403, 2, -12.29, 0.0406, 0.896, 0.00594, 0.239, 0.404, 126.06] 4ubUkUoGt0zeFMEYKoWVB8
[0.566, 0.664, 4, -5.303, 0.0464, 0.634, 0, 0.116, 0.437, 128.945] 0aOluBqXYd0rFSCsgDyAWX
[0.563, 0.606, 11, -8.159, 0.0267, 0.513, 0.0391, 0.132, 0.425, 150.0] 1rCPg5GOtes0FIo1BzgvUi
[0.321, 0.425, 7, -12.73, 0.0455, 0.342, 0.000262, 0.23, 0.493, 173.24] 5aGkIyzLVYGuLIHkxpNAFF
[0.699, 0.466, 2, -11.781, 0.0287, 0.777, 0.000447, 0.0938, 0.547, 120.914] 1TNIPwsB6knLXdlfjjnPTX
[0.365, 0.273, 4, -16.526, 0.038, 0.94, 0.431, 0.109, 0.238, 132.285] 5GbVzc6Ex5LYlLJqzRQhuy
[0.358, 0.557, 10, -7.398, 0.059, 0.695, 0, 0.0902, 0.494, 85.043] 5uCax9HTNlzGybIStD3vDh
[0.258, 0.437, 11, -6.593, 0.039, 0.101, 1.27e-06, 0.106, 0.0967, 180.043] 1j4kHkkpqZRBwE0A4CN4Yv
[0.64, 0.743, 10, -4.08, 0.0379, 0.269, 0, 0.101, 0.361, 122.035] 5fVZC9GiM4e8vu99W0Xf6J
[0.677, 0.485, 5, -5.795, 0.0361, 0.529, 2.04e-05, 0.0766, 0.493, 82.001] 7795WJLVKJoAyVoOtCWqXN
[0.502, 0.483, 8, -7.173, 0.0247, 0.597, 1.37e-06, 0.108, 0.243, 92.579] 3qJImzh896FdKl5mJfpFaC
[0.422, 0.264, 8, -7.064, 0.0322, 0.922, 0, 0.132, 0.331, 119.93] 3U4isOIWM3VvDubwSI3y7a
[0.394, 0.606, 2, -7.345, 0.0648, 0.0346, 1.05e-06, 0.0804, 0.197, 77.026] 5rMea4Gu5db0qb1c6TfGIh
[0.588, 0.471, 0, -7.287, 0.0577, 0.592, 0.00146, 0.0733, 0.209, 152.881] 2BrzlUj1u1CtvaJDGIKpsP
[0.496, 0.82, 5, -5.155, 0.112, 0.158, 0.246, 0.13, 0.549, 110.977] 1yK9LISg5uBOOW5bT2Wm0i
[0.572, 0.385, 7, -6.362, 0.0308, 0.371, 0, 0.231, 0.323, 95.799] 2VxeLyX666F8uXCJ0dZF8B
[0.389, 0.302, 7, -12.485, 0.0438, 0.862, 0.00567, 0.104, 0.234, 124.956] 5zT5cMnMKoyruPj13TQXGx
[0.556, 0.528, 4, -8.033, 0.0266, 0.615, 0.0964, 0.122, 0.163, 159.821] 1HNywa8Bk0TmzRwQrzhtPo
[0.738, 0.531, 6, -9.286, 0.258, 0.22, 0, 0.252, 0.736, 93.011] 03fGZZP007e47Xqq5mU7fq
[0.685, 0.341, 2, -10.434, 0.0354, 0.798, 0, 0.0951, 0.42, 123.015] 4euXJuErBCqH2LEApfxI6i
[0.713, 0.452, 1, -9.638, 0.0295, 0.841, 0.0038, 0.105, 0.235, 102.963] 0pdKRp2sUthTPe7RLWpPqQ
[0.355, 0.125, 11, -14.526, 0.0395, 0.866, 1.45e-05, 0.105, 0.0882, 107.841] 3WyDkG4EJQ46PyefN4x0SZ
[0.573, 0.0242, 10, -15.481, 0.0668, 0.878, 2.23e-05, 0.107, 0.363, 77.577] 6jBK9Oua35F9Ji165K0Kdw
[0.576, 0.616, 6, -6.637, 0.0518, 0.106, 0, 0.117, 0.235, 81.042] 05FCOJruONC7vAP87LP8UE
[0.377, 0.167, 0, -17.551, 0.0355, 0.905, 0, 0.475, 0.273, 102.457] 12XGrTtAOgBJ5Fhu6mqqY6
[0.681, 0.292, 11, -9.599, 0.0483, 0.743, 0, 0.0974, 0.162, 64.002] 52iLDrSoRtf9lcgFuLVfqE
[0.666, 0.726, 10, -7.921, 0.0571, 0.485, 0.00165, 0.363, 0.462, 107.032] 1P4eZbMEKOve0Q21L0hKpa
[0.512, 0.184, 9, -8.812, 0.0587, 0.866, 0, 0.284, 0.37, 85.82] 4CYBfRX3oEPni9Elqm8Bnt
[0.372, 0.462, 9, -9.1, 0.0317, 0.267, 9.91e-06, 0.101, 0.176, 129.026] 5eXnC2B5RU5fAhfwvV2ABD
[0.34, 0.209, 0, -11.869, 0.0279, 0.679, 0.000443, 0.101, 0.151, 137.042] 6EIVLz5xM1xE29r0OmIkWt
[0.463, 0.192, 9, -13.229, 0.0338, 0.706, 8.46e-05, 0.105, 0.135, 122.631] 0Wv9Ckm088qsVkMKPH170C
[0.378, 0.456, 6, -8.171, 0.0491, 0.562, 3.01e-05, 0.0728, 0.192, 137.068] 2j88lqgD6ZBHd8S1l3Kaa1
[0.71, 0.36, 0, -10.372, 0.0597, 0.508, 0, 0.18, 0.452, 104.985] 2fyni3khU6xzjPtmnwaBQq
[0.407, 0.147, 2, -8.822, 0.0355, 0.857, 2.89e-06, 0.0913, 0.0765, 141.284] 6Vc5wAMmXdKIAM7WUoEb7N
[0.326, 0.404, 10, -10.786, 0.0383, 0.741, 2.81e-05, 0.0738, 0.269, 77.628] 3rDK6tRoFhZoytOhlnK2VO
[0.566, 0.212, 10, -9.855, 0.0372, 0.794, 0, 0.106, 0.0782, 119.847] 48SL7ljJ1IHx9AeRGdRheE
[0.469, 0.132, 10, -14.001, 0.0807, 0.929, 0, 0.0873, 0.36, 67.011] 58CrldAc1Z5WIBozT1NMJH
[0.558, 0.522, 2, -5.857, 0.036, 0.228, 0, 0.104, 0.228, 83.977] 0yLErGSgYHy1gbaLrjNhTa
[0.64, 0.533, 0, -6.596, 0.0706, 0.119, 0, 0.0864, 0.515, 99.968] 3eR23VReFzcdmS7TYCrhCe
[0.707, 0.36, 0, -8.89, 0.0499, 0.737, 6.97e-05, 0.0977, 0.358, 80.055] 1zZ7vl1amOLI4GE5oUn0YB
[0.445, 0.219, 10, -17.12, 0.0406, 0.877, 0.34, 0.113, 0.376, 92.966] 1JhAt4FmhLKj0Z5QpsadNa
[0.741, 0.52, 8, -7.513, 0.0656, 0.45, 1.97e-06, 0.222, 0.347, 102.998] 6Qs4SXO9dwPj5GKvVOv8Ki
[0.674, 0.449, 4, -6.706, 0.0317, 0.566, 0, 0.133, 0.159, 123.932] 76vWvM44jeCgBKryBaLcqe
[0.552, 0.536, 2, -8.334, 0.162, 0.602, 0, 0.0575, 0.313, 88.684] 4txxv9Lk2IrLhDof6NrrL5
[0.799, 0.436, 1, -9.975, 0.379, 0.283, 0.000105, 0.0968, 0.311, 80.028] 1WIfWj5skn5UUZTs4cEFBe
[0.485, 0.332, 4, -9.244, 0.0338, 0.784, 0.000122, 0.146, 0.273, 130.813] 4VPXFi4vFTtS9wHe6oMQaT
[0.828, 0.689, 7, -7.878, 0.0326, 0.325, 0.0384, 0.0808, 0.853, 123.931] 3bH4HzoZZFq8UpZmI2AMgV
[0.522, 0.434, 7, -9.237, 0.179, 0.346, 9.01e-06, 0.107, 0.559, 106.672] 00wyFkzeyMt0qsiQvs9aUE
[0.29, 0.191, 4, -19.107, 0.0377, 0.99, 0.891, 0.101, 0.219, 165.536] 2SiUDrcdc9iewegA0TmH6s
[0.39, 0.195, 7, -15.629, 0.044, 0.952, 0.908, 0.119, 0.539, 96.256] 1mDMxeFLv36txVk6fXoRHs
[0.453, 0.228, 7, -7.488, 0.0371, 0.947, 0, 0.0811, 0.44, 80.022] 5qROKxDHhuynuYwTJZqXU9
[0.199, 0.117, 7, -22.377, 0.0416, 0.896, 0.93, 0.0958, 0.0541, 65.577] 17yuGlOR1mCfOOjdu1XmqH
[0.241, 0.0553, 3, -23.605, 0.0336, 0.926, 0.93, 0.108, 0.0643, 135.859] 23puVz6Rhiq8Wax9KxnZtW
[0.274, 0.0417, 0, -23.499, 0.034, 0.902, 0.903, 0.112, 0.0613, 43.513] 5I3JZ3zvxKQMdp9rEcGkiR
[0.317, 0.188, 7, -21.665, 0.0477, 0.95, 0.951, 0.0691, 0.0634, 68.39] 65YJeKP2rTIXKOG34CLvZ5
[0.182, 0.0591, 1, -26.034, 0.0361, 0.843, 0.939, 0.119, 0.0363, 83.201] 6aPYL6yMPgFMMHp4bdvDvu
[0.178, 0.18, 5, -25.021, 0.0486, 0.758, 0.917, 0.107, 0.0362, 68.512] 5gmtkNON7IidvVWQAzY6kp
[0.215, 0.274, 2, -17.435, 0.0309, 0.907, 0.957, 0.109, 0.0397, 79.988] 2QN55dmp583TNohDVITyfz
[0.259, 0.165, 6, -22.495, 0.0478, 0.928, 0.837, 0.144, 0.0381, 73.49] 5OpOdnNT8P4aMvYFsmidPN
[0.263, 0.203, 1, -23.118, 0.0432, 0.754, 0.895, 0.109, 0.11, 116.235] 51ve1yUDMfKkRTlsZw7GSe
[0.16, 0.191, 7, -19.722, 0.037, 0.983, 0.937, 0.108, 0.126, 82.926] 0Qp6bdPb0XxwGCW2TDzL9d
[0.288, 0.0699, 5, -24.068, 0.0351, 0.944, 0.951, 0.108, 0.0678, 165.988] 2EhQpaTMan09dipG4EKvBF
[0.142, 0.154, 9, -18.59, 0.0406, 0.926, 0.937, 0.0933, 0.0356, 141.32] 0s7Qc2ytTasqhqjA9K2U2S
[0.188, 0.0279, 3, -26.587, 0.0394, 0.972, 0.949, 0.114, 0.0604, 74.142] 2XEDcR9jHaHJD97TdjjNpF
[0.214, 0.102, 0, -19.213, 0.04, 0.961, 0.926, 0.121, 0.0937, 63.418] 1FOWBeqc6Bh5oNzTn4Vbhr
[0.141, 0.289, 2, -23.693, 0.045, 0.985, 0.901, 0.091, 0.0724, 101.69] 0RcYcNvHFFLkMb9F0Dku5c
[0.161, 0.0167, 3, -32.002, 0.0467, 0.961, 0.952, 0.0976, 0.0331, 71.752] 1M3DbJZVJ6Z508oq9BFSJJ
[0.187, 0.113, 0, -24.483, 0.0367, 0.926, 0.944, 0.0926, 0.0366, 69.671] 0AUsg7yWsJKPfDalSDt80e
[0.196, 0.0415, 1, -26.728, 0.0532, 0.98, 0.892, 0.105, 0.0764, 135.941] 6WkXlCEHH8wkQ5xGytORl6
[0.174, 0.156, 1, -13.855, 0.033, 0.963, 0.956, 0.102, 0.0416, 96.261] 35IKLmOwBxVicNqtmL8HWK
[0.178, 0.055, 6, -25.045, 0.0476, 0.989, 0.897, 0.376, 0.0374, 131.642] 1yAV3jaWFJcy98R3fdzeHf
[0.114, 0.155, 11, -19.858, 0.0377, 0.92, 0.837, 0.0931, 0.0345, 173.051] 0mhg4wkvEjgVUu3P0vBlyA
[0.154, 0.226, 1, -19.43, 0.036, 0.459, 0.787, 0.109, 0.0372, 70.723] 6l8Xxuu9DMIEzZqfvedNZA
[0.618, 0.116, 2, -17.498, 0.0344, 0.476, 0.828, 0.114, 0.131, 134.992] 5NRhAVJrW5o4FK1OKKgbgQ
[0.211, 0.053, 7, -20.408, 0.038, 0.949, 0.915, 0.111, 0.0363, 110.314] 42CQUucCi6h2gHB5BQfSbb
[0.103, 0.086, 9, -20.715, 0.0399, 0.978, 0.963, 0.0987, 0.037, 57.545] 5R9ukMX7BDIy1WJYsAhBD6
[0.127, 0.215, 4, -19.073, 0.0351, 0.906, 0.94, 0.119, 0.0541, 88.382] 2oBeDHORDq9ZeQnuygW7jZ
[0.297, 0.21, 5, -21.141, 0.0418, 0.834, 0.931, 0.109, 0.0735, 62.797] 3n0oenkKLS8SyJtd4fUkak
[0.208, 0.117, 11, -19.071, 0.0449, 0.993, 0.792, 0.0967, 0.256, 185.204] 54L9E8shNdCTNfyTX5qoFz
[0.139, 0.205, 5, -20.177, 0.0373, 0.921, 0.945, 0.0764, 0.0384, 100.593] 0gfWmjRdqIWwMzqnyhed0K
[0.12, 0.321, 9, -18.609, 0.0379, 0.92, 0.637, 0.153, 0.132, 92.087] 575BH6h4XMwj1muioN5Q13
[0.209, 0.0692, 2, -23.987, 0.046, 0.957, 0.868, 0.115, 0.0695, 68.543] 1uSaD0JKNb5o8Wv29zULwf
[0.079, 0.0114, 5, -30.421, 0.0384, 0.963, 0.881, 0.0882, 0.0396, 173.457] 5tRmokUTGQNwAYDJqJH8Eh
[0.134, 0.2, 0, -19.631, 0.0413, 0.958, 0.931, 0.365, 0.0364, 59.512] 3w9CRKDyS5ZK4FKMlw3XHd
[0.302, 0.066, 3, -30.706, 0.0503, 0.996, 0.893, 0.106, 0.104, 175.285] 5U3QdiyYEXAoByEt9DJhPP
[0.391, 0.00241, 7, -30.569, 0.079, 0.996, 0.949, 0.134, 0.388, 67.191] 3Se2ifaSm69Np4OtyaNNKa
[0.121, 0.0445, 0, -18.866, 0.0385, 0.98, 0.782, 0.103, 0.0391, 80.196] 7hBSOLMkM0ZptZpqcWNLhj
[0.3, 0.295, 2, -17.904, 0.0485, 0.451, 0.888, 0.11, 0.0268, 117.109] 3U9WU0IQuBQku2srgd4x0H
[0.0855, 0.237, 2, -21.604, 0.0517, 0.605, 0.942, 0.323, 0.202, 75.607] 3aDxELn7usNatsL1CBxkGB
[0.226, 0.0315, 0, -27.615, 0.034, 0.989, 0.964, 0.124, 0.0381, 91.988] 2IAZza3wdiTYT8QtO0hbLv
[0.164, 0.0105, 2, -38.897, 0.0436, 0.945, 0.802, 0.0992, 0.0887, 129.503] 4E1jg7m6rq4ofqfoKQ16LN
[0.254, 0.0884, 0, -24.776, 0.0337, 0.915, 0.929, 0.101, 0.111, 100.003] 7IH9IrrPf3cpW0JhL9my8m
[0.249, 0.408, 0, -11.078, 0.0322, 0.916, 0.838, 0.226, 0.052, 77.922] 5OxLsoveEfCtK2M3CuqCd7
[0.198, 0.125, 0, -22.252, 0.041, 0.964, 0.92, 0.112, 0.0388, 95.653] 3WeYjOyamokKdl3cvQysZq
[0.39, 0.00389, 1, -28.861, 0.0508, 0.995, 0.865, 0.0871, 0.0796, 70.348] 41hfLPgLlHIBPaiPw2q8tV
[0.274, 0.209, 2, -21.242, 0.0336, 0.853, 0.943, 0.788, 0.0398, 95.626] 7vMsxiJUq0rqarcVLZe1sf
[0.153, 0.195, 5, -20.194, 0.0356, 0.919, 0.857, 0.144, 0.0391, 92.09] 1qMIhIc1j9h9HEeCamuRz4
[0.221, 0.156, 0, -18.909, 0.0366, 0.788, 0.89, 0.309, 0.0577, 116.87] 5IIZnkPmHE3Kpa5mptrKVD
[0.464, 0.177, 0, -17.137, 0.0295, 0.753, 0.965, 0.109, 0.0399, 126.016] 6maebXZzQmzs805GU8UuhY
[0.148, 0.107, 7, -25.695, 0.0353, 0.95, 0.94, 0.427, 0.107, 139.875] 13MCNaPl5raxFXCpvoM4KQ
[0.0998, 0.247, 0, -18.888, 0.0419, 0.771, 0.925, 0.114, 0.0474, 77.94] 65BziyHWyQzCr03AbGD5zC
[0.161, 0.122, 10, -22.329, 0.0367, 0.951, 0.978, 0.0916, 0.0351, 86.119] 3jg4Z0yPJsVx5M3BOYkBS0
[0.12, 0.0436, 4, -22.044, 0.0383, 0.79, 0.889, 0.112, 0.0361, 72.339] 30VnmNoXmeNMlDR6MxLP5U
[0.327, 0.193, 6, -19.788, 0.0336, 0.885, 0.77, 0.233, 0.159, 125.798] 4BazvYXKMZKStu6dp72e99
[0.331, 0.000585, 6, -33.213, 0.0513, 0.993, 0.849, 0.127, 0.0739, 76.873] 4E0yiWum59pIWFOYhMSmH1
[0.209, 0.181, 10, -19.989, 0.0385, 0.921, 0.971, 0.134, 0.0333, 76.244] 3yMlCr3Hqa940RLXT0QiJG
[0.177, 0.286, 11, -17.682, 0.032, 0.648, 0.89, 0.12, 0.0393, 85.62] 2jj6HQAKwP8CL3TT7naZpN
[0.161, 0.0291, 9, -29.018, 0.0402, 0.966, 0.924, 0.091, 0.0395, 132.151] 3gb3B14YQbhSvKf9bQLhG7
[0.189, 0.0828, 9, -24.935, 0.0364, 0.984, 0.94, 0.0916, 0.0775, 127.501] 30KfnySSSZJAhOWl7bwMsX
[0.19, 0.158, 6, -22.165, 0.0342, 0.642, 0.931, 0.0804, 0.0393, 134.236] 61dAOLGkqOSyZQUPA5BbdQ
[0.279, 0.146, 7, -18.254, 0.0338, 0.545, 0.82, 0.125, 0.0396, 80.024] 1veAhdOE3JSQIAFfXlPHa6
[0.322, 0.155, 0, -18.919, 0.0333, 0.894, 0.906, 0.107, 0.0815, 123.783] 6FFAdW8aamHXXHcl7dmiUt
[0.166, 0.143, 0, -23.512, 0.0448, 0.942, 0.91, 0.0878, 0.0342, 85.977] 1znpMS5QcPwMIkE3cnb6sL
[0.115, 0.0293, 2, -31.942, 0.043, 0.54, 0.814, 0.0912, 0.0388, 74.823] 5qGa6klw09gmP6cdKnK65C
[0.23, 0.0578, 9, -27.443, 0.0377, 0.868, 0.954, 0.101, 0.203, 57.522] 3URXOzRa5EbLWiiriDDDI3
[0.141, 0.0834, 0, -18.56, 0.0408, 0.961, 0.934, 0.108, 0.0331, 72.179] 0rvXwNTPlumGn9tptQZELs
[0.18, 0.0194, 10, -32.981, 0.0459, 0.849, 0.883, 0.0916, 0.0377, 73.934] 6TGLWZOe6ANxC5MijWLx2d
[0.239, 0.223, 5, -15.445, 0.0343, 0.838, 0.889, 0.102, 0.0356, 60.338] 3RnKx1I9P2hV1uIO9IW5En
[0.507, 0.089, 0, -22.759, 0.0296, 0.933, 0.887, 0.0829, 0.0509, 98.031] 1leDriZZIWRHVL86WgcbUJ
[0.151, 0.0973, 0, -21.969, 0.072, 0.308, 0.883, 0.117, 0.0328, 166.335] 5db1SLjPimPV4jc5SkAZ2b
[0.234, 0.241, 11, -19.617, 0.0405, 0.92, 0.851, 0.103, 0.0371, 127.845] 4VENDwSaN0r9Jfa0q39HE7
[0.237, 0.0378, 2, -18.542, 0.0395, 0.98, 0.749, 0.111, 0.0396, 42.111] 6gyFcrXtd3JmdDB3cdq0CX
[0.141, 0.2, 2, -14.736, 0.0355, 0.0811, 0.88, 0.109, 0.033, 82.553] 45BnueUwk0a7NDWlBzVjLt
[0.136, 0.188, 0, -16.551, 0.0364, 0.971, 0.908, 0.107, 0.0831, 68.034] 0gmI4nDoev9Dk0rVno8emv
[0.113, 0.0525, 10, -25.638, 0.0388, 0.95, 0.944, 0.0945, 0.0332, 61.544] 4GSLKT7IYkdKUwI6ksU5nQ
[0.396, 0.044, 9, -25.088, 0.037, 0.984, 0.947, 0.0802, 0.0898, 71.2] 6RSamYe6vPBz7mGHe5Qj1q
[0.13, 0.00296, 0, -38.602, 0.0497, 0.85, 0.915, 0.111, 0.0317, 82.75] 5rAw9yTetw4aOslXcsAJn8
[0.214, 0.152, 1, -22.086, 0.0328, 0.857, 0.745, 0.109, 0.036, 68.175] 7ke9vQCAYUbCQ6Bo3BxqIV
[0.0864, 0.162, 5, -17.436, 0.0418, 0.742, 0.881, 0.3, 0.0388, 63.649] 77BRkz6vg1bV7jkzILThJN
[0.175, 0.00481, 3, -32.432, 0.0429, 0.978, 0.89, 0.109, 0.0594, 68.995] 34vWvjrffEthSr0h7a9cKz
[0.189, 0.0187, 9, -31.498, 0.0496, 0.944, 0.964, 0.0979, 0.0372, 68.434] 0vIbin4bgiEt31PDnxFWcx
[0.125, 0.146, 9, -15.885, 0.0337, 0.896, 0.923, 0.0974, 0.0362, 89.558] 2v6hYGZQbTM6JAV43aqfHh
[0.308, 0.289, 0, -16.703, 0.0386, 0.334, 0.91, 0.112, 0.0428, 104.844] 27jHGvxTkBz8zKqgWelStx
[0.179, 0.171, 4, -19.427, 0.0355, 0.793, 0.927, 0.0907, 0.117, 111.128] 1f5neDqYLk7K0ocvlbbbWF
[0.246, 0.222, 2, -16.938, 0.0389, 0.949, 0.907, 0.075, 0.0945, 70.007] 39yECTuEFWEYfCWcem5stT
[0.116, 0.0809, 8, -24.907, 0.0442, 0.961, 0.962, 0.109, 0.0436, 85.632] 3eIxdm9dIgW7gtVdrIhanL
[0.385, 0.00344, 8, -30.529, 0.0576, 0.994, 0.907, 0.126, 0.0466, 67.665] 0uQp5uVoeiERuDd9ld0eqw
[0.256, 0.117, 5, -20.837, 0.0335, 0.953, 0.907, 0.348, 0.0368, 73.981] 2cO6VMy18CJgz4nR4rncoA
[0.192, 0.0096, 7, -33.485, 0.0474, 0.988, 0.931, 0.11, 0.177, 70.792] 70BCYF9D6SnvSwVcYhpIaS
[0.3, 0.319, 7, -17.626, 0.0409, 0.581, 0.911, 0.124, 0.0391, 120.391] 1uDuGxGnwMiFYiId1CdlYs
[0.17, 0.252, 6, -19.898, 0.0397, 0.949, 0.997, 0.169, 0.186, 116.652] 3LIrXsOEeXVa7W8bVmB4RS
[0.127, 0.033, 0, -30.043, 0.0528, 0.994, 0.943, 0.0825, 0.0355, 66.224] 517MFgG7lzEZn286TL5F74
[0.0871, 0.0201, 7, -28.356, 0.0454, 0.848, 0.973, 0.114, 0.0352, 167.547] 4XFvP2yroM2R6sdeAFuw2r
[0.184, 0.0135, 1, -30.542, 0.0432, 0.982, 0.366, 0.109, 0.0432, 100.268] 6nx5HcurSOU0lVZYhoY3k6
[0.135, 0.256, 7, -15.217, 0.0344, 0.925, 0.937, 0.0819, 0.0302, 75.236] 3ArsGCbpmAtFersgArfBfT
[0.211, 0.0062, 9, -35.962, 0.0498, 0.995, 0.883, 0.102, 0.0595, 67.763] 30ZnWr4gkenAaSFIa733gl
[0.214, 0.02, 8, -27.692, 0.0392, 0.977, 0.926, 0.103, 0.0393, 150.298] 58M75fyfarDqc33r3CgWcv
[0.52, 0.173, 9, -18.992, 0.0368, 0.932, 0.963, 0.0953, 0.0373, 119.921] 44iZvA5nGFjpXZjrEt1XSD
[0.216, 0.0181, 5, -30.87, 0.0433, 0.974, 0.947, 0.0968, 0.04, 67.913] 05MWiaG0YFAEQDN0wPRGla
[0.455, 0.0514, 8, -25.816, 0.0386, 0.761, 0.907, 0.145, 0.113, 133.875] 6FT5S0fVlzuOnJdnf0pNh6
[0.0722, 0.0619, 5, -27.257, 0.0421, 0.981, 0.968, 0.373, 0.0722, 75.183] 10Fb5CydCmYW3lqQGjNb04
[0.197, 0.278, 2, -18.64, 0.052, 0.00282, 0.938, 0.0999, 0.0338, 73.71] 69K9acndzo6nVMHyCe8kC7
[0.163, 0.241, 8, -14.397, 0.0353, 0.973, 0.968, 0.119, 0.0339, 109.576] 4L6RkT6hqvtlrldsiEZLWX
[0.287, 0.274, 7, -18.896, 0.0352, 0.936, 0.882, 0.0946, 0.119, 119.004] 77zOTX49bftE7S7zoeJ4pO
[0.141, 0.0288, 1, -26.467, 0.0442, 0.773, 0.95, 0.0997, 0.0315, 101.793] 5Ew0DLlaygPdDw3DcDS7zn
[0.166, 0.171, 5, -27.129, 0.0355, 0.905, 0.966, 0.13, 0.0377, 70.005] 4Dj3FMZMMBXCxNkJ25o2Ta
[0.0807, 0.0857, 9, -24.426, 0.0441, 0.886, 0.914, 0.0745, 0.0288, 173.289] 2K4gdb3V62vqNRgPZCfQCP
[0.243, 0.123, 8, -20.642, 0.0421, 0.976, 0.879, 0.176, 0.0501, 111.435] 5huIzPcRJkbL7UyyzViQPU
[0.174, 0.0166, 3, -30.951, 0.0676, 0.983, 0.681, 0.109, 0.0361, 132.125] 3AKj2SIi4Z765IPjXgPnvL
[0.0696, 0.22, 3, -21.232, 0.0361, 0.961, 0.957, 0.11, 0.145, 76.404] 1uD7jXI56I75xeUZYGIi0Y
[0.199, 0.119, 0, -21.529, 0.0388, 0.463, 0.894, 0.237, 0.063, 110.848] 4ea3AmukxE51LpUlmI1DcC
[0.166, 0.134, 0, -23.593, 0.0361, 0.984, 0.978, 0.129, 0.038, 129.068] 3T0aUNU36BMMp1YXHRFqXj
[0.152, 0.0315, 6, -29.774, 0.047, 0.922, 0.775, 0.11, 0.155, 139.095] 5C8szoUrtmYOizu1ykbK0C
[0.121, 0.138, 8, -23.743, 0.0603, 0.735, 0.831, 0.0864, 0.0332, 66.373] 6gorMsD3ggG4vTqh4X7ihp
[0.221, 0.0424, 4, -22.479, 0.0376, 0.977, 0.866, 0.109, 0.0386, 83.146] 4bbKlgEqutHTcqSob1gdLL
[0.139, 0.0242, 9, -30.135, 0.0399, 0.98, 0.979, 0.123, 0.0331, 69.656] 3d2DiXpatpWMKqE6BxrJy1
[0.0962, 0.0904, 1, -20.659, 0.0418, 0.745, 0.731, 0.0921, 0.0326, 87.609] 2OEcNwsOd8cwG7jpN2kGzj
[0.0925, 0.132, 10, -23.643, 0.0397, 0.968, 0.93, 0.116, 0.0717, 173.981] 2tU0Nkl7OiCanPWfnOe67z
[0.209, 0.0437, 0, -25.991, 0.0667, 0.968, 0.902, 0.125, 0.0635, 71.073] 1XeEpMLnB0dwTo1XAqiqbr
[0.256, 0.0254, 0, -28.658, 0.0436, 0.975, 0.922, 0.0844, 0.0805, 119.974] 0U2ZdtWf1nJACeQYnOT6Gf
[0.16, 0.0959, 9, -22.893, 0.0368, 0.983, 0.966, 0.107, 0.0458, 104.72] 5UjkShFEMrLqwajnpkzrL6
[0.0767, 0.0116, 3, -28.464, 0.0359, 0.954, 0.915, 0.117, 0.035, 73.749] 76RktDCi1rVj63vpt9u5F0
[0.642, 0.289, 9, -9.918, 0.0367, 0.669, 0, 0.18, 0.407, 84.996] 6F25tznBMyPJpXx7Gj1ch0
[0.59, 0.41, 4, -12.928, 0.0681, 0.385, 0, 0.12, 0.561, 99.953] 4ViFirOxHJV9wHG7zTfkAF
[0.643, 0.17, 5, -9.061, 0.0389, 0.963, 3.38e-05, 0.107, 0.337, 79.282] 0Peh9vSnImMMTznniOJcsj
[0.209, 0.412, 0, -9.733, 0.0443, 0.172, 0.15, 0.0843, 0.162, 86.26] 2PwXOevGUSkU8qaYZjgLq2
[0.662, 0.244, 9, -7.649, 0.029, 0.776, 0, 0.108, 0.326, 99.965] 6IPI6WJTMOcQevNJpNIYvz
[0.573, 0.496, 2, -5.243, 0.031, 0.0311, 0, 0.216, 0.118, 101.373] 3gQ3oX6c4QY7Gb5nN0gDR1
[0.726, 0.375, 4, -8.295, 0.0336, 0.636, 0, 0.0894, 0.762, 106.854] 2L8v9XGq0NpHQBQBNCRID8
[0.687, 0.668, 8, -5.99, 0.385, 0.756, 0, 0.113, 0.352, 87.175] 6fFSDDBO5Gc9Y2i2CA8vZI
[0.627, 0.446, 2, -9.477, 0.0332, 0.308, 0.00077, 0.111, 0.11, 139.994] 2kAIpGWnlFLQh48iut6Zzq
[0.693, 0.477, 5, -8.012, 0.0305, 0.592, 0, 0.118, 0.31, 122.06] 04F1slSLfciNXAPZgdXtmW
[0.66, 0.643, 0, -8.653, 0.0547, 0.612, 0.0798, 0.119, 0.0777, 113.947] 0CALfQ4ck5wJoiRfpaZboM
[0.364, 0.319, 10, -8.902, 0.035, 0.294, 1.12e-05, 0.111, 0.189, 105.782] 5pmOCIkmaF93i10jfCiT5v
[0.463, 0.427, 8, -9.799, 0.0549, 0.628, 0.000565, 0.0911, 0.231, 116.059] 1Mza2sr6tPhy6jjI3HB9fW
[0.398, 0.2, 1, -13.003, 0.0306, 0.909, 0.00122, 0.149, 0.101, 135.175] 2dIfvATnIVbdpWPpdk2sJQ
[0.359, 0.66, 7, -7.425, 0.0554, 0.0192, 0, 0.187, 0.329, 175.802] 7wryZGTI6OSEH8ePQiKP0a
[0.469, 0.592, 5, -4.962, 0.0399, 0.0393, 0, 0.105, 0.0938, 161.996] 7zE6pyXLjUCOy8PG0UL5SZ
[0.732, 0.322, 8, -10.172, 0.0625, 0.785, 9.12e-06, 0.103, 0.428, 114.977] 7zaF4efY1N7opI2VRYUtjt
[0.741, 0.556, 9, -6.232, 0.13, 0.426, 0.000146, 0.178, 0.393, 145.843] 4j019hP5bk1AwsSHpWmRm7
[0.436, 0.562, 11, -6.106, 0.0278, 0.0102, 0.000278, 0.198, 0.24, 150.066] 3SZLtkoHoECHHuOnNkNCuS
[0.549, 0.792, 3, -6.279, 0.226, 0.452, 0, 0.0954, 0.563, 134.824] 5NaM1Pvh51i5Ja5EMb7D31
[0.578, 0.509, 2, -7.114, 0.0294, 0.206, 0, 0.292, 0.368, 96.034] 0V2KkeIl7x8VkStMyUsQmH
[0.577, 0.397, 0, -5.98, 0.028, 0.84, 0, 0.0772, 0.509, 89.044] 7l1qvxWjxcKpB9PCtBuTbU
[0.505, 0.71, 3, -3.015, 0.0321, 0.19, 0.00025, 0.329, 0.428, 89.938] 3LlAyCYU26dvFZBDUIMb7a
[0.605, 0.191, 0, -11.548, 0.0444, 0.629, 1.21e-05, 0.0733, 0.365, 124.233] 3wF0zyjQ6FKLK4vFxcMojP
[0.544, 0.63, 0, -7.523, 0.0335, 0.034, 0.573, 0.0961, 0.202, 120.064] 6hrgeEo1WQOHVeF8QMv68S
[0.757, 0.577, 6, -5.748, 0.0461, 0.0585, 0, 0.109, 0.365, 127.938] 2eIXdfv1zv61rmwerNLFHr
[0.483, 0.271, 10, -10.981, 0.0569, 0.835, 0, 0.13, 0.134, 86.856] 6PmhCEPMjhSo9j8hz767xy
[0.859, 0.287, 10, -12.85, 0.0515, 0.469, 3.01e-06, 0.0852, 0.853, 129.954] 2DICpQzdDdeUeL8SkJ5g3W
[0.447, 0.393, 5, -8.65, 0.038, 0.785, 0, 0.28, 0.564, 73.139] 5JDcQAztvZTIkrWoZihgvC
[0.542, 0.401, 2, -10.282, 0.0455, 0.842, 1.33e-06, 0.0829, 0.342, 149.833] 0rXbPJ55yI57lGPLkLulRX
[0.744, 0.621, 4, -7.661, 0.0547, 0.43, 0.000169, 0.114, 0.716, 77.605] 4y3BhblwDqsRTRLX26Zomb
[0.576, 0.267, 2, -5.668, 0.044, 0.878, 0, 0.119, 0.326, 205.888] 78TTtXnFQPzwqlbtbwqN0y
[0.62, 0.611, 7, -4.051, 0.043, 0.122, 0, 0.147, 0.341, 144.91] 6LtadgcvAnhtCsmRB5BBCs
[0.526, 0.328, 1, -9.864, 0.0461, 0.694, 0, 0.112, 0.11, 116.068] 0SuG9kyzGRpDqrCWtgD6Lq
[0.706, 0.558, 2, -7.237, 0.0593, 0.146, 0, 0.118, 0.227, 110.443] 2tJulUYLDKOg9XrtVkMgcJ
[0.806, 0.289, 1, -9.853, 0.0389, 0.609, 0, 0.105, 0.457, 89.958] 6NmBxhsmVjv0PMgh8aJhuw
[0.675, 0.885, 1, -4.432, 0.0436, 0.217, 0, 0.086, 0.768, 97.03] 0KpfYajJVVGgQ32Dby7e9i
[0.619, 0.378, 1, -9.343, 0.0308, 0.978, 0.0023, 0.103, 0.677, 91.91] 325e3Lkx4AodxGNsqHiaG4
[0.439, 0.489, 8, -6.286, 0.0368, 0.132, 0.000643, 0.114, 0.253, 143.808] 1zVhMuH7agsRe6XkljIY4U
[0.453, 0.496, 5, -5.785, 0.0453, 0.554, 2.65e-05, 0.0772, 0.501, 80.994] 0fioLzGM8ngbD1w6fMmm45
[0.479, 0.545, 7, -7.346, 0.0688, 0.365, 0, 0.0963, 0.244, 74.897] 6GmUVqe73u5YRfUUynZK6I
[0.553, 0.507, 11, -6.24, 0.0304, 0.473, 0, 0.108, 0.57, 83.093] 6OcXjaSKDRYpffXDdNcAWD
[0.349, 0.348, 3, -6.142, 0.0316, 0.726, 0, 0.12, 0.0886, 74.541] 0HZhYMZOcUzZKSFwPOti6m
[0.367, 0.121, 6, -13.778, 0.0335, 0.972, 0.0322, 0.0871, 0.0926, 132.244] 23UCOmWmenFhxFQG71tTKL
[0.611, 0.52, 0, -5.445, 0.0346, 0.0132, 0, 0.105, 0.771, 159.927] 6GzApXoBQiiAjak3tOQfV3
[0.552, 0.749, 9, -4.34, 0.0345, 0.0615, 0, 0.106, 0.313, 80.046] 3Mi4eIwRkaDF26twdl4uGD
[0.325, 0.18, 10, -10.647, 0.0311, 0.91, 0.000633, 0.113, 0.0997, 72.416] 7rPLZ8Krm6CZIbraFUlnWZ
[0.398, 0.21, 5, -9.127, 0.0396, 0.951, 0, 0.0948, 0.295, 137.123] 6hVO9513Rfc0qyLfMkWdC8
[0.376, 0.466, 10, -6.927, 0.0353, 0.514, 5.8e-05, 0.0781, 0.276, 199.835] 3BYyBzKGPOCHeginhe0F77
[0.405, 0.111, 0, -11.879, 0.0369, 0.964, 4.37e-05, 0.0872, 0.219, 116.86] 5sF7hdYvhrcgNq8NZjfK8L
[0.648, 0.67, 1, -6.407, 0.0392, 0.0112, 0, 0.127, 0.638, 94.956] 6VX3IkyigNa2opzrk9cpJj
[0.614, 0.379, 4, -10.48, 0.0476, 0.607, 0.000464, 0.0986, 0.201, 107.989] 1HNkqx9Ahdgi1Ixy2xkKkL
[0.492, 0.173, 11, -11.24, 0.0406, 0.896, 0, 0.109, 0.336, 125.058] 6Pg3lOfFt49w6mNmmvzJB2
[0.512, 0.263, 1, -7.141, 0.0306, 0.761, 0, 0.118, 0.262, 139.772] 3sfepRu8KYCfKoPOsH6ym3
[0.484, 0.731, 1, -6.694, 0.0379, 0.431, 0, 0.151, 0.51, 101.654] 7yq4Qj7cqayVTp3FF9CWbm
[0.651, 0.681, 2, -5.006, 0.0497, 0.0422, 0, 0.338, 0.761, 165.889] 1lMm2SeSWddqmRYZWa8q5b
[0.379, 0.29, 4, -8.485, 0.051, 0.952, 0.00106, 0.118, 0.169, 166.467] 4RL77hMWUq35NYnPLXBpih
[0.479, 0.419, 0, -6.517, 0.0389, 0.568, 0.000217, 0.11, 0.186, 85.014] 5Db9VIdDsN5yu3Eu7CT0i4
[0.565, 0.654, 1, -6.826, 0.0335, 0.0542, 1.8e-06, 0.122, 0.235, 111.968] 2dBwB667LHQkLhdYlwLUZK
[0.695, 0.615, 7, -5.325, 0.042, 0.15, 0.000212, 0.0879, 0.414, 124.015] 4pGqFOfzvfe6avb9kbZicC
[0.684, 0.341, 9, -9.497, 0.0272, 0.837, 2.69e-05, 0.0883, 0.557, 75.948] 3C5in0EVdoGepp5bA6lhlE
[0.781, 0.445, 2, -6.061, 0.0295, 0.474, 0, 0.184, 0.591, 78.998] 34gCuhDGsG4bRPIf9bb02f
[0.475, 0.496, 10, -6.948, 0.0384, 0.416, 0, 0.0942, 0.329, 111.13] 3NyVg2ebG2c4HowjudxKfY
[0.209, 0.418, 3, -8.74, 0.0338, 0.163, 0.00195, 0.113, 0.123, 138.265] 7LVHVU3tWfcxj5aiPFEW4Q
[0.866, 0.347, 7, -9.553, 0.0685, 0.291, 7.01e-06, 0.109, 0.616, 110.063] 4VywXu6umkIQ2OS0m1I79y
[0.652, 0.632, 7, -6.612, 0.0375, 0.363, 1.2e-05, 0.124, 0.484, 99.952] 4iOoHmJJiqyTxsXSa5uELv
[0.388, 0.66, 11, -7.372, 0.0308, 0.312, 0.000307, 0.0943, 0.401, 143.554] 6Fha6tXHkL3r9m9nNqQG8p
[0.481, 0.179, 3, -21.424, 0.109, 0.613, 2.84e-05, 0.145, 0.405, 74.85] 6LteLVcW0oWLjuW6nePyWb
[0.674, 0.481, 5, -9.102, 0.0566, 0.47, 1.3e-06, 0.101, 0.429, 100.155] 1ugsm8Ri9LF1RTOV1EHIyd
[0.823, 0.398, 7, -8.22, 0.0951, 0.644, 5.65e-06, 0.0937, 0.578, 114.178] 451GvHwY99NKV4zdKPRWmv
[0.479, 0.541, 0, -9.862, 0.0545, 0.737, 0, 0.108, 0.321, 85.994] 6DdyZAF3pvMXMRrI0OtDqy
[0.307, 0.425, 11, -8.924, 0.0372, 0.271, 3.09e-05, 0.11, 0.136, 108.693] 2nMeu6UenVvwUktBCpLMK9
[0.455, 0.228, 5, -12.343, 0.0364, 0.836, 0, 0.106, 0.142, 118.499] 6usQ5BOBsRY5Dc49kwXsTw
[0.4, 0.337, 2, -7.404, 0.0355, 0.831, 0, 0.0934, 0.352, 108.196] 63bo7NDoWdMFXufhsYOxwG
[0.463, 0.198, 4, -11.003, 0.0387, 0.915, 0, 0.106, 0.369, 123.63] 5Nbe9vDQ1YJdreVIlhZEpP
[0.669, 0.138, 10, -13.504, 0.0534, 0.766, 0, 0.0924, 0.561, 152.676] 3GnXR8uG3BlYRjkx9PSAlr
[0.713, 0.0565, 7, -15.077, 0.052, 0.965, 0, 0.0975, 0.384, 123.943] 2JY5rGTTMC9RK7Zw6zIV5n
[0.572, 0.231, 0, -6.316, 0.0334, 0.953, 3.88e-06, 0.111, 0.332, 96.729] 48wSJ6NhMFYYB6LjdnPNjM
[0.522, 0.256, 10, -11.216, 0.0258, 0.86, 0.000825, 0.142, 0.13, 76.35] 1fYouLdK3PkOMPnx4CPxTY
[0.758, 0.501, 0, -7.051, 0.0589, 0.252, 0, 0.191, 0.397, 78.042] 4d3ZlYR3rBh27OyL0MI0Jf
[0.424, 0.437, 2, -8.588, 0.0355, 0.962, 0.336, 0.664, 0.131, 174.127] 0jZO7p0nBUi9VHedWUBS9l
[0.58, 0.687, 6, -5.4, 0.106, 0.229, 0, 0.109, 0.187, 76.014] 5esPpmrM2AsyDVgOKzWQwU
[0.598, 0.343, 0, -11.04, 0.025, 0.853, 0.0219, 0.123, 0.419, 103.984] 6H9Bc39zoXOUhzl5QJb3KQ
[0.537, 0.485, 2, -8.131, 0.0332, 0.102, 3.83e-06, 0.319, 0.293, 152.012] 1OwHOfTeJkdRhdqq93y2XV
[0.603, 0.145, 7, -8.932, 0.0488, 0.803, 6.35e-06, 0.092, 0.248, 170.945] 5iNTKIXOL9NnFErCLB1ThP
[0.446, 0.71, 5, -7.234, 0.042, 0.0491, 0.00152, 0.109, 0.465, 91.397] 7iU9K9Lw2mGFcGOR8b3awU
[0.539, 0.531, 5, -7.928, 0.189, 0.337, 0, 0.0819, 0.371, 177.953] 6i09oKaV93wnEE5ighvD1E
[0.616, 0.204, 6, -11.421, 0.0331, 0.919, 0, 0.106, 0.419, 79.826] 5dXI2NV7X2c4anyLFbQdEX
[0.512, 0.184, 9, -8.812, 0.0587, 0.866, 0, 0.284, 0.37, 85.82] 4CYBfRX3oEPni9Elqm8Bnt
[0.379, 0.29, 4, -8.485, 0.051, 0.952, 0.00106, 0.118, 0.169, 166.467] 6k8kLJFmWkHaTbSLUhJ3H0
[0.166, 0.281, 2, -15.914, 0.0356, 0.437, 0.702, 0.119, 0.0368, 83.358] 5g8vqjlE93TUWchPyBgfYL
[0.264, 0.36, 7, -13.188, 0.0344, 0.83, 0.897, 0.145, 0.0395, 77.399] 1F5zFhC80UqmuWMWYpy7RY
[0.199, 0.46, 10, -8.563, 0.0385, 0.623, 0.976, 0.254, 0.0394, 63.289] 34YcNRA7dwBlXxwZm35fWd
[0.198, 0.349, 0, -12.98, 0.0353, 0.937, 0.935, 0.129, 0.0479, 74.181] 6o5D0wcQWiCjjx5ygVElvX
[0.386, 0.699, 9, -7.971, 0.0725, 0.518, 0.996, 0.0882, 0.129, 90.559] 0rNwatyEfpdk7CIc2kb6DT
[0.455, 0.421, 5, -7.869, 0.134, 0.53, 0.39, 0.101, 0.357, 157.884] 3Zv3FD3385NAXK9VRcYL5W
[0.701, 0.533, 6, -12.0, 0.0374, 0.000318, 0.919, 0.106, 0.169, 105.976] 0C8pHOyhnuJ6YL0NiVIxwL
[0.713, 0.664, 1, -15.267, 0.0377, 0.0159, 0.789, 0.35, 0.0399, 120.023] 1MOAOv4JLBLxYoIZ7RKxhA
[0.135, 0.302, 7, -17.002, 0.0374, 0.707, 0.926, 0.227, 0.0323, 94.746] 1DkYYhmzIgYtdELXZhmTUX
[0.207, 0.037, 2, -30.096, 0.035, 0.901, 0.874, 0.14, 0.0422, 84.904] 41Zs7ZnfsnZsBYTIe9Qx4d
[0.428, 0.0439, 0, -19.619, 0.0414, 0.949, 0.787, 0.681, 0.585, 90.111] 1NDJL0mtoRneA8aEdQp7f9
[0.166, 0.00936, 5, -27.224, 0.0484, 0.953, 0.929, 0.105, 0.0242, 129.418] 7di6F53xk2U0Tql00RjY6M
[0.167, 0.028, 2, -30.304, 0.0486, 0.778, 0.963, 0.101, 0.039, 129.062] 3ICfER65GgMYAILoRfw9fH
[0.185, 0.00344, 4, -38.871, 0.0398, 0.969, 0.869, 0.109, 0.0388, 67.024] 5UP4GAA5f9S2SiQPsTxpz1
[0.153, 0.131, 5, -29.297, 0.0427, 0.913, 0.996, 0.0813, 0.0567, 136.921] 4oHEKfyZmRBO9saCGX0Ici
[0.201, 0.0567, 2, -23.553, 0.0471, 0.626, 0.796, 0.131, 0.0281, 88.707] 335k8LtyfwZyTkPKcdbcon
[0.231, 0.0449, 9, -28.431, 0.0441, 0.885, 0.842, 0.102, 0.0332, 73.287] 2oSitkin4eenPCwhEE8awH
[0.185, 0.0272, 4, -23.651, 0.0443, 0.803, 0.877, 0.0903, 0.0255, 96.155] 5ERM0GYc5FH77pnHDRg1vV
[0.653, 0.272, 7, -14.547, 0.173, 0.738, 0.701, 0.261, 0.425, 81.913] 7eCbFkDeAEhPcrO437FUX2
[0.665, 0.604, 0, -7.971, 0.113, 0.00874, 0.805, 0.0502, 0.268, 180.077] 4HYwUHD0xhjcWzNNWgpaTm
[0.315, 0.359, 3, -12.082, 0.0346, 0.052, 0.924, 0.129, 0.0885, 79.969] 6zmOFBy2fuIDCaQLrRs1CF
[0.326, 0.0559, 7, -18.405, 0.0349, 0.766, 0.88, 0.125, 0.193, 45.241] 2unASzFCm9xqzlqJJyU5cB
[0.728, 0.459, 7, -20.961, 0.0422, 0.000456, 0.941, 0.107, 0.655, 140.023] 0k1bQGTC4FGVuB5ZuceXAD
[0.603, 0.666, 9, -15.116, 0.036, 0.00139, 0.024, 0.134, 0.947, 140.039] 7d5qNo0aFS8UEfGRUIbibN
[0.711, 0.56, 7, -18.698, 0.0577, 0.000476, 0.785, 0.101, 0.455, 139.971] 6xWeqOQnoH1SiSdM6Y9RP1
[0.738, 0.598, 9, -18.87, 0.0439, 0.00427, 0.712, 0.299, 0.414, 140.025] 6EiMVS18CdwNpr5DClD5OR
[0.799, 0.509, 7, -17.835, 0.0402, 0.00585, 0.033, 0.192, 0.677, 139.995] 3oqFIdq0ih32tymqtnDFhc
[0.701, 0.552, 7, -17.787, 0.042, 0.368, 0.565, 0.0842, 0.516, 140.01] 2YzFbbYjpFxxxu6kqAZiff
[0.693, 0.796, 0, -8.825, 0.0497, 0.000631, 0.938, 0.537, 0.679, 133.032] 4EOIbZqfXdYpX8LlQ5x1ga
[0.567, 0.763, 1, -8.944, 0.0406, 0.0112, 0.912, 0.344, 0.0352, 137.004] 3KQO9UiCqobCIrk88BwJd0
[0.424, 0.437, 2, -8.588, 0.0355, 0.962, 0.336, 0.664, 0.131, 174.127] 0jZO7p0nBUi9VHedWUBS9l
[0.522, 0.256, 10, -11.216, 0.0258, 0.86, 0.000825, 0.142, 0.13, 76.35] 1fYouLdK3PkOMPnx4CPxTY
[0.572, 0.409, 3, -11.384, 0.0377, 0.662, 0.296, 0.125, 0.351, 129.983] 4d4OJTq2Yl7TyiuGMLxa1h
[0.374, 0.276, 7, -14.945, 0.0353, 0.884, 0.0123, 0.122, 0.412, 80.169] 3Ed55g8hCz1GmqRTelIPIW
[0.556, 0.528, 4, -8.033, 0.0266, 0.615, 0.0964, 0.122, 0.163, 159.821] 1HNywa8Bk0TmzRwQrzhtPo
[0.561, 0.55, 8, -17.419, 0.037, 0.77, 0.476, 0.0921, 0.446, 147.01] 04BGOF5G8ztSjRkhhM0SmE
[0.636, 0.379, 11, -16.21, 0.029, 0.759, 0.852, 0.114, 0.341, 105.016] 3wQXP3617fqclHgzA7dONN
[0.359, 0.286, 9, -10.172, 0.0338, 0.908, 0.0036, 0.109, 0.229, 152.205] 1TVd8FHpeg1Afa92kaO0kR
[0.684, 0.543, 3, -5.579, 0.0281, 0.365, 2.07e-06, 0.113, 0.361, 140.996] 3nnXAqJVpdiwYKAXFBpnlG
[0.37, 0.174, 4, -19.316, 0.0377, 0.95, 0.0029, 0.11, 0.181, 92.75] 3pC8tUjIZPORslYYmJbJcz
[0.38, 0.275, 2, -12.405, 0.0373, 0.863, 1.08e-05, 0.107, 0.156, 115.343] 6Qk4zqHRjy4huavhMyQ5co
[0.519, 0.515, 5, -9.448, 0.031, 0.61, 5.66e-05, 0.107, 0.714, 80.329] 0iWUW8UNkmyUa8Aa6anow6
[0.552, 0.126, 11, -18.014, 0.0306, 0.956, 0.0153, 0.109, 0.439, 92.441] 1vNfYCzcCJz0FY7MVVA9lM
[0.572, 0.319, 4, -6.206, 0.0685, 0.963, 0, 0.161, 0.359, 110.922] 3BxzQaXrfoWo1lYLZjJqyD
[0.609, 0.489, 9, -6.001, 0.0424, 0.85, 0, 0.104, 0.567, 115.902] 47rNYq9IUveetu35c65xTw
[0.354, 0.206, 0, -11.799, 0.0365, 0.779, 0.00021, 0.0959, 0.202, 139.056] 25fcj6d2W1l8DQL11Czdzb
[0.571, 0.399, 4, -11.919, 0.0364, 0.766, 0.0146, 0.0926, 0.611, 141.922] 3HAgxyWGeJtIVabS2mTREt
[0.488, 0.31, 0, -10.673, 0.0308, 0.834, 0, 0.166, 0.338, 138.893] 7kqnoZSZUifYDyR5jzJN6v
[0.388, 0.66, 11, -7.372, 0.0308, 0.312, 0.000307, 0.0943, 0.401, 143.554] 6Fha6tXHkL3r9m9nNqQG8p
[0.506, 0.275, 7, -8.464, 0.0292, 0.494, 0.00377, 0.101, 0.0639, 153.769] 083PU4XnYAOMAGVruma3vb
[0.58, 0.687, 6, -5.4, 0.106, 0.229, 0, 0.109, 0.187, 76.014] 5esPpmrM2AsyDVgOKzWQwU
[0.426, 0.662, 11, -6.158, 0.0319, 0.211, 0.00652, 0.176, 0.359, 78.247] 1vG6jMgSoqT3zG9tuDrL2E
[0.598, 0.343, 0, -11.04, 0.025, 0.853, 0.0219, 0.123, 0.419, 103.984] 6H9Bc39zoXOUhzl5QJb3KQ
[0.513, 0.662, 11, -12.787, 0.0435, 0.813, 0.18, 0.288, 0.734, 101.275] 1NCAKlp1bFHYbSSDQxfbJ1
[0.471, 0.273, 1, -10.072, 0.0324, 0.845, 0, 0.12, 0.188, 138.683] 2Sqv9Ne6ibOZsKxY7o0t6t
[0.679, 0.321, 11, -8.403, 0.0396, 0.913, 0, 0.711, 0.362, 117.622] 359lSGQwvAM3aZA5UNwqiQ
[0.352, 0.414, 4, -6.6, 0.0254, 0.391, 0.00831, 0.185, 0.0688, 60.042] 6qUcJCdjOi2OtSMBSvR3Vb
[0.445, 0.304, 10, -12.504, 0.0441, 0.631, 0.00519, 0.118, 0.24, 120.631] 58h15p2z6LMURhFn3G18a4
[0.389, 0.431, 7, -8.061, 0.0344, 0.249, 0, 0.13, 0.275, 142.14] 5MMZJtHOiH1RmQSSe3DJdg
[0.579, 0.415, 7, -11.599, 0.0397, 0.929, 0.0018, 0.671, 0.42, 102.713] 4JKHACLkotsxdKNF9vJYOS
[0.375, 0.304, 1, -14.52, 0.0302, 0.943, 0.303, 0.126, 0.147, 147.989] 4fbvXwMTXPWaFyaMWUm9CR
[0.517, 0.622, 6, -9.135, 0.0337, 0.344, 0.0699, 0.498, 0.51, 96.964] 0szmjOw9XbtbQYWz0GvXSp
[0.279, 0.252, 8, -11.106, 0.0292, 0.841, 0.708, 0.109, 0.0619, 154.373] 1g2eirb8uaYn54iEYZl3CS
[0.472, 0.57, 11, -7.569, 0.0357, 0.417, 0.00118, 0.103, 0.15, 131.988] 1WwAqeweh8B5WVO041pRFf
[0.499, 0.229, 11, -9.642, 0.0361, 0.822, 4.59e-06, 0.0914, 0.239, 178.461] 1GIBQJItFW5tFPrilr6M6o
[0.521, 0.22, 9, -10.202, 0.0314, 0.647, 0.00814, 0.179, 0.135, 104.03] 7d0XkI4iJ32nxeFAHFXbLQ
[0.662, 0.384, 6, -12.634, 0.0281, 0.775, 0.0565, 0.117, 0.261, 128.992] 23Zlb66N7xcIWbpt2C1bsi
[0.529, 0.0964, 0, -22.052, 0.0459, 0.808, 0.0628, 0.709, 0.142, 151.286] 6itWAD2WxmAVQgWuk85yXx
[0.613, 0.441, 5, -12.808, 0.0366, 0.858, 0.0788, 0.108, 0.533, 105.83] 5kCAUVS30fqaQXcI1j4nIe
[0.493, 0.533, 0, -7.406, 0.0408, 0.31, 3.32e-05, 0.159, 0.329, 169.834] 7CeJuYHjC7wmtwMWBDKcvV
[0.537, 0.485, 2, -8.131, 0.0332, 0.102, 3.83e-06, 0.319, 0.293, 152.012] 1OwHOfTeJkdRhdqq93y2XV
[0.691, 0.707, 7, -6.771, 0.0373, 0.273, 8.67e-06, 0.118, 0.479, 110.026] 0IcYIjsfFEOIY1GI4t7dLu
[0.492, 0.841, 0, -9.181, 0.0904, 0.729, 0.00027, 0.101, 0.313, 177.869] 4FwaJmXeZxr1096KItcUQq
[0.54, 0.222, 8, -12.846, 0.0321, 0.88, 0.000587, 0.346, 0.28, 128.871] 1IkjoLXB9LEf3w32Wk07X3
[0.49, 0.576, 9, -5.648, 0.029, 0.201, 1.44e-06, 0.0909, 0.449, 114.963] 4oe1xMMvznxdsrSKx2jL6w
[0.545, 0.485, 8, -9.941, 0.151, 0.3, 0.00137, 0.119, 0.341, 80.401] 0QB71BDzh36guAExsTIgNO
[0.658, 0.179, 8, -10.866, 0.0448, 0.689, 0, 0.17, 0.191, 128.128] 0NeJjNlprGfZpeX2LQuN6c
[0.579, 0.559, 1, -7.338, 0.0325, 0.398, 0.000206, 0.0817, 0.328, 151.985] 0zswVEAFordAn8lbrgWsb6
[0.585, 0.348, 11, -10.268, 0.0361, 0.585, 7.47e-05, 0.101, 0.101, 109.97] 4gFakkHz0RjUrbf9Ufilb7
[0.581, 0.451, 0, -14.681, 0.0498, 0.641, 0.00141, 0.266, 0.35, 86.785] 64PvmmEK0qTUaVUVvrYR7W
[0.636, 0.379, 11, -16.21, 0.029, 0.759, 0.852, 0.114, 0.341, 105.016] 2EH99L821vO7FTvKVo5YnJ
[0.718, 0.302, 6, -12.086, 0.0372, 0.736, 0.163, 0.0887, 0.333, 129.999] 0ZNYGrmcehorhh9JOeg5Iv
[0.322, 0.808, 11, -7.098, 0.0617, 0.0227, 0.132, 0.403, 0.417, 116.535] 2PfnAaQIMwHPvmda8MG5jm
[0.614, 0.549, 5, -6.986, 0.0516, 0.286, 2.64e-06, 0.142, 0.258, 77.926] 2RmH5VLkfdILc6wTK1LWkH
[0.305, 0.462, 0, -9.57, 0.0338, 0.475, 0.122, 0.0916, 0.181, 113.47] 7gYwIAHB6VxzLJFSZMMv8i
[0.582, 0.344, 4, -9.148, 0.0278, 0.857, 0.0871, 0.15, 0.374, 140.013] 43bkejyRlzXjVGKvXYLHzg
[0.629, 0.383, 8, -13.195, 0.044, 0.735, 0.0259, 0.0928, 0.421, 154.001] 0PZLSFZUf910nZ9qFtQqAf
[0.554, 0.282, 9, -8.419, 0.0355, 0.877, 0, 0.112, 0.323, 120.048] 2okaCGJegLC7oK8z7OXutm
[0.599, 0.198, 1, -8.557, 0.0581, 0.953, 0.000127, 0.0994, 0.214, 141.987] 371akJ9fYgSkrAFMyWoTdL
[0.531, 0.476, 5, -11.328, 0.0345, 0.629, 0.00257, 0.0801, 0.239, 130.232] 4MKTyMpljQlY0KQWLR8194
[0.412, 0.276, 7, -11.711, 0.0296, 0.898, 0.000372, 0.0955, 0.214, 90.781] 2BzYOfztRMaIVKTfYOGQgR
[0.555, 0.652, 2, -9.093, 0.0358, 0.596, 0.316, 0.1, 0.188, 77.028] 2iddHfAqBKMJkXerLA9F9I
[0.481, 0.703, 1, -8.344, 0.0466, 0.0137, 0, 0.0879, 0.225, 149.951] 5DVKKqwLGjvK9ojz3zLjB7
[0.507, 0.129, 0, -15.846, 0.031, 0.894, 0.0026, 0.0983, 0.158, 110.887] 7FCYixd46BlSiO2memrsPo
[0.405, 0.687, 7, -10.08, 0.0456, 0.383, 6.08e-05, 0.124, 0.151, 82.812] 4HLnKxeTmOuyD81L4lX3t7
[0.381, 0.502, 1, -5.505, 0.0368, 0.16, 6.98e-05, 0.0842, 0.147, 144.3] 1djzKW3eYLyzjjHXazEWWh
[0.436, 0.388, 7, -9.765, 0.0303, 0.122, 2.79e-06, 0.198, 0.217, 128.97] 736Jy0aC33icgo4VWXgnU6
[0.67, 0.294, 7, -8.114, 0.0341, 0.685, 0, 0.147, 0.515, 119.856] 6PRotAx0lUWP0bHBr6jm42
[0.476, 0.592, 7, -8.852, 0.032, 0.662, 0.000123, 0.183, 0.371, 96.047] 2UcrOnNw5WJr6Xu2q8QAPI
[0.458, 0.347, 6, -14.41, 0.0306, 0.923, 0.00983, 0.105, 0.37, 129.156] 6MGjkhfrqfWmZBETFg5VpP
[0.528, 0.258, 7, -10.238, 0.0394, 0.653, 0.000106, 0.0882, 0.121, 121.328] 16IXvk7noDMknHNqmSYvwC
[0.555, 0.418, 0, -12.7, 0.0455, 0.309, 0.00119, 0.237, 0.328, 159.764] 567EmmCbOtpEuaVC2zznU6
[0.27, 0.463, 4, -13.774, 0.288, 0.911, 0.013, 0.0835, 0.0557, 76.221] 4ld2TeVRlaYNHWzi52dWsZ
[0.505, 0.409, 4, -10.588, 0.0304, 0.569, 0.00228, 0.153, 0.228, 116.05] 5gqcOwKXxGTth8CUfN8woT
[0.51, 0.487, 1, -11.799, 0.0251, 0.864, 0.00352, 0.117, 0.274, 85.01] 3iK2TtvEnhBXHqm0e98dCA
[0.562, 0.282, 10, -11.956, 0.0302, 0.888, 0.00297, 0.0812, 0.172, 127.964] 0NJ1LV5VblYyJsJt3EbAx7
[0.437, 0.289, 2, -10.749, 0.0521, 0.539, 0, 0.109, 0.434, 102.395] 3zBpEVhApiaNAKOgy1rxY6
[0.545, 0.264, 2, -10.228, 0.0349, 0.893, 2.63e-05, 0.693, 0.159, 128.96] 1LF3VWJhOqD2VuuruLMSmu
[0.596, 0.429, 3, -10.16, 0.0377, 0.774, 0.0107, 0.0962, 0.229, 148.088] 2FL7TC4SZlGZ5GHcFcnHJV
[0.47, 0.451, 5, -9.369, 0.0412, 0.766, 0.000232, 0.108, 0.501, 77.109] 0xVrusjXiWhqSQ5dPoiiWX
[0.6, 0.163, 0, -13.333, 0.0314, 0.956, 0.0239, 0.108, 0.076, 80.052] 4Yj0zFarMIlpNj8eyQPq53
[0.296, 0.249, 2, -12.876, 0.0283, 0.348, 7.41e-05, 0.152, 0.303, 141.198] 30pZDEwDIFm9atVZo8Jlag
[0.532, 0.299, 1, -11.38, 0.0301, 0.83, 4.04e-06, 0.129, 0.11, 118.862] 4UAU42ODxTYJg1cJR0yewL
[0.573, 0.553, 7, -11.031, 0.0371, 0.644, 0.896, 0.0878, 0.567, 122.313] 0oiiHes8LMjKbofgD1aDcA
[0.347, 0.183, 2, -11.149, 0.0338, 0.826, 2.94e-05, 0.126, 0.24, 149.681] 41gy9IvzwghcHdoKHR4PNw
[0.575, 0.286, 10, -7.268, 0.0543, 0.786, 0, 0.123, 0.314, 97.422] 5lE1pKNO1v5diMfRhHHUMn
[0.382, 0.329, 9, -12.021, 0.0344, 0.847, 4.19e-05, 0.105, 0.224, 147.381] 1o6O7ZPptHa5Rv2VEtfAM2
[0.588, 0.2, 11, -14.244, 0.032, 0.848, 0.00492, 0.111, 0.152, 51.945] 1eDkdK7CVn0NRAvKM6xBiY
[0.353, 0.239, 1, -11.059, 0.0296, 0.954, 3.68e-05, 0.131, 0.159, 95.136] 2JxSX1MtCIAxHGlas7ysJs
[0.323, 0.159, 4, -16.517, 0.0332, 0.94, 0.00532, 0.0892, 0.156, 135.68] 1iWmK4jR0AhIZB0gZG3NKA
[0.642, 0.188, 2, -13.124, 0.0432, 0.301, 0.808, 0.109, 0.834, 184.198] 5BtZIvtbJD4FeuxW6sx434
[0.712, 0.31, 5, -12.01, 0.379, 0.96, 0.936, 0.103, 0.303, 156.123] 2cKR957eqapkn6oTaHPFPd
[0.736, 0.212, 2, -24.064, 0.507, 0.623, 0.702, 0.537, 0.805, 119.84] 54nXfazEeJzQSPxbIM6WsN
[0.749, 0.588, 0, -6.558, 0.0762, 0.952, 0.886, 0.152, 0.434, 122.057] 0WMA7dwEojg5fN89EdpcpR
[0.689, 0.469, 0, -11.43, 0.0391, 0.393, 0.877, 0.112, 0.146, 130.182] 2TVVXlOqianxo3AbYe45mn
[0.652, 0.425, 5, -12.598, 0.0358, 0.875, 0.875, 0.0957, 0.588, 87.007] 0Hm8vke3rwzGKm5sBpY762
[0.708, 0.309, 6, -19.536, 0.144, 0.428, 0.87, 0.0843, 0.451, 74.99] 6QOVWoZUD3IEszbfO46mYW
[0.741, 0.145, 4, -25.85, 0.042, 0.29, 0.144, 0.0857, 0.455, 139.937] 3Izj0JRa1iVoMToDqDCYsr
[0.676, 0.487, 9, -7.927, 0.0291, 0.784, 0.236, 0.341, 0.0631, 80.021] 6XsO3D0nDsZxU4mbxZCtUc
[0.652, 0.403, 9, -14.328, 0.0802, 0.871, 0.808, 0.0742, 0.089, 140.012] 28PYwyQETvCDNXMRBFAtzr
[0.429, 0.348, 11, -18.548, 0.102, 0.85, 0.926, 0.0948, 0.054, 83.14] 1dTQhF5m2wB7ACiGPLNqwa
[0.775, 0.257, 2, -11.814, 0.308, 0.724, 0.759, 0.0819, 0.658, 79.965] 1zchrk1boRCyXkUcJ22yQZ
[0.835, 0.359, 0, -12.531, 0.0685, 0.0127, 0.628, 0.112, 0.389, 152.185] 39kdh6z0m3UNDfBqLLiXcz
[0.702, 0.277, 7, -11.708, 0.0466, 0.835, 0.879, 0.121, 0.065, 87.0] 19K24V0kGvNLFYCR8jMs88
[0.616, 0.375, 5, -16.921, 0.0405, 0.905, 0.896, 0.332, 0.333, 159.972] 4c2TiYoJHIjEPZ5syRZhsY
[0.689, 0.175, 5, -17.354, 0.0739, 0.14, 0.853, 0.111, 0.0833, 160.021] 7BlBk4OaMqm36aoLGLSotp
[0.737, 0.144, 0, -16.186, 0.0582, 0.881, 0.948, 0.601, 0.477, 134.06] 3NoA0UbucoXgIdD0ZnTgw0
[0.548, 0.302, 10, -12.869, 0.12, 0.752, 0.893, 0.314, 0.546, 127.159] 5wJmmRVkx1dfghYHOFjT8n
[0.559, 0.31, 5, -10.53, 0.373, 0.526, 0.937, 0.147, 0.395, 188.177] 1GPRmRcadnmINbJlutkseu
[0.539, 0.364, 2, -13.239, 0.0768, 0.85, 0.656, 0.302, 0.759, 80.009] 0x3JF5cqEMI6Sl1EQj0GgS
[0.492, 0.234, 8, -18.824, 0.212, 0.826, 0.885, 0.14, 0.302, 165.798] 2rXh4A15kcTFzXlwdNRLkY
[0.638, 0.373, 4, -11.411, 0.15, 0.29, 0.774, 0.238, 0.0396, 79.007] 3MYLwBjjdVbcj0M7kUGodd
[0.644, 0.512, 10, -12.337, 0.0337, 0.837, 0.934, 0.12, 0.506, 139.946] 2IyZHf11b0mmL3K3jYyqMM
[0.763, 0.314, 5, -16.465, 0.118, 0.557, 0.873, 0.114, 0.509, 141.995] 0sMImBteCIVUKNhcyx3Cyx
[0.457, 0.293, 10, -18.631, 0.0591, 0.916, 0.831, 0.444, 0.0775, 160.224] 2ulWL7DcayhjIa0UOw4v8i
[0.784, 0.389, 9, -8.485, 0.101, 0.842, 0.738, 0.111, 0.648, 89.988] 6WnEp9XsKFq5n88FzFT20Z
[0.684, 0.094, 8, -25.215, 0.218, 0.507, 0.773, 0.113, 0.548, 75.028] 589cCabnAfa9gC0Nsd9g24
[0.804, 0.616, 7, -10.844, 0.0568, 0.122, 0.518, 0.357, 0.459, 99.991] 6WXjgmyJpFklnDQ6k9htCg
[0.755, 0.429, 4, -15.75, 0.204, 0.603, 0.352, 0.0944, 0.131, 71.977] 1RBsx4vh4C75cJlyvbyVDg
[0.819, 0.0484, 6, -10.828, 0.354, 0.916, 0.91, 0.113, 0.422, 87.111] 3LRD83xy49LRTidwhKjbG0
[0.673, 0.444, 11, -10.99, 0.161, 0.709, 0.195, 0.101, 0.279, 133.972] 6K4UmGe34YIIdnmFfSB6jP
[0.567, 0.335, 11, -9.088, 0.175, 0.000179, 0.74, 0.275, 0.135, 148.094] 3gQSWGaCoaxONqXitmn7GX
[0.353, 0.494, 7, -7.982, 0.0548, 0.786, 0.111, 0.61, 0.267, 80.206] 5sdOmuLCfoNiXwUxxcD1nK
[0.406, 0.294, 0, -14.574, 0.0693, 0.612, 0.918, 0.429, 0.386, 65.553] 0Ueq7HrYgIzQ8wcIW6Duzg
[0.732, 0.303, 4, -13.575, 0.057, 0.75, 0.828, 0.141, 0.601, 82.555] 1RT37FnxNmvisZSb6leOCD
[0.637, 0.571, 11, -11.867, 0.17, 0.755, 0.862, 0.104, 0.286, 149.79] 1C4bLgUJIKJroNvSU0hz1R
[0.491, 0.362, 2, -13.321, 0.277, 0.91, 0.881, 0.118, 0.35, 159.002] 4llpWUJEWKHGVZzYv1nYid
[0.637, 0.493, 10, -8.844, 0.145, 0.734, 0.0576, 0.28, 0.477, 125.949] 5hgX8pSZSOcKhsvzldsgWy
[0.686, 0.373, 11, -16.007, 0.118, 0.532, 0.926, 0.075, 0.203, 83.203] 4pI7VTiN59CZnGJUgVZPoy
[0.697, 0.359, 1, -9.709, 0.295, 0.955, 0.899, 0.0915, 0.832, 84.205] 1BFk18jaOtzLU8wKycdXyJ
[0.414, 0.309, 1, -11.858, 0.0343, 0.863, 0.819, 0.0923, 0.184, 90.026] 0rNpm25xLsckCS9JPAgpwP
[0.777, 0.213, 10, -15.491, 0.16, 0.562, 0.889, 0.185, 0.563, 141.19] 4l9S9NFztZ0nrMZyakENh2
[0.44, 0.291, 5, -17.171, 0.0473, 0.812, 0.831, 0.898, 0.0783, 170.085] 66z8EZXSd2VKGHlHX9DZSx
[0.714, 0.41, 11, -7.651, 0.027, 0.0633, 0.0864, 0.128, 0.356, 97.002] 2AuHTUSBMMNVHeO93a6n25
[0.594, 0.601, 2, -7.05, 0.146, 0.913, 0.894, 0.123, 0.0873, 78.711] 4pWYPWCnchdW4PdDRQ1eW7
[0.615, 0.424, 11, -12.324, 0.114, 0.968, 0.809, 0.106, 0.178, 159.033] 5n16dEoZ1OwdpqOIK13m1X
[0.772, 0.502, 10, -13.254, 0.0291, 0.371, 0.922, 0.0917, 0.145, 152.031] 5utrtANUaATItHm4Twgp6Z
[0.499, 0.223, 6, -14.612, 0.202, 0.813, 0.952, 0.143, 0.47, 68.725] 0FM0FUcs3KpF4BIEv5jYNg
[0.804, 0.164, 4, -14.07, 0.0492, 0.0365, 0.831, 0.0927, 0.419, 126.953] 5nKSxq2yNgQLtgzqJxPn41
[0.819, 0.289, 5, -9.791, 0.417, 0.935, 0.918, 0.101, 0.371, 85.02] 4SPUVPV2Db8B5xDaFWg9rD
[0.212, 0.538, 4, -9.953, 0.0841, 0.218, 0.936, 0.155, 0.0395, 61.284] 4zMdab1CnihodiQ9WKYYlC
[0.816, 0.197, 11, -13.593, 0.25, 0.566, 0.831, 0.104, 0.613, 91.175] 7gPv2r8S7hBwRk4Fw16Fcz
[0.55, 0.531, 11, -7.094, 0.239, 0.766, 0.589, 0.381, 0.328, 71.454] 76Yal7OOUDF3iaqchERzMf
[0.374, 0.237, 6, -10.796, 0.163, 0.957, 0.822, 0.088, 0.417, 83.271] 4XDlW5QgLKZupaJ5VvacsP
[0.886, 0.232, 6, -9.919, 0.4, 0.247, 0.906, 0.114, 0.661, 130.015] 6Yp6bCLd4IWur1yL2Xirrk
[0.895, 0.165, 0, -14.135, 0.239, 0.319, 0.793, 0.167, 0.581, 130.044] 1e92VSkCg0HIFwyxnDCfje
[0.352, 0.238, 0, -18.408, 0.1, 0.97, 0.586, 0.0664, 0.0376, 72.649] 6okflAl3X7elXPx7MgJMi6
[0.65, 0.157, 9, -16.649, 0.0314, 0.828, 0.935, 0.0758, 0.159, 104.999] 6IcCj3Rs4uYU3rA7IP8TPy
[0.627, 0.392, 4, -10.554, 0.0299, 0.888, 0.551, 0.108, 0.28, 85.024] 2w34gUbQkOqiPX3d5iji8C
[0.877, 0.278, 5, -13.194, 0.131, 0.234, 0.812, 0.111, 0.551, 79.187] 0Ucp9R4EEzAWsphalR0wLH
[0.453, 0.425, 1, -13.757, 0.408, 0.742, 0.0478, 0.324, 0.359, 80.368] 7Bj1vOev2wuPhoOZXQbHAb
[0.538, 0.448, 8, -10.568, 0.285, 0.563, 0.916, 0.14, 0.518, 82.985] 4UVPZVegkvVUEytaViWdym
[0.727, 0.482, 7, -8.282, 0.0673, 0.509, 0.688, 0.193, 0.542, 80.004] 43u2nrHfKmxQZwkQ3LAMG6
[0.448, 0.466, 3, -10.93, 0.255, 0.76, 0.108, 0.0955, 0.563, 162.688] 6gIPjfVx0TRu7OQYgGAS9M
[0.609, 0.307, 11, -18.476, 0.302, 0.884, 0.927, 0.0984, 0.674, 201.995] 5TqmsQwyYox0D7XHLQJzMM
[0.707, 0.34, 10, -14.141, 0.0733, 0.929, 0.135, 0.115, 0.212, 77.822] 0zG88msHnVqSfHOb14KNSW
[0.581, 0.465, 10, -9.416, 0.0306, 0.317, 0.94, 0.29, 0.623, 170.349] 034ZKE6KJpa8yVpAPQ9AMT
[0.639, 0.359, 8, -8.64, 0.0662, 0.0839, 0.769, 0.116, 0.149, 91.094] 2JWTVS3ndZcwJrabnCAWvD
[0.601, 0.185, 0, -19.246, 0.0518, 0.935, 0.86, 0.524, 0.634, 165.981] 5CM5Z9GvrivuJs50a2T4hM
[0.895, 0.394, 3, -7.571, 0.12, 0.293, 0.732, 0.139, 0.283, 84.012] 5wDX4ZPOGPJY3e5sJWtYVu
[0.484, 0.576, 1, -8.431, 0.663, 0.582, 0.0301, 0.306, 0.317, 78.303] 0LWlhQwduzn48itDPT2yY8
[0.811, 0.103, 2, -14.053, 0.0894, 0.119, 0.867, 0.0947, 0.4, 87.976] 6CSAEJpYH1KIYU2O5CtDWP
[0.803, 0.516, 3, -10.449, 0.276, 0.691, 0, 0.359, 0.763, 129.992] 0CRvxanMIC7bfn7yCadUhH
[0.575, 0.226, 5, -12.545, 0.088, 0.535, 0, 0.347, 0.395, 119.984] 2tw0XH9LfAmDf0H5IY8O4I
[0.669, 0.442, 7, -9.195, 0.0586, 0.851, 0.432, 0.0848, 0.293, 82.999] 00rMxNO6kyH3bKclgD1h9j
[0.801, 0.331, 5, -7.606, 0.194, 0.502, 0.881, 0.0871, 0.486, 82.993] 7Ml3iunPsZp956PRJejfwh
[0.486, 0.417, 11, -11.264, 0.201, 0.225, 0.703, 0.113, 0.373, 158.456] 2CV77OcQKuLah4ZRCbgYoH
[0.872, 0.411, 7, -11.153, 0.306, 0.659, 0.836, 0.235, 0.314, 123.957] 1vlBi0s11E34l51MhZ63f1
[0.684, 0.295, 4, -12.773, 0.077, 0.563, 0.577, 0.111, 0.47, 118.009] 5B1tm4NuzSbYUTwk0xEz2a
[0.784, 0.312, 4, -14.648, 0.0513, 0.576, 0.851, 0.128, 0.63, 129.94] 5rBQIzDduJsmDbZ97gqWEW
[0.797, 0.0832, 11, -12.673, 0.203, 0.484, 0.81, 0.239, 0.51, 160.048] 2pZi2b9U8r20AF0Cf3hi2D
[0.644, 0.449, 6, -12.058, 0.118, 0.441, 0.809, 0.179, 0.431, 77.968] 4WhFfWqkjp6rgVZUuhdHZW
[0.644, 0.548, 3, -7.459, 0.0621, 0.0926, 0.871, 0.0708, 0.179, 129.954] 6TPyiwzayKHCRJP2JL53oS
[0.75, 0.161, 10, -15.377, 0.151, 0.885, 0.894, 0.108, 0.51, 139.783] 204Cz11OgZuJzunZZs0yno
[0.653, 0.339, 11, -11.439, 0.0393, 0.232, 0.772, 0.0813, 0.258, 130.001] 69QGRreL8XpWLoa0WMYOvm
[0.702, 0.186, 11, -13.187, 0.0567, 0.389, 0.625, 0.0972, 0.1, 90.032] 3rJseeMbvzjmFMTovaILOL
[0.429, 0.205, 1, -15.624, 0.0395, 0.585, 0.899, 0.121, 0.395, 78.039] 5UugqccKDPZBjyiS6fgXBN
[0.558, 0.505, 6, -10.96, 0.223, 0.122, 0.529, 0.31, 0.688, 56.705] 1AzfhvDwYiu9SdtKvIJcXk
[0.781, 0.335, 10, -9.921, 0.202, 0.348, 0.916, 0.19, 0.552, 87.987] 5Pxb3DpymMiRl8JDiOXTPE
[0.664, 0.406, 10, -11.968, 0.0337, 0.563, 0.496, 0.106, 0.289, 105.036] 19umVTVtQDDhqjnJjsSByX
[0.676, 0.687, 10, -11.292, 0.0452, 0.89, 0.914, 0.124, 0.295, 85.014] 0mU2FFAoymgpzK707A9Pe9
[0.761, 0.472, 4, -9.498, 0.0318, 0.324, 0.899, 0.106, 0.154, 139.997] 0hn3RmINKOmCNSw2sUYOaK
[0.759, 0.375, 0, -11.98, 0.198, 0.882, 0.949, 0.107, 0.459, 91.02] 7cCenuCBDAKhWhgwPcmXfi
[0.701, 0.268, 0, -10.097, 0.0472, 0.897, 0.669, 0.0871, 0.382, 172.001] 2kUZIJjxsGvwTOgVFoR3m1
[0.478, 0.483, 11, -10.506, 0.0665, 0.198, 0.923, 0.127, 0.362, 168.856] 6e9PEl2mvN7I9sflyuBfv8
[0.563, 0.223, 3, -12.847, 0.155, 0.823, 0.915, 0.0674, 0.282, 210.466] 1HotUdQCsIp0MCnhxjMM4d
[0.816, 0.368, 9, -14.382, 0.202, 0.558, 0.947, 0.0917, 0.463, 160.0] 5yWzJwzvU2wYds2v9AgSWS
[0.727, 0.366, 9, -7.864, 0.158, 0.72, 0.902, 0.109, 0.545, 173.918] 4EeLLzkXEADfwvi5TcAbRD
[0.604, 0.0649, 1, -13.883, 0.16, 0.451, 0.887, 0.0909, 0.243, 75.993] 2IJhYr0BbtJAnAEzXC6qhU
[0.599, 0.733, 11, -7.058, 0.203, 0.176, 0, 0.242, 0.534, 102.211] 7COXchtUOMd6uIT6HvmRaI
[0.773, 0.699, 1, -5.982, 0.0958, 0.488, 3.6e-06, 0.0814, 0.513, 104.941] 4BiiOzZCrXEzHRLYcYFiD5
[0.574, 0.758, 1, -5.029, 0.0621, 0.0969, 0, 0.395, 0.492, 144.111] 5JEx7HbmvHQQswJCsoo9rA
[0.741, 0.52, 8, -7.513, 0.0656, 0.45, 1.97e-06, 0.222, 0.347, 102.998] 6Qs4SXO9dwPj5GKvVOv8Ki
[0.726, 0.708, 7, -6.908, 0.356, 0.303, 0, 0.348, 0.417, 105.084] 7wvYmO5QscgIDDT0eNwbYX
[0.551, 0.44, 10, -8.559, 0.0985, 0.606, 3.02e-05, 0.11, 0.341, 167.923] 5kfNriitmkNE8mUbZ7gbq8
[0.701, 0.425, 7, -10.965, 0.375, 0.328, 0.13, 0.1, 0.562, 135.128] 2Fxmhks0bxGSBdJ92vM42m
[0.691, 0.716, 7, -5.985, 0.0351, 0.0085, 9.06e-06, 0.263, 0.507, 112.035] 5a8RPWgKSmcGBGcffmIrUi
[0.601, 0.794, 7, -5.844, 0.0671, 0.00987, 1.36e-06, 0.388, 0.244, 114.066] 27rdGxbavYJeBphck5MZAF
[0.652, 0.557, 1, -5.714, 0.0318, 0.74, 0, 0.124, 0.483, 150.073] 2qxmye6gAegTMjLKEBoR3d
[0.56, 0.68, 6, -7.648, 0.321, 0.555, 0, 0.116, 0.319, 89.391] 0d2iYfpKoM0QCKvcLCkBao
[0.567, 0.696, 9, -5.416, 0.301, 0.456, 0, 0.113, 0.544, 92.061] 2n48BjaFSczfeIG3HaIaPv
[0.755, 0.625, 2, -7.114, 0.0896, 0.49, 0, 0.157, 0.374, 147.02] 2hnxrRNzF74mdDzpQZQukQ
[0.674, 0.881, 9, -2.853, 0.147, 0.296, 3.01e-06, 0.0793, 0.234, 98.994] 5WHTFyqSii0lmT9R21abT8
[0.719, 0.493, 11, -7.718, 0.0351, 0.182, 0, 0.0666, 0.734, 97.488] 30QNbMNYxPL78w2jLZdRdv
[0.376, 0.24, 6, -9.79, 0.045, 0.941, 0.0163, 0.126, 0.202, 78.787] 3eVuglKxN2sjoIGHAsFAge
[0.689, 0.679, 7, -5.893, 0.0517, 0.195, 0.00111, 0.224, 0.475, 149.972] 2YyvWje3cEYyqgYhNUIaBJ
[0.79, 0.506, 7, -7.052, 0.118, 0.146, 0, 0.0876, 0.456, 105.018] 7BZeyb1wPX9t78rWbLWiky
[0.752, 0.488, 6, -7.05, 0.0705, 0.297, 9.11e-06, 0.0936, 0.533, 136.041] 5p7ujcrUXASCNwRaWNHR1C
[0.659, 0.696, 11, -5.253, 0.0562, 0.417, 0, 0.0948, 0.609, 124.912] 5Fyjxarrx6ZFrZ2DHte8Z5
[0.757, 0.832, 4, -3.318, 0.0758, 0.0384, 0.00241, 0.661, 0.386, 125.894] 5vsRm2aCBl5T2qdpvwtrf6
[0.506, 0.693, 0, -7.265, 0.0412, 0.584, 9.58e-05, 0.0891, 0.221, 139.912] 3nc420PXjTdBV5TN0gCFkS
[0.584, 0.407, 1, -7.356, 0.046, 0.476, 0, 0.18, 0.341, 115.124] 5rFj8OzffT0iggSjcBaeND
[0.791, 0.565, 5, -3.933, 0.0439, 0.0623, 0, 0.156, 0.181, 99.961] 5icOoE6VgqFKohjWWNp0Ac
[0.611, 0.52, 0, -5.445, 0.0346, 0.0132, 0, 0.105, 0.771, 159.927] 6GzApXoBQiiAjak3tOQfV3
[0.518, 0.467, 0, -6.184, 0.0302, 0.662, 0, 0.0853, 0.386, 132.854] 5WtfUKzXircvW8l5aaVZWT
[0.745, 0.477, 11, -7.706, 0.088, 0.202, 0, 0.12, 0.454, 136.055] 2qXicQG06oT0ijKBznpgQv
[0.654, 0.528, 6, -6.224, 0.0412, 0.0599, 7.14e-05, 0.0975, 0.376, 82.014] 2CTN6UuO2dNEVZXR0DJVk2
[0.75, 0.731, 10, -7.366, 0.0368, 0.066, 0.267, 0.12, 0.471, 107.999] 4TJweEhnTMkfOdavXx5RRG
[0.689, 0.503, 8, -10.061, 0.101, 0.195, 0.232, 0.0678, 0.0634, 116.079] 1A4tabNlyLKLOHQW2XpjaU
[0.681, 0.34, 7, -8.617, 0.0339, 0.82, 0, 0.285, 0.417, 129.98] 1Fo4OvzP9PThFKMeMIAEYu
[0.638, 0.411, 2, -5.979, 0.042, 0.55, 0, 0.141, 0.158, 96.969] 22pBf2FVR5WYMcZ1ROSINP
[0.818, 0.445, 5, -7.467, 0.23, 0.718, 3.88e-05, 0.108, 0.423, 95.944] 1m7XbKhOvJst478ms8yUrr
[0.701, 0.512, 0, -6.869, 0.0969, 0.235, 5.07e-06, 0.135, 0.663, 91.947] 5vnpANH92iEajvGwE2oQ6r
[0.383, 0.637, 3, -6.993, 0.0703, 0.0722, 0, 0.368, 0.0827, 177.913] 1erDNx55IWAE9OYuBTRYgc
[0.752, 0.706, 5, -6.274, 0.0636, 0.0797, 0.000752, 0.129, 0.33, 125.041] 507tQXutCPYNFkpOq8tmKF
[0.668, 0.515, 7, -6.033, 0.25, 0.046, 0, 0.17, 0.64, 86.505] 7AssxKowBMbJidVrfUwk1m
[0.537, 0.647, 2, -7.37, 0.0519, 0.168, 0, 0.108, 0.531, 79.77] 0LcNMuOiULmxJK3bdHTfDF
[0.558, 0.734, 1, -6.262, 0.0478, 0.148, 0.00523, 0.251, 0.285, 159.97] 3yPe9q1JY5Jlx7yrkGquWX
[0.741, 0.466, 4, -7.258, 0.0357, 0.558, 0, 0.0583, 0.351, 102.058] 54iSfkh69fxhnSNrgvTEBp
[0.618, 0.693, 1, -7.889, 0.333, 0.44, 0.759, 0.101, 0.439, 143.98] 29uWfSrklmIxzRIqFFK9jj
[0.782, 0.564, 8, -7.752, 0.226, 0.164, 0.00689, 0.182, 0.448, 101.058] 3PMsgFdVtCeTgjzE8X9TTs
[0.62, 0.448, 0, -7.641, 0.0459, 0.473, 0, 0.0917, 0.306, 126.94] 0FomDJEJ8NUEMYOfZeYjkH
[0.696, 0.429, 1, -8.736, 0.0554, 0.0518, 0, 0.128, 0.242, 149.967] 1Pz3QmQFBFuI60rxCQBeW6
[0.499, 0.181, 9, -15.359, 0.0429, 0.745, 0.00123, 0.106, 0.0747, 111.956] 1tT55K6VEyO6XFDxK4lDQe
[0.567, 0.544, 6, -8.476, 0.107, 0.0235, 0.00215, 0.0934, 0.526, 126.366] 7Db4ViXHhXYznDDRdfX2VB
[0.604, 0.546, 8, -5.691, 0.151, 0.0889, 0, 0.0734, 0.402, 179.847] 0DC7Zs2qvAbNK1owWQ4mlL
[0.64, 0.321, 0, -14.604, 0.0931, 0.693, 0.0307, 0.114, 0.177, 145.045] 7wC5eZcFS1Q1BsQ35DU6H4
[0.673, 0.744, 6, -7.792, 0.039, 0.292, 1.04e-06, 0.0813, 0.49, 128.054] 6ouFwMz5ogUobB5PqtKqUX
[0.6, 0.535, 4, -7.043, 0.107, 0.648, 4.7e-06, 0.162, 0.269, 71.912] 0CZ8lquoTX2Dkg7Ak2inwA
[0.693, 0.604, 11, -5.279, 0.0427, 0.0668, 0, 0.114, 0.651, 75.014] 6Yx181fZzA0YE2EkUsYruq
[0.68, 0.547, 8, -4.762, 0.0414, 0.539, 0, 0.0877, 0.641, 142.053] 7kStxK6rzxka5SRlg1lzhz
[0.53, 0.444, 0, -9.779, 0.0338, 0.669, 0, 0.142, 0.165, 122.917] 7yOv1YISwpujFFQm6blOts
[0.518, 0.465, 0, -5.903, 0.0273, 0.834, 0, 0.203, 0.302, 93.024] 4zb3kFL9fXrrfTwIY4CcDy
[0.802, 0.645, 5, -6.181, 0.0715, 0.272, 0, 0.119, 0.376, 100.001] 6nDKrPlXdpomGBgAlO7UdP
[0.613, 0.739, 10, -6.478, 0.0311, 0.526, 0, 0.149, 0.712, 104.966] 2BkyYZmU4JuWW2sYi9EzpC
[0.503, 0.741, 4, -5.128, 0.047, 0.579, 1.49e-06, 0.0712, 0.458, 88.335] 4keoy2fqgwGnbWlm3ZVZFa
[0.545, 0.492, 11, -9.102, 0.0324, 0.298, 0, 0.358, 0.203, 93.937] 7o9excfum2cULCaPpHa2Hh
[0.615, 0.839, 4, -5.416, 0.142, 0.027, 7.32e-05, 0.916, 0.782, 195.918] 6OoRvnnief3Huz9mtUIVDk
[0.798, 0.175, 0, -12.603, 0.0594, 0.603, 0, 0.625, 0.633, 93.994] 6fFTPGGItuEpjwXRUIr4rk
[0.413, 0.14, 4, -17.066, 0.0335, 0.775, 0.721, 0.121, 0.159, 84.824] 2bqjTFu2VeFyk4EjP53ZzR
[0.715, 0.00295, 11, -29.456, 0.071, 0.995, 0.953, 0.0698, 0.44, 137.798] 1IfsSgpOy1pLK7NfxMkn0k
[0.177, 0.0375, 8, -27.763, 0.0412, 0.946, 0.859, 0.0786, 0.0381, 119.312] 6A7EPSz044QNtHDZejvezm
[0.281, 0.327, 1, -17.301, 0.0388, 0.978, 0.898, 0.13, 0.0384, 94.014] 2b76XfK27eexnhEAVYFTtL
[0.121, 0.0445, 0, -18.866, 0.0385, 0.98, 0.782, 0.103, 0.0391, 80.196] 7hBSOLMkM0ZptZpqcWNLhj
[0.132, 0.0324, 8, -23.953, 0.0352, 0.961, 0.963, 0.103, 0.0918, 99.138] 5921nMZXq52f54Jv57BE80
[0.353, 0.0993, 5, -25.317, 0.0372, 0.981, 0.928, 0.121, 0.123, 138.135] 1NY2tT1A7uZwchez1vBShQ
[0.213, 0.314, 0, -11.876, 0.0381, 0.838, 0.986, 0.145, 0.0359, 137.991] 4lVMEMn8E6GG9dLoXJ4bmB
[0.31, 0.0965, 8, -21.503, 0.0406, 0.855, 0.911, 0.111, 0.0597, 81.816] 7sja76lX8ntiFjv7iDxX5d
[0.211, 0.0832, 0, -26.206, 0.041, 0.938, 0.956, 0.067, 0.0627, 99.34] 7uTmy9bindpm5YqE8sFFuj
[0.208, 0.134, 3, -18.42, 0.0337, 0.992, 0.934, 0.132, 0.126, 170.241] 0NVsz5lExNqzVDznhdPlU8
[0.475, 0.068, 3, -20.915, 0.0401, 0.949, 0.908, 0.106, 0.0451, 117.795] 4pRiULkvghCp6XM3U5t2d8
[0.226, 0.0315, 0, -27.615, 0.034, 0.989, 0.964, 0.124, 0.0381, 91.988] 2IAZza3wdiTYT8QtO0hbLv
[0.151, 0.0422, 0, -24.499, 0.0444, 0.964, 0.959, 0.0877, 0.0326, 136.114] 1Naf16ekAHVTzYhhxoZCnQ
[0.0951, 0.0872, 7, -24.168, 0.0371, 0.944, 0.96, 0.0905, 0.0389, 87.653] 75D9esOK7ASfcREQAvbtql
[0.182, 0.0122, 0, -31.538, 0.0554, 0.984, 0.863, 0.112, 0.0394, 71.924] 115ru7wGzA35uZbxBi9Z2R
[0.154, 0.0749, 7, -21.825, 0.0386, 0.909, 0.909, 0.15, 0.037, 141.576] 7b6m6SfdSYRni8UqEpCqXd
[0.144, 0.116, 11, -26.927, 0.0641, 0.623, 0.913, 0.0918, 0.0444, 58.048] 5M2vSYhLSDww1n3x2zB1qN
[0.0779, 0.045, 8, -27.206, 0.0409, 0.953, 0.96, 0.0947, 0.0489, 73.201] 6yRZCKQhCK7DhW8Sausx3G
[0.618, 0.116, 2, -17.498, 0.0344, 0.476, 0.828, 0.114, 0.131, 134.992] 5NRhAVJrW5o4FK1OKKgbgQ
[0.165, 0.0841, 2, -19.562, 0.0453, 0.676, 0.812, 0.341, 0.0375, 90.434] 7fqVkGIea2Kb58i2Oajz3Z
[0.176, 0.0724, 10, -25.658, 0.0394, 0.858, 0.914, 0.111, 0.0397, 132.939] 3KKfFCcEjSp4sKqhHjUUGJ
[0.347, 0.0824, 10, -28.045, 0.0441, 0.798, 0.907, 0.108, 0.0625, 91.965] 3sd7ll6yI6IseTtY9KL17y
[0.112, 0.00429, 9, -35.946, 0.0469, 0.978, 0.963, 0.109, 0.0417, 93.895] 1QIP7NFwHzcIzWYF8UceTh
[0.0767, 0.353, 4, -15.789, 0.0358, 0.856, 0.977, 0.0979, 0.0396, 80.754] 7HCGfz3leU10zPm0DaCgjD
[0.142, 0.0627, 0, -26.018, 0.0313, 0.935, 0.946, 0.107, 0.161, 72.233] 7shaAWoMynqd7PnZy0rVMU
[0.236, 0.0421, 1, -23.147, 0.0407, 0.99, 0.983, 0.101, 0.151, 133.484] 2Eu6DSGNgCzeOVKkcwX3rn
[0.258, 0.00379, 7, -29.298, 0.0531, 0.99, 0.949, 0.0853, 0.0812, 77.828] 6k1DasduiT5LjawgYPg3pF
[0.1, 0.196, 10, -17.89, 0.0379, 0.812, 0.827, 0.11, 0.0357, 87.955] 0whxteXpbXv6WUTOfAtmZb
[0.528, 0.267, 5, -16.381, 0.0294, 0.871, 0.891, 0.136, 0.143, 76.026] 3pYerL8vEQPiWRRlNFy1Aj
[0.107, 0.0888, 10, -25.47, 0.0346, 0.989, 0.953, 0.377, 0.181, 91.065] 448vZRidoOl0wUKibsp0vI
[0.276, 0.00925, 6, -28.454, 0.0406, 0.994, 0.848, 0.0621, 0.0761, 72.89] 1qgpt8lrYErtEnEtsMDINX
[0.609, 0.0761, 0, -21.284, 0.0624, 0.993, 0.909, 0.0953, 0.306, 142.417] 5EhmLz25rdgm13G1C3KQ8J
[0.174, 0.0368, 0, -24.72, 0.0341, 0.938, 0.852, 0.111, 0.0661, 132.606] 0pYcmN2XmJSWNEvjgGFodh
[0.221, 0.176, 0, -23.843, 0.0413, 0.978, 0.975, 0.0871, 0.114, 97.489] 4Oq5aPBtJiMu6h85JhMWQD
[0.566, 0.139, 0, -22.174, 0.0371, 0.829, 0.937, 0.112, 0.295, 141.963] 4piid7tPoN2WkIqAxathMC
[0.239, 0.0472, 4, -24.228, 0.0562, 0.949, 0.935, 0.0802, 0.0389, 69.666] 17Wjmh3nZzAywevzFHqJnx
[0.337, 0.045, 7, -19.911, 0.0351, 0.981, 0.875, 0.0988, 0.0426, 124.0] 6vF8kVQyIfX4m4522NMRhw
[0.25, 0.0718, 2, -22.882, 0.0366, 0.963, 0.911, 0.107, 0.0321, 79.095] 4WhIolA8dRtYykr9WlrVTP
[0.409, 0.0524, 0, -21.12, 0.0398, 0.573, 0.905, 0.109, 0.0628, 120.338] 3RgJFCRiCjyh6CKdo9B38T
[0.406, 0.104, 8, -20.798, 0.031, 0.954, 0.932, 0.2, 0.167, 131.387] 0V0lsyEd6xIeCivMSXrQjM
[0.266, 0.0205, 3, -29.372, 0.0358, 0.928, 0.907, 0.113, 0.107, 69.839] 1mYTROYR85RaiaVEtQztis
[0.294, 0.103, 0, -25.995, 0.0428, 0.932, 0.876, 0.117, 0.0799, 80.042] 0wC1BZ0DfoMsjx2euPFs33
[0.07, 0.0111, 8, -31.894, 0.0461, 0.991, 0.99, 0.11, 0.039, 74.409] 0A1htQw9Sn33XA1cSqFS7j
[0.423, 0.0693, 0, -16.48, 0.0391, 0.979, 0.896, 0.0835, 0.185, 112.968] 2gDJJdXNsMV81Fi3QeOJrJ
[0.121, 0.0818, 3, -25.055, 0.0433, 0.932, 0.96, 0.091, 0.0363, 80.232] 04lDOxJeMbYjkTVx9TbJsb
[0.395, 0.196, 2, -17.925, 0.0394, 0.44, 0.888, 0.071, 0.0392, 120.014] 0YJqeKUWlebXJ0x3EdZ44F
[0.198, 0.0896, 0, -22.586, 0.036, 0.912, 0.963, 0.111, 0.0361, 103.571] 0AkNHX0hwk0hQs21fXgqIK
[0.331, 0.000585, 6, -33.213, 0.0513, 0.993, 0.849, 0.127, 0.0739, 76.873] 4E0yiWum59pIWFOYhMSmH1
[0.141, 0.0646, 4, -21.823, 0.0435, 0.978, 0.94, 0.0881, 0.0343, 68.364] 2tl1FkMOJBxILCVsIWO5gg
[0.106, 0.0378, 3, -26.664, 0.0433, 0.991, 0.899, 0.102, 0.146, 70.982] 7FCQhz7BwZCq8d9MyBBMJj
[0.176, 0.0398, 1, -24.188, 0.0413, 0.992, 0.98, 0.104, 0.0337, 64.676] 3eaEuqQtXFAhd7LSp5dbtI
[0.341, 0.193, 2, -19.045, 0.0313, 0.807, 0.911, 0.103, 0.0512, 73.893] 7b6qu36Wl8dWRjMDb0C1CD
[0.174, 0.0982, 7, -24.226, 0.0357, 0.969, 0.886, 0.0946, 0.0691, 84.758] 4W32rsZmiMjiMwEnDKrdhs
[0.179, 0.046, 1, -28.349, 0.042, 0.991, 0.95, 0.0802, 0.0767, 174.311] 755s9TyTwH8mxtrN8fmbkz
[0.312, 0.0305, 7, -16.07, 0.0489, 0.989, 0.901, 0.11, 0.063, 140.654] 4iYe0r85W043bRwcI7avQk
[0.385, 0.117, 4, -14.144, 0.0344, 0.536, 0.882, 0.121, 0.038, 77.007] 20W2GxM3MViB7WvJVzPXIZ
[0.166, 0.171, 5, -27.129, 0.0355, 0.905, 0.966, 0.13, 0.0377, 70.005] 4Dj3FMZMMBXCxNkJ25o2Ta
[0.131, 0.173, 4, -22.839, 0.0395, 0.976, 0.947, 0.388, 0.052, 85.912] 4gIkhmRSrvTltuBGYVp3TX
[0.154, 0.226, 1, -19.43, 0.036, 0.459, 0.787, 0.109, 0.0372, 70.723] 6l8Xxuu9DMIEzZqfvedNZA
[0.252, 0.00316, 0, -30.221, 0.0525, 0.993, 0.896, 0.078, 0.0453, 71.717] 0iRwhMd8Dk4D6HBVsU5Mei
[0.127, 0.0273, 8, -29.272, 0.0461, 0.979, 0.832, 0.109, 0.0668, 82.439] 6QkNz8cAf8Bo8DuExHAWPj
[0.379, 0.0836, 11, -22.86, 0.0273, 0.715, 0.811, 0.0831, 0.0371, 89.986] 4rCZ6DbEq18AT1AFSN6v4U
[0.127, 0.0175, 9, -28.078, 0.0364, 0.943, 0.913, 0.11, 0.0702, 73.207] 31iuZioQE8Ujyqy5Dt86cK
[0.529, 0.165, 1, -19.865, 0.0291, 0.818, 0.83, 0.18, 0.05, 180.049] 71SzBCkRxi2WDSqz2suTbd
[0.217, 0.141, 11, -19.913, 0.0369, 0.968, 0.835, 0.111, 0.0732, 117.029] 7q9ehvNtDAyhFFD7w9L4yo
[0.382, 0.152, 2, -14.997, 0.0333, 0.898, 0.943, 0.0954, 0.0762, 110.035] 2V2KniBSfVfrmXGqzPvHrh
[0.115, 0.0293, 2, -31.942, 0.043, 0.54, 0.814, 0.0912, 0.0388, 74.823] 5qGa6klw09gmP6cdKnK65C
[0.147, 0.238, 6, -17.459, 0.0423, 0.947, 0.94, 0.0993, 0.0637, 70.609] 0KrWEPKsFiOEmNZz5suMIZ
[0.623, 0.212, 0, -19.103, 0.0289, 0.797, 0.883, 0.111, 0.0343, 110.979] 2EvYmRIU1l9PsAxfsj0dMS
[0.273, 0.0937, 0, -18.299, 0.0295, 0.937, 0.877, 0.571, 0.0674, 101.122] 03pNADmVS4hTMfr4eUrui0
[0.0734, 0.0631, 8, -29.76, 0.0412, 0.736, 0.838, 0.127, 0.0302, 73.839] 0zvKftZANAlayI64zAQSag
[0.453, 0.662, 2, -7.324, 0.0299, 0.865, 0.912, 0.192, 0.209, 172.231] 6R2uB1qjMmsak7jWdJ5Vq0
[0.151, 0.144, 0, -18.762, 0.0357, 0.972, 0.917, 0.117, 0.0398, 94.036] 5ZAJoaoiu3KJ7OoTio2OEU
[0.516, 0.00272, 2, -21.946, 0.038, 0.981, 0.935, 0.112, 0.545, 69.979] 0RKKmPT9RdckprufUrIDfL
[0.476, 0.124, 4, -18.722, 0.033, 0.814, 0.863, 0.124, 0.0398, 146.016] 5u0STWxn6D1SI0nxhKHzgu
[0.508, 0.514, 9, -11.14, 0.0296, 0.525, 0.881, 0.0961, 0.263, 139.993] 4Lc8vTUzHmT8umKMXLiIOT
[0.463, 0.192, 2, -18.888, 0.0373, 0.976, 0.946, 0.093, 0.066, 114.133] 0u7ghYOO8OSamsX8yakIVw
[0.537, 0.523, 0, -9.807, 0.0259, 0.589, 0.92, 0.107, 0.0884, 115.044] 01zd6N3yOLYqvvs1cNymlG
[0.314, 0.233, 1, -16.374, 0.0402, 0.822, 0.91, 0.142, 0.153, 115.525] 2VFBT8eSZZ6a9AQ2Kk3qTt
[0.532, 0.0719, 8, -18.511, 0.0646, 0.993, 0.942, 0.119, 0.153, 78.474] 4sIMKF0bpWKADQSsGG7UNX
[0.594, 0.153, 7, -17.814, 0.0419, 0.952, 0.94, 0.11, 0.295, 163.973] 0nn0W0kKftbGhXXYUoQogt
[0.161, 0.122, 10, -22.329, 0.0367, 0.951, 0.978, 0.0916, 0.0351, 86.119] 3jg4Z0yPJsVx5M3BOYkBS0
[0.603, 0.0442, 3, -23.59, 0.0332, 0.991, 0.928, 0.114, 0.0588, 122.065] 35D8XnBAgGbRzSiHhAzgxE
[0.256, 0.117, 5, -20.837, 0.0335, 0.953, 0.907, 0.348, 0.0368, 73.981] 2cO6VMy18CJgz4nR4rncoA
[0.339, 0.017, 2, -31.65, 0.0384, 0.748, 0.788, 0.0835, 0.0563, 129.935] 5498QvGnwpoaGd6wM0MFuN
[0.266, 0.0638, 0, -17.688, 0.0349, 0.995, 0.925, 0.109, 0.0437, 72.853] 0Nz8av1JB2HnG35kNljUUL
[0.193, 0.0433, 2, -28.752, 0.0387, 0.972, 0.834, 0.0975, 0.166, 126.16] 402eCegPnC05HLdbx6Ds3r
[0.0941, 0.0136, 1, -32.366, 0.0556, 0.956, 0.972, 0.111, 0.0369, 86.988] 0eSPiQti8aKO3LqDG34FIP
[0.298, 0.00379, 7, -30.092, 0.0454, 0.992, 0.937, 0.091, 0.0773, 68.373] 6C5rLXFMuPObWazzfoBisf
[0.246, 0.222, 2, -16.938, 0.0389, 0.949, 0.907, 0.075, 0.0945, 70.007] 39yECTuEFWEYfCWcem5stT
[0.218, 0.0191, 1, -26.145, 0.0404, 0.945, 0.967, 0.112, 0.109, 117.77] 2AorwcM25R5qsP3MLeOJcA
[0.397, 0.154, 0, -21.827, 0.0376, 0.949, 0.918, 0.0945, 0.0886, 146.777] 1iuCbnlbFAz9ai8FkJL0O7