[0.427, 0.665, 2, -8.515, 0.0405, 0.0145, 0.00242, 0.699, 0.442, 142.702] 4cCQ0wBIc9YHhvOWvWNj7S
[0.546, 0.529, 9, -13.6, 0.0436, 0.0629, 0.000567, 0.0383, 0.574, 151.727] 2X6gdRlGOQgfaXU9ALUQFQ
[0.414, 0.404, 0, -9.928, 0.0499, 0.271, 0, 0.3, 0.224, 71.105] 1AhDOtG9vPSOmsWgNW0BEY
[0.289, 0.902, 2, -8.442, 0.137, 0.263, 0.00497, 0.584, 0.335, 136.315] 3MHwnlgUI6R1wSamJ60Mi2
[0.71, 0.763, 0, -6.693, 0.0279, 0.402, 9.63e-05, 0.0581, 0.508, 115.579] 5uujhDA7WTFfGBkLh491KI
[0.372, 0.865, 2, -4.918, 0.0381, 0.000453, 0, 0.234, 0.478, 174.53] 5wj4E6IsrVtn8IBJQOd0Cl
[0.69, 0.54, 4, -10.516, 0.0317, 0.218, 0.00657, 0.115, 0.764, 114.846] 6i8ecOsx4J2Px1maiqzqoG
[0.951, 0.53, 5, -6.594, 0.178, 0.115, 0.179, 0.17, 0.699, 109.979] 57JVGBtBLCfHw2muk5416J
[0.162, 0.867, 0, -7.18, 0.092, 0.256, 3.37e-05, 0.682, 0.499, 174.851] 5ZgZhzQGCqVwPydT4CkH0W
[0.813, 0.46, 1, -9.78, 0.0346, 0.56, 0.0105, 0.0724, 0.729, 117.387] 2sXp9Qmvc7mRaDBjBgcGGi
[0.713, 0.931, 6, -2.965, 0.0394, 0.219, 0, 0.0694, 0.963, 124.127] 1lhpxZT57yw5toGJtt8fGE
[0.414, 0.161, 7, -22.32, 0.0318, 0.883, 0.000223, 0.117, 0.423, 159.375] 5ihS6UUlyQAfmp48eSkxuQ
[0.663, 0.712, 2, -7.268, 0.0479, 0.524, 0, 0.0804, 0.527, 113.439] 2aSFLiDPreOVP6KHiWk4lF
[0.533, 0.376, 9, -11.913, 0.0393, 0.0302, 0.248, 0.0926, 0.187, 165.007] 2EqlS6tkEnglzr7tkKAAYD
[0.644, 0.919, 2, -6.289, 0.0561, 0.181, 0.134, 0.622, 0.871, 117.459] 38Ngied9rBORlAbLYNCl4k
[0.742, 0.833, 2, -6.463, 0.115, 0.079, 0, 0.384, 0.816, 113.375] 39shmbIHICJ2Wxnk1fPSdz
[0.591, 0.804, 0, -7.299, 0.0454, 0.327, 5.98e-06, 0.0818, 0.658, 111.457] 5LNiqEqpDc8TuqPy79kDBu
[0.573, 0.913, 6, -4.793, 0.132, 0.0591, 0.00173, 0.156, 0.422, 115.715] 2zYzyRzz6pRmhPzyfMEC8s
[0.49, 0.715, 7, -5.549, 0.0476, 0.386, 0, 0.311, 0.866, 130.726] 4pbG9SUmWIvsROVLF0zF9s
[0.564, 0.932, 11, -10.068, 0.0554, 0.013, 0.169, 0.349, 0.619, 112.937] 78lgmZwycJ3nzsdgmPPGNx
[0.692, 0.488, 11, -7.282, 0.104, 0.688, 0, 0.4, 0.51, 81.4] 54flyrjcdnQdco7300avMJ
[0.526, 0.762, 0, -12.437, 0.0342, 0.000972, 0.000116, 0.338, 0.505, 136.203] 263aNAQCeFSWipk896byo6
[0.676, 0.92, 9, -7.96, 0.0435, 0.00101, 8.65e-06, 0.248, 0.624, 126.341] 66lOpKgTyFjOrac4S1s94g
[0.597, 0.812, 5, -12.062, 0.0315, 0.0219, 0.00106, 0.102, 0.823, 135.68] 0FeCO85RKW8fDRytwXof2x
[0.407, 0.834, 6, -9.224, 0.208, 0.0734, 0.00021, 0.241, 0.71, 121.38] 3UDmHZcBTQp8Iu8droNtUl
[0.645, 0.598, 1, -13.18, 0.0335, 0.221, 3.53e-06, 0.0721, 0.913, 105.929] 7Ar4G7Ci11gpt6sfH9Cgz5
[0.729, 0.989, 9, -4.613, 0.049, 0.0102, 4.45e-05, 0.443, 0.84, 126.47] 51H2y6YrNNXcy3dfc3qSbA
[0.754, 0.759, 9, -5.218, 0.302, 0.153, 0.000114, 0.101, 0.435, 126.367] 7LRMbd3LEoV5wZJvXT1Lwb
[0.672, 0.72, 9, -7.781, 0.035, 0.0373, 9.38e-06, 0.0371, 0.828, 118.731] 3CPeWqqaHR0hmyfsWhMJQs
[0.694, 0.394, 0, -15.881, 0.0428, 0.0781, 0.000677, 0.247, 0.719, 104.126] 4gMgiXfqyzZLMhsksGmbQV
[0.491, 0.801, 4, -9.835, 0.0361, 0.27, 0, 0.0665, 0.971, 160.109] 3KiexfmhxHvG5IgAElmTkd
[0.456, 0.826, 8, -7.611, 0.0268, 3.35e-05, 0.57, 0.0548, 0.415, 82.539] 4XizBlyqR7ZGVTX0Fyonm2
[0.31, 0.7, 9, -5.678, 0.047, 0.011, 0.00965, 0.0828, 0.763, 188.386] 08mG3Y1vljYA6bvDt4Wqkj
[0.61, 0.864, 9, -3.77, 0.0514, 0.0207, 0, 0.0569, 0.875, 130.577] 1gZOnv0YjmFIM2oXVin9ZR
[0.786, 0.87, 1, -3.875, 0.0316, 0.413, 0.000494, 0.0389, 0.864, 100.66] 0832Tptls5YicHPGgw7ssP
[0.543, 0.432, 2, -11.832, 0.0288, 0.000207, 0.369, 0.146, 0.107, 110.196] 4ha9ajL4Kz98uldAfuos6p
[0.801, 0.723, 10, -4.985, 0.0689, 0.0713, 0.154, 0.0675, 0.883, 109.03] 5eU8qMd0TpaLqTGDZJaLDs
[0.532, 0.767, 7, -5.509, 0.0574, 0.00287, 0.000513, 0.39, 0.755, 127.361] 2SiXAy7TuUkycRVbbWDEpo
[0.535, 0.372, 9, -10.029, 0.0352, 0.156, 0, 0.6, 0.266, 78.856] 657HzPo7RbwpUGhBS3SF4Q
[0.608, 0.746, 0, -8.851, 0.354, 0.026, 2.39e-06, 0.043, 0.745, 134.03] 0SYRVn2YF7HBscQEmlkpTI
[0.472, 0.366, 11, -12.595, 0.0286, 0.15, 0.308, 0.0837, 0.171, 127.167] 5HNCy40Ni5BZJFw1TKzRsC
[0.667, 0.755, 9, -7.246, 0.069, 0.0966, 6.94e-05, 0.0523, 0.883, 109.535] 6gXrEUzibufX9xYPk3HD5p
[0.619, 0.703, 10, -9.414, 0.0525, 0.00388, 0.205, 0.163, 0.709, 115.043] 0F0MA0ns8oXwGw66B2BSXm
[0.531, 0.818, 2, -5.358, 0.0452, 0.0694, 0.0096, 0.263, 0.471, 90.767] 6XUHsYE38CEbYunT983O9G
[0.532, 0.344, 7, -13.057, 0.035, 0.00563, 0.000473, 0.115, 0.126, 91.834] 3HfB5hBU0dmBt8T0iCmH42
[0.469, 0.537, 9, -10.421, 0.152, 0.0241, 0.00201, 0.269, 0.783, 124.193] 3aoDEt6zSuYQ47gzarlaVo
[0.541, 0.946, 6, -7.459, 0.058, 0.415, 0.000389, 0.0468, 0.728, 101.169] 4nuUssdgKFy2QyYHHNkZQW
[0.583, 0.612, 9, -7.101, 0.0311, 0.355, 8.55e-06, 0.444, 0.774, 128.252] 3GGkKcUEC4xMxbJ9HEjWNg
[0.474, 0.977, 7, -3.839, 0.176, 0.00111, 0.00298, 0.201, 0.236, 89.494] 7GonnnalI2s19OCQO1J7Tf
[0.596, 0.448, 5, -9.616, 0.0396, 0.365, 5.3e-06, 0.206, 0.796, 83.293] 371VkfwKiXJxgH5ZPoQNHD
[0.522, 0.559, 6, -13.641, 0.0387, 0.546, 0.00565, 0.188, 0.908, 176.894] 4gvea7UlDkAvsJBPZAd4oB
[0.55, 0.854, 3, -5.968, 0.036, 0.661, 0, 0.112, 0.965, 159.231] 0wz1LjDb9ZNEYwOmDJ3Q4b
[0.384, 0.846, 7, -5.591, 0.0365, 0.151, 7.73e-05, 0.0913, 0.272, 90.172] 0PP933bHgvV0eD19dG3ms5
[0.505, 0.825, 4, -5.721, 0.0401, 0.000182, 0.000948, 0.0855, 0.541, 119.987] 4P5KoWXOxwuobLmHXLMobV
[0.73, 0.868, 5, -7.325, 0.0288, 0.0632, 0.0661, 0.318, 0.923, 148.217] 6cr6UDpkjEaMQ80OjWqEBQ
[0.668, 0.906, 11, -4.881, 0.17, 0.214, 0.00229, 0.135, 0.507, 135.653] 2d4e45fmUnguxh6yqC7gNT
[0.559, 0.345, 4, -13.496, 0.0459, 0.0576, 0.000105, 0.141, 0.458, 84.581] 3d9DChrdc6BOeFsbrZ3Is0
[0.729, 0.818, 2, -9.992, 0.0732, 0.157, 0.285, 0.195, 0.907, 125.811] 6FsQrRpBLgsrFeAeiQqytm
[0.407, 0.706, 7, -5.526, 0.0348, 0.254, 0.00693, 0.125, 0.54, 164.022] 0N0q5D8KmH13mmODXJsJqS
[0.371, 0.404, 7, -6.452, 0.0255, 0.669, 0.00453, 0.0805, 0.153, 74.386] 52dm9op3rbfAkc1LGXgipW
[0.454, 0.91, 6, -7.766, 0.0446, 0.0852, 0.0988, 0.116, 0.63, 125.116] 7o2CTH4ctstm8TNelqjb51
[0.558, 0.364, 4, -11.258, 0.0265, 0.0505, 5.02e-06, 0.0753, 0.17, 142.171] 10igKaIKsSB6ZnWxPxPvKO
[0.637, 0.682, 11, -11.625, 0.0366, 0.0112, 0.0234, 0.0473, 0.714, 129.983] 1xShPgQbOUa98avWJQFDBY
[0.567, 0.959, 8, -3.822, 0.102, 0.0995, 6.07e-05, 0.1, 0.961, 137.377] 1oG2vWELiGjIqxwqGcyqwF
[0.651, 0.766, 0, -9.935, 0.0299, 0.206, 0.00103, 0.362, 0.949, 116.74] 17S4XrLvF5jlGvGCJHgF51
[0.671, 0.405, 0, -10.052, 0.0392, 0.385, 0, 0.132, 0.828, 99.678] 7LbfuQVct78YoghmoPtsQ8
[0.534, 0.887, 0, -3.777, 0.0345, 0.0768, 9.93e-05, 0.325, 0.72, 122.494] 0J6mQxEZnlRt9ymzFntA6z
[0.525, 0.929, 9, -8.56, 0.0784, 0.262, 2.9e-05, 0.0754, 0.556, 163.503] 4ItljeeAXtHsnsnnQojaO2
[0.325, 0.674, 11, -14.169, 0.0397, 0.00608, 0.172, 0.917, 0.696, 83.18] 7GNf8GN66LzBmENFQWxBKb
[0.63, 0.449, 5, -13.243, 0.0252, 0.219, 0, 0.0622, 0.623, 84.378] 5tVA6TkbaAH9QMITTQRrNv
[0.55, 0.824, 2, -5.988, 0.0334, 0.448, 0.000127, 0.366, 0.777, 114.512] 7MRyJPksH3G2cXHN8UKYzP
[0.425, 0.903, 1, -4.801, 0.0732, 0.405, 0.0128, 0.117, 0.769, 108.748] 4BVE5tIIpYabZcYCbephNW
[0.273, 0.952, 11, -8.762, 0.0841, 0.0169, 0.0112, 0.142, 0.475, 100.269] 3YBZIN3rekqsKxbJc9FZko
[0.437, 0.864, 4, -7.842, 0.0904, 0.396, 0.0314, 0.242, 0.749, 81.394] 3qT4bUD1MaWpGrTwcvguhb
[0.5, 0.748, 4, -9.072, 0.0363, 0.127, 0, 0.447, 0.514, 118.852] 4bHsxqR3GMrXTxEPLuK5ue
[0.644, 0.823, 9, -8.092, 0.0578, 0.296, 0.00115, 0.126, 0.917, 133.39] 0vSiz90JRxvYsbCTx84oVM
[0.657, 0.932, 1, -5.819, 0.0992, 0.0551, 0, 0.047, 0.888, 144.751] 6KTv0Z8BmVqM7DPxbGzpVC
[0.294, 0.641, 11, -9.316, 0.0291, 0.0163, 0.22, 0.112, 0.226, 79.759] 3YRCqOhFifThpSRFJ1VWFM
[0.516, 0.906, 1, -4.525, 0.0658, 2.86e-05, 0.000101, 0.105, 0.728, 116.775] 5ghIJDpPoe3CfHMGu71E6T
[0.491, 0.583, 7, -10.964, 0.0376, 0.182, 0, 0.407, 0.907, 150.572] 3yrSvpt2l1xhsV9Em88Pul
[0.412, 0.902, 9, -11.6, 0.405, 0.0484, 0.131, 0.405, 0.422, 89.74] 0hCB0YR03f6AmQaHbwWDe8
[0.597, 0.605, 7, -12.013, 0.0255, 0.181, 0.000331, 0.118, 0.886, 97.782] 4CJVkjo5WpmUAKp3R44LNb
[0.564, 0.587, 4, -7.393, 0.0316, 0.0573, 0.00485, 0.0416, 0.966, 147.462] 3MFFDRC4wTN9JNGtzXsZlN
[0.563, 0.915, 7, -5.062, 0.08, 0.247, 8.46e-05, 0.0613, 0.71, 136.345] 3okPiJwW5nCLpug12sCL4p
[0.445, 0.706, 8, -9.803, 0.0461, 0.234, 0.000252, 0.205, 0.768, 80.823] 43DeSV93pJPT4lCZaWZ6b1
[0.476, 0.717, 9, -9.192, 0.0949, 0.0382, 7.61e-05, 0.0818, 0.753, 93.584] 0QwZfbw26QeUoIy82Z2jYp
[0.572, 0.835, 0, -6.219, 0.0317, 0.171, 0.000376, 0.0702, 0.796, 129.994] 7N3PAbqfTjSEU1edb2tY8j
[0.654, 0.506, 11, -17.18, 0.0535, 0.686, 0.0155, 0.155, 0.831, 123.179] 54eZmuggBFJbV7k248bTTt
[0.787, 0.541, 7, -10.437, 0.0403, 0.0825, 0.000311, 0.065, 0.962, 124.194] 1b7LMtXCXGc2EwOIplI35z
[0.531, 0.481, 4, -11.709, 0.06, 0.699, 0, 0.0842, 0.491, 138.45] 1fDsrQ23eTAVFElUMaf38X
[0.468, 0.607, 9, -11.367, 0.0336, 0.072, 0.000852, 0.225, 0.886, 98.429] 3MODES4TNtygekLl146Dxd
[0.402, 0.814, 10, -4.954, 0.14, 0.0383, 1.19e-06, 0.266, 0.516, 170.02] 5eYwDBLucWfWI5KsV7oYX2
[0.392, 0.534, 0, -8.793, 0.0369, 0.245, 0.00104, 0.155, 0.325, 181.305] 3G69vJMWsX6ZohTykad2AU
[0.651, 0.801, 0, -7.34, 0.0513, 0.123, 0, 0.0825, 0.776, 133.763] 5jzma6gCzYtKB1DbEwFZKH
[0.494, 0.666, 9, -9.743, 0.0351, 0.229, 5.69e-05, 0.0469, 0.699, 140.832] 0AiuEo7FCxP2y2WTOpLPe5
[0.31, 0.874, 1, -11.889, 0.152, 0.000416, 0.712, 0.0695, 0.096, 131.717] 73HSIWZlSCfs4tqVkrGv7H
[0.571, 0.633, 0, -12.942, 0.0475, 0.0504, 1.64e-06, 0.171, 0.857, 98.412] 1ZhrREyOOeFV6TxDOyiPwu
[0.505, 0.476, 2, -12.897, 0.0711, 0.25, 0.00915, 0.113, 0.542, 99.31] 2wvMC5EyaaYQwBfiwwY2xE
[0.586, 0.7, 0, -9.558, 0.0363, 0.0589, 0.00125, 0.0318, 0.897, 147.245] 1HOMkjp0nHMaTnfAkslCQj
[0.49, 0.827, 8, -9.481, 0.0482, 0.000212, 0.00406, 0.112, 0.626, 108.577] 4D01oA1mGouaAT7fubvKRT
[0.725, 0.853, 2, -7.842, 0.0353, 0.0348, 0.127, 0.196, 0.904, 136.282] 2PzU4IB8Dr6mxV3lHuaG34
[0.612, 0.634, 9, -8.212, 0.0319, 0.337, 4.6e-05, 0.147, 0.904, 121.059] 1Q5kgpp4pmyGqPwNBzkSrw
[0.467, 0.955, 9, -6.043, 0.0462, 0.00072, 0.426, 0.494, 0.68, 169.776] 75wP08AtMfGfjk0nPdvVw3
[0.43, 0.682, 2, -10.267, 0.0314, 0.0534, 0.00329, 0.142, 0.693, 122.304] 0hMNAUx9fFBdYQRO5FoQvL
[0.575, 0.912, 7, -7.275, 0.0393, 0.0916, 0.00211, 0.0562, 0.843, 117.399] 4nXkbcTj3nyww1cHkw5RAP
[0.638, 0.931, 0, -3.605, 0.0363, 0.228, 0.000295, 0.0524, 0.965, 128.662] 5EcvzboYmDIfXo9gPplsSB
[0.549, 0.722, 11, -11.729, 0.0283, 0.25, 0.0138, 0.11, 0.716, 103.885] 14XWXWv5FoCbFzLksawpEe
[0.451, 0.364, 9, -13.126, 0.0436, 0.469, 0, 0.197, 0.298, 154.206] 2PuUFT13yCzUOZun94WOXv
[0.456, 0.978, 10, -4.869, 0.112, 0.0301, 0.499, 0.313, 0.327, 123.411] 0eFvoRSTTaR2q8bSWVjwfp
[0.515, 0.987, 8, -5.391, 0.108, 0.00135, 0.000195, 0.0697, 0.298, 141.258] 11dCfArPrM7kzYpUrFHal9
[0.21, 0.346, 4, -12.069, 0.0299, 0.252, 0.336, 0.247, 0.22, 79.026] 3D1Xnj2Q7oh7Vz3RH9fDvC
[0.766, 0.446, 2, -13.079, 0.0867, 0.25, 0.000704, 0.318, 0.743, 119.774] 7IhkWF9zpiYKlU7CxHxYT9
[0.441, 0.908, 11, -4.627, 0.115, 0.000183, 0.00328, 0.0612, 0.632, 145.439] 6FBmHx1FuaSnTnnnaThgbF
[0.702, 0.59, 2, -12.76, 0.0302, 0.361, 3.91e-06, 0.0512, 0.973, 111.57] 5izGeTxueiFX1UPFGohY9w
[0.543, 0.529, 7, -9.717, 0.0301, 0.326, 0.00269, 0.709, 0.746, 85.126] 3KPwt1LBpt1jVSHz8GXERo
[0.575, 0.318, 0, -16.729, 0.109, 0.683, 0.000202, 0.0934, 0.385, 104.522] 5p3JunprHCxClJjOmcLV8G
[0.489, 0.724, 5, -8.367, 0.0352, 0.313, 0.185, 0.287, 0.15, 117.292] 2KmEgiY8fQs0G6WNxtzQKr
[0.741, 0.697, 0, -7.028, 0.0277, 0.0664, 2.28e-05, 0.133, 0.774, 116.109] 2LawezPeJhN4AWuSB0GtAU
[0.483, 0.615, 2, -8.538, 0.0497, 0.452, 0.000414, 0.0512, 0.594, 80.576] 6Vjk8MNXpQpi0F4BefdTyq
[0.528, 0.737, 9, -12.703, 0.121, 0.626, 0.00911, 0.325, 0.632, 99.361] 3e0FzZjTXOUtiJGSClOBrI
[0.632, 0.586, 0, -11.333, 0.0284, 0.0983, 0.581, 0.0535, 0.89, 114.243] 5SAUIWdZ04OxYfJFDchC7S
[0.299, 0.787, 0, -7.93, 0.069, 0.14, 0, 0.292, 0.716, 94.798] 45s88Xopo6KvHc0PQ05aGg
[0.623, 0.91, 9, -8.448, 0.0384, 0.319, 0.000448, 0.081, 0.745, 145.624] 7cy1bEJV6FCtDaYpsk8aG6
[0.562, 0.768, 7, -6.613, 0.0606, 0.381, 0.03, 0.168, 0.966, 119.544] 3RZMzCvYsmJ0u2ioKTOsmJ
[0.421, 0.751, 9, -9.584, 0.0472, 0.2, 0, 0.17, 0.789, 89.839] 6ToM0uwxtPKo9CMpbPGYvM
[0.426, 0.619, 4, -11.501, 0.0722, 8.44e-05, 0.00239, 0.17, 0.382, 162.721] 1Ly0ssAgeM7YqdHptao8Oe
[0.324, 0.551, 9, -7.269, 0.0312, 0.00118, 0.0779, 0.0823, 0.339, 116.997] 61Q9oJNd9hJQFhSDh6Qlap
[0.392, 0.334, 7, -18.294, 0.0319, 0.515, 0.0946, 0.0892, 0.621, 189.394] 7J4WbEdRTZGJDsSr5AACCw
[0.63, 0.616, 1, -8.128, 0.0309, 0.463, 0.0408, 0.173, 0.509, 118.65] 1dv3ePjze9tPq2pk8eWJdR
[0.432, 0.88, 1, -5.769, 0.0656, 0.0206, 0.000191, 0.185, 0.527, 95.59] 3gLlcZQMvpwgtV9THHXrGp
[0.475, 0.322, 7, -10.687, 0.0283, 0.367, 0.00056, 0.11, 0.387, 93.503] 6zeE5tKyr8Nu882DQhhSQI
[0.413, 0.725, 3, -5.787, 0.0324, 0.369, 2.16e-05, 0.0905, 0.44, 124.618] 5uvosCdMlFdTXhoazkTI5R
[0.333, 0.927, 9, -8.55, 0.0733, 0.0029, 0.000211, 0.297, 0.382, 141.47] 5QTxFnGygVM4jFQiBovmRo
[0.505, 0.836, 5, -7.384, 0.101, 0.0103, 0.0771, 0.295, 0.764, 159.669] 1RJeiAIwR9pZBgJA8ndZLL
[0.611, 0.883, 9, -11.225, 0.0539, 0.0846, 1.2e-06, 0.192, 0.604, 117.928] 2HXixVqzzm9rEUIMAWzshl
[0.398, 0.952, 4, -6.042, 0.061, 0.000373, 7.75e-05, 0.1, 0.584, 122.093] 0dOg1ySSI7NkpAe89Zo0b9
[0.653, 0.519, 2, -10.164, 0.0497, 0.406, 0.0209, 0.101, 0.822, 98.883] 1qRA5BS78u3gME0loMl9AA
[0.543, 0.715, 2, -8.89, 0.0356, 0.0192, 0, 0.256, 0.468, 124.011] 1zGk1kgAxCpg6PHjGuLe4J
[0.673, 0.814, 9, -5.411, 0.0367, 0.0133, 0.00293, 0.343, 0.728, 147.193] 1gzIbdFnGJ226LTl0Cn2SX
[0.579, 0.824, 6, -8.71, 0.03, 0.00206, 0.00903, 0.059, 0.635, 123.331] 5BIMPccDwShpXq784RJlJp
[0.311, 0.832, 1, -8.29, 0.0357, 0.486, 0.00128, 0.235, 0.933, 178.873] 41aOyMZXFwvwRpugIlNCGF
[0.474, 0.418, 0, -9.654, 0.03, 0.515, 0.000342, 0.0535, 0.504, 83.18] 3L60Vu9qmY6fg2QroRIxgi
[0.543, 0.307, 2, -18.253, 0.0414, 0.334, 0, 0.044, 0.649, 168.169] 3x1v32I3SZNvC7q7bDhcGm
[0.307, 0.433, 1, -10.057, 0.029, 0.388, 9.08e-05, 0.332, 0.224, 160.9] 5MxNLUsfh7uzROypsoO5qe
[0.421, 0.677, 4, -6.183, 0.0343, 0.000989, 9.65e-05, 0.211, 0.683, 127.67] 3sY6z4pGcxpMwx3W026WtU
[0.831, 0.544, 0, -9.288, 0.0837, 0.594, 0.00389, 0.0736, 0.856, 108.177] 4YMLW13PuuO7o3jkIWlKAs
[0.806, 0.462, 2, -12.778, 0.0298, 0.78, 0.0134, 0.15, 0.736, 92.726] 1JkZg3eMQTmTn93E8Yd3UL
[0.27, 0.944, 4, -4.199, 0.0975, 0.00501, 2.05e-05, 0.116, 0.606, 146.347] 6hTcuIQa0sxrrByu9wTD7s
[0.513, 0.396, 7, -13.061, 0.0299, 0.251, 0.177, 0.11, 0.229, 140.208] 6HSXNV0b4M4cLJ7ljgVVeh
[0.404, 0.903, 1, -3.88, 0.0668, 0.577, 0.297, 0.287, 0.498, 115.672] 3k9i7UzeSUYWIfUZFeFDUd
[0.638, 0.8, 7, -12.077, 0.0572, 0.372, 0.00553, 0.113, 0.569, 112.055] 4RvWPyQ5RL0ao9LPZeSouE
[0.546, 0.529, 9, -13.6, 0.0436, 0.0629, 0.000567, 0.0383, 0.574, 151.727] 2X6gdRlGOQgfaXU9ALUQFQ
[0.548, 0.532, 5, -7.596, 0.0323, 0.186, 0.000263, 0.217, 0.405, 85.03] 3jfr0TF6DQcOLat8gGn7E2
[0.274, 0.586, 7, -5.798, 0.0342, 0.404, 0, 0.166, 0.27, 185.869] 7daJwR04EehI9wFZtDfwvJ
[0.392, 0.402, 0, -9.961, 0.0536, 0.288, 0, 0.243, 0.228, 143.883] 2GAIycsMaDVtMtdvxzR2xI
[0.51, 0.696, 4, -10.83, 0.0802, 0.0157, 0.000104, 0.297, 0.905, 176.567] 1BY1Vd2Bt6JPOhMvsIwtVv
[0.823, 0.338, 0, -15.899, 0.0413, 0.139, 0.00129, 0.5, 0.785, 120.473] 703BT1NQsfIwPFv8MXQ47m
[0.33, 0.936, 1, -3.66, 0.0917, 0.00108, 0, 0.0926, 0.234, 148.112] 7oK9VyNzrYvRFo7nQEYkWN
[0.333, 0.922, 0, -4.087, 0.0592, 0.0596, 2.05e-06, 0.126, 0.335, 162.978] 7CVYxHq1L0Z4G84jTDS6Jl
[0.793, 0.703, 0, -9.548, 0.0581, 0.000726, 0.88, 0.075, 0.856, 130.27] 1RSy7B2vfPi84N80QJ6frX
[0.659, 0.846, 7, -5.508, 0.0274, 0.0318, 0.0144, 0.203, 0.659, 107.01] 2PFIZFcGry0po3ZfRZkzKc
[0.69, 0.54, 4, -10.516, 0.0317, 0.218, 0.00657, 0.115, 0.764, 114.846] 6i8ecOsx4J2Px1maiqzqoG
[0.573, 0.902, 6, -7.638, 0.054, 0.018, 0.00125, 0.0928, 0.876, 84.412] 2WfaOiMkCvy7F5fcp2zZ8L
[0.951, 0.53, 5, -6.594, 0.178, 0.115, 0.179, 0.17, 0.699, 109.979] 57JVGBtBLCfHw2muk5416J
[0.386, 0.607, 10, -7.7, 0.0261, 0.0112, 1.38e-05, 0.088, 0.532, 147.207] 0aym2LBJBk9DAYuHHutrIl
[0.267, 0.953, 1, -4.899, 0.096, 0.00211, 0, 0.283, 0.568, 84.989] 0PdM2a6oIjqepoEfcJo0RO
[0.611, 0.846, 11, -5.9, 0.0436, 0.00509, 0, 0.0784, 0.751, 103.912] 1FvDJ9KGxcqwv1utyPL3JZ
[0.569, 0.402, 0, -10.151, 0.0433, 0.438, 0, 0.134, 0.696, 144.635] 44hOGg1uFg1XJZGZYNwYmM
[0.663, 0.712, 2, -7.268, 0.0479, 0.524, 0, 0.0804, 0.527, 113.439] 2aSFLiDPreOVP6KHiWk4lF
[0.525, 0.902, 2, -8.662, 0.0368, 0.000989, 0.691, 0.137, 0.907, 146.83] 1r8oPEXqnhUVgkUkJNqEuF
[0.443, 0.403, 0, -8.339, 0.0322, 0.631, 0, 0.111, 0.41, 143.462] 7iN1s7xHE4ifF5povM6A48
[0.462, 0.836, 11, -5.766, 0.0621, 0.00517, 0, 0.18, 0.671, 168.766] 1QFh8OH1e78dGd3VyJZCAC
[0.384, 0.733, 7, -6.522, 0.0318, 0.0249, 2.61e-05, 0.114, 0.314, 137.834] 3CtphwpjC0XjIVpLFvGiQR
[0.71, 0.763, 0, -6.693, 0.0279, 0.402, 9.63e-05, 0.0581, 0.508, 115.579] 5uujhDA7WTFfGBkLh491KI
[0.412, 0.844, 2, -5.613, 0.037, 0.00214, 0, 0.134, 0.459, 174.452] 79RUMZfMNMpqZnswovvTqv
[0.813, 0.46, 1, -9.78, 0.0346, 0.56, 0.0105, 0.0724, 0.729, 117.387] 2sXp9Qmvc7mRaDBjBgcGGi
[0.601, 0.532, 10, -9.119, 0.0286, 0.432, 6.25e-06, 0.0925, 0.341, 136.571] 2zvot9pY2FNl1E94kc4K8M
[0.414, 0.161, 7, -22.32, 0.0318, 0.883, 0.000223, 0.117, 0.423, 159.375] 5ihS6UUlyQAfmp48eSkxuQ
[0.523, 0.769, 4, -5.855, 0.0269, 0.04, 0, 0.136, 0.876, 136.162] 0WQiDwKJclirSYG9v5tayI
[0.713, 0.931, 6, -2.965, 0.0394, 0.219, 0, 0.0694, 0.963, 124.127] 1lhpxZT57yw5toGJtt8fGE
[0.533, 0.376, 9, -11.913, 0.0393, 0.0302, 0.248, 0.0926, 0.187, 165.007] 2EqlS6tkEnglzr7tkKAAYD
[0.538, 0.704, 1, -8.904, 0.0332, 0.0794, 0, 0.0867, 0.583, 120.963] 0qdQUeKVyevrbKhAo0ibxS
[0.568, 0.829, 7, -7.066, 0.0303, 0.218, 0.00418, 0.0976, 0.79, 124.201] 35E2eKIEXXnP5q9L51iOAk
[0.618, 0.938, 9, -3.442, 0.0456, 0.0179, 0, 0.167, 0.875, 91.455] 3ZOEytgrvLwQaqXreDs2Jx
[0.644, 0.919, 2, -6.289, 0.0561, 0.181, 0.134, 0.622, 0.871, 117.459] 38Ngied9rBORlAbLYNCl4k
[0.49, 0.715, 7, -5.549, 0.0476, 0.386, 0, 0.311, 0.866, 130.726] 4pbG9SUmWIvsROVLF0zF9s
[0.742, 0.833, 2, -6.463, 0.115, 0.079, 0, 0.384, 0.816, 113.375] 39shmbIHICJ2Wxnk1fPSdz
[0.276, 0.715, 0, -5.356, 0.0432, 0.00552, 0.000417, 0.201, 0.173, 137.028] 5VGlqQANWDKJFl0MBG3sg2
[0.294, 0.825, 2, -3.771, 0.0404, 0.465, 0.0841, 0.354, 0.122, 150.338] 1wo3UYTeizJHkwYIuLuBPF
[0.724, 0.523, 11, -11.139, 0.116, 0.0745, 0.703, 0.0811, 0.965, 185.075] 4xiyq1iRdsxuU1BPUJ490Z
[0.332, 0.179, 5, -11.83, 0.0326, 0.879, 0, 0.0886, 0.315, 96.529] 3BQHpFgAp4l80e1XslIjNI
[0.573, 0.913, 6, -4.793, 0.132, 0.0591, 0.00173, 0.156, 0.422, 115.715] 2zYzyRzz6pRmhPzyfMEC8s
[0.767, 0.854, 4, -6.947, 0.0426, 0.465, 2.03e-06, 0.485, 0.963, 149.206] 3OeUlriM0EZHdWleJtjoVr
[0.564, 0.932, 11, -10.068, 0.0554, 0.013, 0.169, 0.349, 0.619, 112.937] 78lgmZwycJ3nzsdgmPPGNx
[0.415, 0.425, 0, -11.082, 0.0278, 0.396, 0.000407, 0.143, 0.281, 145.234] 4BGJSbB5rAcg4pNzD4gfxU
[0.442, 0.935, 9, -6.903, 0.0424, 0.0524, 0.000307, 0.188, 0.514, 151.448] 1KSkVwl54ghzE1jSbsVNBr
[0.467, 0.486, 10, -6.645, 0.0274, 0.389, 0, 0.121, 0.184, 95.205] 7ccI9cStQbQdystvc6TvxD
[0.766, 0.772, 0, -9.362, 0.0353, 0.403, 0.0584, 0.183, 0.92, 128.166] 0qi4b1l0eT3jpzeNHeFXDT
[0.502, 0.972, 10, -3.96, 0.0793, 6.78e-05, 0.000702, 0.0627, 0.729, 138.019] 3twNvmDtFQtAd5gMKedhLD
[0.676, 0.92, 9, -7.96, 0.0435, 0.00101, 8.65e-06, 0.248, 0.624, 126.341] 66lOpKgTyFjOrac4S1s94g
[0.476, 0.764, 9, -6.454, 0.032, 0.00325, 0.112, 0.138, 0.546, 171.903] 72gg0bqrLCCyomkfunyiuU
[0.692, 0.488, 11, -7.282, 0.104, 0.688, 0, 0.4, 0.51, 81.4] 54flyrjcdnQdco7300avMJ
[0.66, 0.816, 2, -6.61, 0.0299, 0.168, 0.0181, 0.0608, 0.678, 111.346] 4aWn4NHlELpOehxsBaQeoe
[0.721, 0.521, 2, -8.123, 0.0612, 0.0707, 0.00552, 0.127, 0.942, 123.118] 1i6N76fftMZhijOzFQ5ZtL
[0.597, 0.812, 5, -12.062, 0.0315, 0.0219, 0.00106, 0.102, 0.823, 135.68] 0FeCO85RKW8fDRytwXof2x
[0.526, 0.762, 0, -12.437, 0.0342, 0.000972, 0.000116, 0.338, 0.505, 136.203] 263aNAQCeFSWipk896byo6
[0.511, 0.942, 0, -10.407, 0.0429, 0.174, 1.87e-05, 0.139, 0.498, 97.909] 2gQaQUhDCNGfBVXTvxAmXQ
[0.624, 0.899, 0, -5.71, 0.0295, 0.0223, 0.000155, 0.0975, 0.797, 104.055] 3SUusuA9jH1v6PVwtYMbdv
[0.669, 0.616, 11, -10.776, 0.033, 0.482, 0, 0.179, 0.818, 130.037] 2H3ZUSE54pST4ubRd5FzFR
[0.542, 0.905, 9, -5.653, 0.054, 0.00172, 0.0104, 0.136, 0.374, 153.398] 0ntQJM78wzOLVeCUAW7Y45
[0.42, 0.929, 7, -3.899, 0.121, 0.000353, 0.000747, 0.122, 0.3, 127.204] 5V3mdRI2yQxbSsJGDPc5lD
[0.407, 0.876, 8, -4.145, 0.0529, 0.000254, 0.00265, 0.215, 0.521, 116.335] 7MeXwzhSDGfqNfuFANgzVC
[0.404, 0.923, 0, -4.235, 0.0547, 0.00107, 0.0163, 0.0637, 0.248, 81.058] 1twBt7aZiy7HWPG025QGuP
[0.352, 0.786, 5, -4.721, 0.047, 0.00317, 0, 0.597, 0.401, 174.744] 36X2aY9u5BBTisjU5M5omG
[0.502, 0.977, 1, -3.266, 0.134, 0.0199, 9.5e-05, 0.169, 0.343, 99.963] 6ATfHxDPIuzSAmvBMjxwJM
[0.465, 0.682, 7, -4.046, 0.073, 0.00151, 6.47e-05, 0.175, 0.412, 145.32] 1LfSbPH1QCPxce41b9mmYF
[0.534, 0.978, 1, -3.113, 0.0775, 0.0011, 0.000122, 0.0543, 0.525, 94.278] 6V8oQXzymTzpEZOsiBiyJT
[0.454, 0.938, 5, -3.594, 0.123, 0.0104, 0.000879, 0.311, 0.795, 160.156] 2SpGXD7EbexndFmmThrnsy
[0.418, 0.964, 8, -4.157, 0.0387, 0.000396, 0.000327, 0.399, 0.928, 96.316] 0a2kVvbCbk52gmeFQFHNaG
[0.492, 0.948, 0, -3.549, 0.0525, 0.00118, 0.00641, 0.295, 0.523, 90.569] 4HIKcEKSijQLW5YNLsdLzt
[0.462, 0.977, 0, -3.853, 0.0396, 0.000245, 0.202, 0.283, 0.89, 92.636] 6dr2T6DRymdT1jfSUxDgut
[0.367, 0.905, 1, -4.152, 0.0559, 0.000127, 0.00925, 0.093, 0.648, 150.496] 1B5Y9I5wPfvD3C2A81A36C
[0.503, 0.849, 0, -3.606, 0.0328, 0.000497, 0.185, 0.11, 0.512, 89.328] 58lcznIKSNlOVdmklrPA99
[0.434, 0.96, 2, -3.556, 0.0462, 0.000941, 0.0286, 0.0437, 0.698, 118.97] 1a3X8Y882vwSnlnHqf9ztF
[0.637, 0.793, 8, -11.767, 0.0534, 0.687, 0.671, 0.104, 0.127, 122.942] 0aueluj36PA9LNoj7d9SFb
[0.516, 0.906, 1, -4.525, 0.0658, 2.86e-05, 0.000101, 0.105, 0.728, 116.775] 5ghIJDpPoe3CfHMGu71E6T
[0.505, 0.825, 4, -5.721, 0.0401, 0.000182, 0.000948, 0.0855, 0.541, 119.987] 4P5KoWXOxwuobLmHXLMobV
[0.255, 0.666, 1, -10.23, 0.0651, 0.203, 0.0177, 0.095, 0.338, 203.118] 66w5OYw2ja8lnmaA3Ns0PU
[0.68, 0.65, 7, -6.336, 0.0378, 0.00203, 0, 0.0622, 0.486, 123.238] 2YodwKJnbPyNKe8XXSE9V7
[0.485, 0.738, 1, -8.884, 0.101, 0.406, 8.77e-05, 0.514, 0.484, 114.713] 15VRO9CQwMpbqUYA7e6Hwg
[0.417, 0.733, 8, -10.601, 0.0482, 0.0208, 0, 0.0598, 0.293, 111.894] 2i5K0EdMY5zFs9t7KfYK3k
[0.447, 0.621, 1, -12.109, 0.034, 0.0824, 0.000239, 0.0885, 0.364, 113.169] 1Ic9pKxGSJGM0LKeqf6lGe
[0.496, 0.878, 10, -4.822, 0.0549, 4.58e-05, 9.4e-05, 0.268, 0.548, 79.029] 30HCB1FoE77IfGRyNv4eFq
[0.695, 0.394, 6, -13.585, 0.029, 0.425, 0.738, 0.228, 0.845, 113.623] 5gRcv46AMTrosmTOqrOV3Q
[0.324, 0.916, 11, -5.607, 0.0736, 0.000157, 1.54e-06, 0.17, 0.194, 132.837] 5Ddlk6C2JVxb1SReZ6O1wk
[0.538, 0.587, 3, -8.458, 0.0747, 0.624, 0.000104, 0.308, 0.388, 108.634] 551qy5vUgrUfEUc4dCNfht
[0.829, 0.371, 2, -11.146, 0.0618, 0.895, 0.205, 0.113, 0.562, 121.136] 3tlXDvaNrrOmdvG0XVUOcv
[0.385, 0.978, 11, -5.098, 0.143, 9.22e-06, 0.0358, 0.0829, 0.239, 165.287] 4l012k8ZcAdVbUvZ4kae5Q
[0.444, 0.2, 8, -12.852, 0.0304, 0.742, 0.42, 0.11, 0.0777, 105.566] 1nFtiJxYdhtFfFtfXBv06s
[0.261, 0.964, 11, -4.598, 0.0923, 4.54e-06, 0.0231, 0.138, 0.295, 158.6] 5mJGLBNJM0GULqAoL5mb9C
[0.427, 0.692, 5, -9.978, 0.0504, 1.41e-05, 3.84e-05, 0.103, 0.391, 141.455] 6aXXRWmvS4ADppYhwBFZtz
[0.53, 0.634, 1, -9.549, 0.273, 0.293, 3.99e-05, 0.362, 0.637, 145.248] 4UJmPSJsBsIR1U0N79BU1g
[0.529, 0.522, 8, -13.145, 0.115, 0.709, 0.0142, 0.202, 0.243, 72.153] 2vfCSwToh0Am0O4zgHXfn7
[0.427, 0.445, 1, -12.19, 0.0335, 0.000415, 0.000211, 0.254, 0.199, 113.068] 3z53rfQOg6Eb5pBCRsd7Uu
[0.402, 0.898, 11, -6.467, 0.0316, 8.86e-06, 8.89e-05, 0.279, 0.675, 132.092] 0zeqKbySjKbfW5jyl3PMsW
[0.289, 0.716, 5, -6.53, 0.106, 0.0407, 0.00123, 0.135, 0.344, 168.049] 5O8L4I2S4izFGDjvP7xAKv
[0.28, 0.976, 2, -4.387, 0.162, 0.000256, 0, 0.215, 0.107, 182.483] 2jmVGWe4MYY1zAAzpFHHcC
[0.322, 0.958, 11, -5.377, 0.0992, 1.2e-05, 3.34e-05, 0.119, 0.464, 151.957] 7glld4kxYHp61zIPtSVHNk
[0.417, 0.813, 1, -6.084, 0.0345, 1.04e-05, 4.91e-06, 0.34, 0.599, 128.13] 7tUtvGeKB2V5W5ms6uBlyC
[0.617, 0.27, 1, -15.253, 0.0308, 0.981, 0.86, 0.13, 0.483, 96.709] 0W8IvKB3TSNWJmJINKU0WN
[0.47, 0.885, 3, -7.224, 0.0354, 3.22e-05, 0.196, 0.169, 0.79, 138.153] 3FUsMXBxA4V7eUwQ7B0HQO
[0.208, 0.964, 4, -6.398, 0.103, 1.28e-05, 0.256, 0.0701, 0.0954, 165.038] 5zYP7plzCFop1pTDVi450C
[0.413, 0.945, 2, -4.716, 0.103, 0.000195, 3.57e-06, 0.16, 0.369, 133.379] 651koV4RRMMX6NDbW1ElwP
[0.404, 0.923, 10, -5.318, 0.0563, 6.31e-06, 0.00404, 0.303, 0.588, 129.955] 6YZVof4lOcfMub41xPFbm0
[0.396, 0.919, 9, -10.086, 0.0823, 3.74e-06, 0, 0.333, 0.593, 154.411] 4V7UY9lITfAcSQRIyXOwez
[0.439, 0.9, 10, -8.678, 0.0399, 1.48e-05, 0.0227, 0.188, 0.662, 119.633] 4wRFgC67NaJfAYN2ZV46Qd
[0.321, 0.828, 6, -8.521, 0.0466, 1.43e-06, 0.104, 0.142, 0.598, 170.479] 3pqjXnDi8Nux88e4zv49Fc
[0.488, 0.732, 10, -10.061, 0.0454, 6.19e-05, 0.000364, 0.0981, 0.543, 117.084] 27rDqwKojyXsjg2GmYmqDL
[0.27, 0.879, 1, -9.389, 0.0346, 2.87e-06, 0.5, 0.168, 0.968, 151.994] 0hUit24g1EIoATdKYWUiRj
[0.351, 0.701, 0, -8.088, 0.0306, 0.0449, 0.0476, 0.124, 0.137, 118.505] 1JQ2g36EDQB3RAkCEhQ6dE
[0.256, 0.909, 10, -10.974, 0.0429, 0.000175, 0.000471, 0.132, 0.355, 173.499] 2S2NiCF7sa1tQkCZB9FvzX
[0.333, 0.93, 4, -9.254, 0.0593, 0.00123, 0.0894, 0.113, 0.478, 101.812] 7fN7PiNHrvhgHvuBdhxLhV
[0.195, 0.922, 0, -4.975, 0.0579, 7.84e-06, 0.0785, 0.11, 0.556, 177.922] 7qje4KXxXzDZsyo9TsSEwa
[0.34, 0.96, 2, -6.095, 0.0858, 7.87e-06, 5.16e-05, 0.078, 0.432, 112.337] 0WoOYvrMAbQfucOmiLZnQn
[0.263, 0.96, 7, -5.7, 0.15, 0.000328, 0.825, 0.0819, 0.0666, 130.148] 5KV9bNW1Ta4Z4PdHgu84TA
[0.618, 0.938, 9, -3.442, 0.0456, 0.0179, 0, 0.167, 0.875, 91.455] 3ZOEytgrvLwQaqXreDs2Jx
[0.458, 0.795, 0, -3.265, 0.0574, 0.00316, 0.000202, 0.0756, 0.513, 123.229] 64BbK9SFKH2jk86U3dGj2P
[0.595, 0.717, 0, -4.803, 0.0295, 0.0779, 0.00274, 0.108, 0.547, 88.969] 1G391cbiT3v3Cywg8T7DM1
[0.432, 0.895, 11, -3.682, 0.0504, 0.127, 1.16e-05, 0.141, 0.625, 104.458] 2aibwv5hGXSgw7Yru8IYTO
[0.592, 0.767, 9, -2.788, 0.027, 0.0021, 0.00165, 0.127, 0.328, 96.483] 48UPSzbZjgc449aqz8bxox
[0.451, 0.97, 0, -4.938, 0.107, 0.0264, 0.00355, 0.102, 0.198, 122.444] 1f2V8U1BiWaC9aJWmpOARe
[0.553, 0.865, 9, -4.751, 0.0409, 0.017, 1.05e-05, 0.267, 0.735, 96.161] 10Nmj3JCNoMeBQ87uw5j8k
[0.559, 0.345, 4, -13.496, 0.0459, 0.0576, 0.000105, 0.141, 0.458, 84.581] 3d9DChrdc6BOeFsbrZ3Is0
[0.7, 0.742, 5, -6.777, 0.0716, 0.0722, 0.0199, 0.11, 0.197, 91.959] 2oaK4JLVnmRGIO9ytBE1bt
[0.725, 0.803, 2, -4.083, 0.0337, 0.013, 3.66e-05, 0.0891, 0.403, 117.391] 1ndGB6rvxKYN9seCYO1dTF
[0.666, 0.936, 7, -9.919, 0.0476, 0.00244, 0.086, 0.153, 0.776, 91.577] 0uppYCG86ajpV2hSR3dJJ0
[0.504, 0.96, 0, -1.464, 0.183, 0.00417, 0.569, 0.0613, 0.774, 96.682] 0aGQHMr7bc23Y9Ts84ffop
[0.695, 0.993, 0, -3.102, 0.0614, 0.00194, 0.00217, 0.0877, 0.28, 107.933] 0itNMuBHye9fu392b4e9oa
[0.683, 0.734, 4, -4.523, 0.029, 0.00112, 0.0139, 0.258, 0.576, 106.254] 0PgNhIg5n0UAOBVn43b8b6
[0.378, 0.474, 4, -8.202, 0.0271, 0.28, 0.00138, 0.117, 0.38, 102.379] 7Gpr3kKk4BMgItz6UbI73q
[0.663, 0.546, 5, -5.234, 0.0269, 0.0322, 0.000572, 0.107, 0.656, 88.171] 3arKRnq9OUd7yq6LRwVW8I
[0.476, 0.979, 4, -3.506, 0.132, 0.0014, 0.00729, 0.0944, 0.416, 140.404] 5arVt2Wg0zbiWwAOZef2Nl
[0.343, 0.983, 0, -2.359, 0.212, 0.00107, 0.296, 0.0708, 0.186, 124.536] 1Se0r96r0gnqg67kJPmESc
[0.639, 0.839, 5, -4.703, 0.0634, 0.0446, 3.74e-06, 0.468, 0.603, 101.447] 0VLdJcQUsqHBBwqPp4CIKJ
[0.499, 0.705, 9, -5.596, 0.0669, 0.00399, 9.11e-06, 0.104, 0.36, 123.909] 308kjPoIVBzDNExO54sqAi
[0.623, 0.936, 0, -9.955, 0.0528, 0.000617, 9.86e-05, 0.269, 0.705, 101.514] 0psB5QzGb4653K0uaPgEyh
[0.591, 0.794, 4, -5.935, 0.069, 0.183, 0, 0.292, 0.875, 147.974] 6GsP3uMCd0Dn5T37C93waZ
[0.439, 0.709, 0, -3.545, 0.026, 0.00565, 0.00152, 0.131, 0.319, 81.331] 6HksxcBzMVdT17aq1Q79Xe
[0.524, 0.946, 11, -3.081, 0.0395, 0.00163, 0, 0.242, 0.613, 119.156] 37sSud1ZrTpwXPGJP0dbXI
[0.365, 0.804, 9, -5.922, 0.105, 0.104, 6.58e-05, 0.15, 0.577, 171.597] 2XTkpF9T2PKvcLgamGJGx1
[0.852, 0.651, 8, -6.254, 0.0411, 0.0432, 0.0192, 0.158, 0.96, 131.01] 5m578MgxuEC956dulprCe8
[0.313, 0.753, 4, -3.921, 0.0285, 0.0313, 2.25e-06, 0.142, 0.514, 176.748] 3L2Nyi3T7XabH8EEZFLDdX
[0.558, 0.924, 2, -2.312, 0.0367, 0.0887, 0.00326, 0.263, 0.344, 117.111] 39badcyKTjOtBvv4aywpfs
[0.607, 0.953, 2, -1.744, 0.0471, 0.0706, 2.94e-05, 0.213, 0.315, 118.885] 0GIDR7iLJgV5fJwdcv8TXo
[0.283, 0.982, 0, -0.32, 0.0703, 0.000204, 0.0756, 0.0627, 0.438, 124.149] 3DmOWG8OD9eR12180fmJqf
[0.476, 0.511, 8, -6.25, 0.0324, 0.319, 0.000129, 0.119, 0.339, 148.158] 0pjCkLjbgSLn5c0Ilwuv8z
[0.348, 0.686, 8, -12.748, 0.0319, 0.0233, 0.00256, 0.145, 0.635, 178.466] 0cG9ocYqYOIVtgiWTmTe3g
[0.56, 0.209, 7, -13.591, 0.039, 0.0132, 0.551, 0.342, 0.407, 140.744] 0NSbiBKXoODbsPwjSivfBr
[0.56, 0.953, 7, -2.372, 0.0851, 0.005, 1.6e-05, 0.226, 0.519, 111.911] 4RU7rnJBOXCzWmsLDqUaFC
[0.797, 0.642, 0, -8.082, 0.0725, 0.0799, 1.19e-05, 0.371, 0.667, 113.999] 3bIQIx7hveYPQDdhjZ1kcq
[0.574, 0.799, 2, -3.614, 0.0231, 0.144, 7.55e-05, 0.114, 0.446, 91.656] 0GRvnYqlnh7ttq9NS6s3Ta
[0.573, 0.994, 4, -0.407, 0.342, 0.0281, 0.00543, 0.367, 0.416, 114.563] 3s3oiCHAHLWmKZUYk1ozJG
[0.499, 0.816, 9, -3.913, 0.0358, 0.232, 0, 0.105, 0.275, 82.017] 6DfWymHzCYOH2ABUuHFaMe
[0.355, 0.87, 7, -3.82, 0.125, 0.00998, 0.000111, 0.114, 0.184, 114.484] 2pAho4WqtK5hQtgImHzT74
[0.468, 0.826, 6, -3.701, 0.0295, 0.000858, 5.01e-06, 0.104, 0.359, 102.817] 1ylzYcU6FGnuBqqdqqH7QL
[0.471, 0.721, 7, -3.496, 0.0277, 0.0579, 0, 0.094, 0.3, 92.882] 4jIPERh3FWrLH6w53dm0JV
[0.396, 0.657, 7, -7.691, 0.0311, 0.026, 0.907, 0.133, 0.245, 100.177] 0VNgwKioO0om8n9R3oBoIj
[0.54, 0.884, 4, -5.942, 0.256, 0.00119, 0.000295, 0.174, 0.338, 120.439] 3XLJoMMM0oRHD4gHq6jV9Z
[0.6, 0.912, 7, -3.449, 0.0724, 0.0198, 6.52e-05, 0.0883, 0.506, 110.339] 3SoDB59Y7dSZLSDBiNJ6o2
[0.709, 0.738, 7, -12.019, 0.048, 0.00236, 0.795, 0.073, 0.671, 96.24] 2R6go62CuxqqX0w1TgXxes
[0.439, 0.885, 4, -4.679, 0.0625, 0.000277, 0.00367, 0.372, 0.495, 92.738] 5y7IfSDhBHFVnlGj1UrlA1
[0.167, 0.975, 2, -4.279, 0.216, 0.000169, 0.0161, 0.172, 0.0918, 199.06] 0tp9eoX9x9RZ2STDVarBBs
[0.583, 0.996, 2, -2.301, 0.143, 0.0181, 9.83e-06, 0.2, 0.174, 100.508] 4xqNzk4pINoCZ2gUGbEQW7
[0.772, 0.888, 2, -6.273, 0.118, 0.0123, 0, 0.12, 0.706, 124.646] 0ytvC9tG03obop9RXqG3af
[0.25, 0.942, 9, -5.107, 0.148, 5.09e-05, 0.0273, 0.111, 0.244, 128.195] 1eLAEzLXUu6SFHS5rSCrx1
[0.49, 0.679, 8, -3.68, 0.0309, 0.00394, 1.54e-05, 0.0383, 0.506, 167.046] 1hwJKpe0BPUsq6UUrwBWTw
[0.538, 0.884, 8, -3.251, 0.031, 0.000138, 0, 0.466, 0.736, 146.511] 5vfjUAhefN7IjHbTvVCT4Z
[0.442, 0.943, 3, -3.205, 0.0602, 0.00293, 8.71e-06, 0.091, 0.781, 85.064] 6L89mwZXSOwYl76YXfX13s
[0.268, 0.742, 5, -4.939, 0.0355, 0.0518, 0, 0.626, 0.416, 159.779] 64yrDBpcdwEdNY9loyEGbX
[0.38, 0.988, 1, -2.042, 0.0639, 2.64e-05, 7.86e-05, 0.368, 0.769, 186.113] 6nTiIhLmQ3FWhvrGafw2zj
[0.546, 0.814, 7, -5.146, 0.0314, 0.023, 0, 0.0972, 0.146, 104.98] 3ZffCQKLFLUvYM59XKLbVm
[0.531, 0.909, 11, -4.236, 0.034, 0.0175, 0, 0.231, 0.814, 97.546] 1Dr1fXbc2IxaK1Mu8P8Khz
[0.475, 0.432, 7, -7.844, 0.0302, 0.183, 0, 0.161, 0.648, 94.605] 6ORqU0bHbVCRjXm9AjyHyZ
[0.3, 0.929, 1, -3.214, 0.0636, 0.000259, 2.26e-06, 0.329, 0.59, 147.116] 58KPPL1AdLHMvR2O2PZejr
[0.559, 0.543, 1, -5.429, 0.302, 0.00133, 2e-05, 0.0577, 0.337, 75.958] 1nLnpLXvl68RZCSjfkyiaa
[0.37, 0.96, 3, -4.162, 0.0378, 0.000241, 0.0116, 0.0563, 0.717, 89.428] 5kr3j5Clb9rjEposoMyLVt
[0.559, 0.955, 4, -3.924, 0.0412, 0.00237, 7.06e-05, 0.0566, 0.957, 129.98] 3gBiC50QtRYGuo9pL4fQfI
[0.37, 0.937, 1, -3.939, 0.0356, 7.37e-05, 0.00817, 0.0904, 0.874, 93.307] 4wsQGsdf8D0Bj26cGdvreB
[0.557, 0.834, 8, -4.371, 0.0335, 0.0219, 0, 0.329, 0.659, 137.69] 390SemxFYgPZ3FfGVqiIqt
[0.551, 0.965, 0, -2.772, 0.0452, 0.00576, 0, 0.171, 0.708, 137.841] 4qjfQnccStTR8zNsb6Mizo
[0.427, 0.773, 8, -4.222, 0.115, 0.00605, 4.02e-06, 0.0396, 0.695, 171.806] 1sinf9CWjDhKadJV7jobfS
[0.728, 0.92, 2, -2.828, 0.0294, 0.0673, 1.61e-05, 0.199, 0.892, 120.989] 0ue0gFLwvXd8qZIPg35Qiu
[0.381, 0.732, 10, -7.594, 0.0536, 0.00834, 0.0101, 0.0854, 0.814, 142.504] 3LRJbFT9rKoKv4aW7PuBJC
[0.628, 0.943, 1, -3.914, 0.0402, 0.000504, 0.000237, 0.152, 0.743, 104.041] 2Q22sa3Y4lKXHHBBAxEhYY
[0.54, 0.902, 1, -3.577, 0.0442, 0.0142, 0, 0.0756, 0.692, 75.033] 19YmvsVCetCBeVj6O2mljR
[0.424, 0.919, 9, -4.629, 0.1, 0.00306, 0.00674, 0.123, 0.684, 163.732] 6WlmA3HPHuNIR2mxI8LkZF
[0.312, 0.949, 9, -3.533, 0.0784, 0.00185, 1.78e-05, 0.0569, 0.65, 154.795] 11I3KKHv7g2pXiuqRDabRA
[0.519, 0.845, 5, -4.415, 0.0281, 0.0252, 2.41e-06, 0.0922, 0.532, 94.955] 2mnk1GHN0XmznKiucY4ZW4
[0.419, 0.971, 7, -3.622, 0.0909, 4.63e-05, 1.43e-05, 0.171, 0.677, 180.033] 3oqYMRKQcwyNmFn1VD2ukD
[0.276, 0.909, 9, -3.664, 0.0618, 0.00016, 4.76e-06, 0.0933, 0.344, 138.497] 5MqV2o7iLd0lNREZ7SYL05
[0.813, 0.547, 2, -5.936, 0.0344, 0.00104, 0.00335, 0.0914, 0.8, 119.998] 6CVWD0WRqwbR4HsiKHk1j3
[0.298, 0.963, 1, -3.105, 0.0473, 0.0108, 0, 0.178, 0.407, 114.944] 0RT1qESYHlNcUJI0Yo5Hzl
[0.67, 0.954, 9, -2.632, 0.0363, 0.000694, 0.000271, 0.133, 0.882, 105.998] 6pwt5G9ZKwM6I0GKVfIBb4
[0.412, 0.226, 7, -12.377, 0.0323, 0.895, 7.74e-05, 0.0871, 0.524, 168.139] 35weSxL477aChs1wx7oZS5
[0.627, 0.971, 2, -3.017, 0.0376, 0.00376, 4.11e-05, 0.246, 0.605, 101.0] 5pP3WtXwZ6HjcbuJ3vhDTZ
[0.863, 0.728, 11, -4.693, 0.0327, 0.208, 0, 0.104, 0.874, 108.958] 3zca0nsKOLnN28ftZEXAQn
[0.499, 0.958, 9, -5.417, 0.0898, 0.000326, 2.19e-06, 0.432, 0.359, 127.491] 278Ao6KQDxWGGszv24uvhI
[0.296, 0.929, 9, -3.068, 0.0751, 0.000722, 5.83e-06, 0.349, 0.411, 123.709] 4wH29TM74O3788Kn1KzWuY
[0.526, 0.923, 11, -4.089, 0.0282, 0.00247, 0.000164, 0.0866, 0.775, 121.597] 5Rjm3VIMlxAEIEy5gU2bF7
[0.456, 0.985, 1, -2.597, 0.0765, 0.000473, 0, 0.0839, 0.874, 154.343] 5Mhe8G8RHdQWR30lStPvO5
[0.494, 0.993, 1, -2.919, 0.0705, 3.27e-05, 0.0241, 0.173, 0.777, 93.972] 0EonrvTzzNScmk7QT4L3dw
[0.5, 0.921, 6, -5.261, 0.0355, 0.000165, 0.00118, 0.0959, 0.891, 90.861] 7dVDWf0wud70V4PgYfKnaG
[0.475, 0.949, 0, -3.431, 0.0859, 0.00041, 0, 0.0646, 0.669, 172.035] 3CgT96psOXwPssPNvYPclP
[0.254, 0.995, 1, -3.068, 0.0669, 3.01e-05, 4.14e-05, 0.0392, 0.843, 159.336] 6uWp8yAt8dN5ZaT7REJ6RV
[0.437, 0.988, 4, -3.174, 0.0727, 7.4e-05, 0.000338, 0.599, 0.625, 175.976] 206n37mZTmloL45RYhmMlP
[0.522, 0.963, 1, -3.31, 0.0528, 0.00104, 0, 0.149, 0.782, 136.515] 5JwuHzmJCmHuHGjP9W6KtK
[0.338, 0.992, 10, -4.907, 0.073, 0.000138, 0.000228, 0.214, 0.681, 171.552] 435j8ueVosOip0Vjm3vvj5
[0.221, 0.887, 10, -8.396, 0.0537, 0.00023, 0.177, 0.159, 0.638, 173.569] 1Cq8IdsiaMiieYuLN8iEm0
[0.404, 0.322, 1, -10.904, 0.0582, 0.0341, 2.31e-05, 0.123, 0.776, 82.2] 409hGnupGUeqjzpv4Ycs3g
[0.306, 0.982, 3, -2.822, 0.0828, 2.78e-05, 0.000386, 0.0325, 0.893, 191.838] 0CXOYEN8m6MuyVY0F1vJTb
[0.317, 0.958, 9, -4.051, 0.0989, 0.00089, 0.000184, 0.103, 0.422, 137.921] 3RBXNeUbe3X7ZBch00D2St
[0.531, 0.872, 3, -5.064, 0.0492, 0.00171, 0.0863, 0.109, 0.877, 128.211] 5z2XqieaqxpCJc3ntZ6Ye3
[0.449, 0.938, 1, -6.36, 0.0455, 0.00181, 0, 0.353, 0.825, 89.695] 0eUJzAGs9OKSOmLVpsng7e
[0.172, 0.97, 8, -5.104, 0.0409, 5.03e-05, 0.00479, 0.257, 0.881, 182.451] 4oqF9y2thGJh7hFd1hqItt
[0.199, 0.975, 10, -5.609, 0.0559, 0.000109, 0, 0.23, 0.758, 177.442] 1gPwAnimmoEt2y3LXa9ysx
[0.765, 0.788, 3, -9.896, 0.0332, 0.0166, 0.588, 0.0513, 0.964, 126.879] 3Y8Ff1nH44jFywAtpgmleZ
[0.404, 0.72, 10, -9.18, 0.0626, 5.59e-05, 0.836, 0.0466, 0.475, 121.649] 4qMzPtAZe0C9KWpWIzvZAP
[0.456, 0.826, 8, -7.611, 0.0268, 3.35e-05, 0.57, 0.0548, 0.415, 82.539] 3cahGAUUQ0n55EjLBs2Wjo
[0.527, 0.418, 4, -10.204, 0.0277, 0.142, 0.775, 0.139, 0.218, 129.516] 7A8caPxvrT8ZgLvQPPUCcj
[0.287, 0.67, 6, -9.381, 0.0368, 6.28e-05, 0.748, 0.237, 0.222, 148.928] 4iCGSi1RonREsPtfEKYj5b
[0.438, 0.73, 8, -7.105, 0.0461, 3.39e-05, 0.553, 0.0509, 0.705, 128.04] 1o2jjiTtiVJEtQyYzcRHnm
[0.382, 0.867, 9, -7.426, 0.0399, 5.91e-06, 0.581, 0.196, 0.453, 87.309] 0F2LiyHp9E0pAanpfnzHNp
[0.604, 0.85, 8, -5.977, 0.0674, 0.000383, 0.153, 0.0531, 0.78, 160.35] 16YybWFlwLIqnkkjrw1GHZ
[0.432, 0.417, 2, -9.756, 0.0357, 0.00877, 0.923, 0.107, 0.187, 144.021] 3eMYc6FK9XvyauIaxcJtRS
[0.646, 0.916, 4, -6.288, 0.0439, 0.00859, 0.612, 0.494, 0.54, 114.278] 5eua2V2VaB3A8Tmn7bwtNq
[0.482, 0.528, 10, -10.426, 0.0272, 0.000107, 0.543, 0.0839, 0.0882, 146.043] 0AJTKW9fVFo3rIXbtTVE3T
[0.422, 0.208, 10, -15.886, 0.0318, 0.896, 0.0265, 0.192, 0.354, 111.546] 2dc1BYopTHgviDXawShfME
[0.271, 0.759, 6, -7.419, 0.0327, 3.37e-06, 0.842, 0.335, 0.381, 136.081] 3RciEQxS7PxtLqMs7OwRsU
[0.606, 0.332, 6, -12.715, 0.0324, 0.000913, 0.397, 0.151, 0.0796, 126.625] 02BSpb2sKuFgs0Go3LRbTj
[0.31, 0.499, 9, -7.992, 0.0374, 0.000388, 0.665, 0.25, 0.197, 145.575] 14qjT3Buddv5GxpVTBw985
[0.56, 0.966, 2, -1.018, 0.0353, 4.73e-05, 0.00129, 0.179, 0.468, 130.968] 0azl8sUKPLwTYDbEqyUPuY
[0.25, 0.685, 10, -8.731, 0.0344, 7.37e-06, 0.822, 0.0939, 0.336, 90.315] 583InhqAFS5kMg3FNOBQI6
[0.264, 0.936, 5, -5.067, 0.0946, 0.000101, 0.594, 0.199, 0.351, 146.837] 4EhbLHYOXzEoPmOfaVoIIW
[0.195, 0.665, 0, -9.097, 0.0345, 2.8e-06, 0.928, 0.0723, 0.358, 89.005] 1nbXNrayQOc9UGVEudhlaT
[0.291, 0.281, 7, -11.798, 0.0324, 0.0241, 0.83, 0.115, 0.0981, 134.683] 2EogyXM3vYmepKPkuaRAi5
[0.401, 0.918, 8, -8.204, 0.0693, 5.01e-06, 0.881, 0.365, 0.379, 108.297] 2MJU4Ct0DHikcmaZnM1C4R
[0.685, 0.417, 8, -9.67, 0.0485, 0.00519, 0.434, 0.333, 0.839, 158.086] 01hrUYtUbLQeSiLX60mAoJ
[0.581, 0.314, 1, -12.589, 0.0267, 0.0203, 0.763, 0.111, 0.0514, 126.728] 7J9PTba0GLg9VYSM4PCIYF
[0.537, 0.854, 2, -6.32, 0.0293, 0.00137, 0.877, 0.0999, 0.389, 107.867] 1P5dqn2alGf98KJzWU6iCE
[0.267, 0.654, 8, -7.063, 0.0332, 7.74e-05, 0.895, 0.136, 0.599, 80.885] 3HnsSHTG7QEi77hyfmUefV
[0.362, 0.409, 1, -14.268, 0.0314, 0.0158, 0.739, 0.354, 0.0447, 120.558] 6VVdZb0c2y0Mr1zYVUYOib
[0.303, 0.925, 8, -7.33, 0.0622, 9.27e-06, 0.759, 0.0707, 0.303, 125.252] 17ooOIy6AVLrZZapwldz7e
[0.294, 0.544, 2, -9.836, 0.034, 0.00166, 0.441, 0.37, 0.113, 165.933] 5vru13VROtnyexNtXsCSl5
[0.385, 0.354, 0, -11.759, 0.0252, 0.00916, 0.846, 0.249, 0.108, 104.587] 4cMIz8ThlNNFjLIsWGzm47
[0.473, 0.924, 3, -6.334, 0.0523, 0.000243, 0.402, 0.291, 0.498, 150.007] 1eLiYAsPJSE2YIgUvjXJXy
[0.244, 0.523, 8, -12.076, 0.0386, 0.248, 0.14, 0.369, 0.148, 183.219] 71s7gzLPt9bye9vFuIHagb
[0.383, 0.73, 9, -8.339, 0.0387, 0.000136, 0.872, 0.14, 0.271, 109.461] 05ncVYDZpFvQLKu72kRdjI
[0.294, 0.46, 2, -11.808, 0.0519, 0.00366, 0.801, 0.0841, 0.0373, 126.717] 2MSqisZ5NPsn2A5uQzzNsT
[0.261, 0.483, 5, -9.977, 0.031, 9.74e-05, 0.861, 0.0828, 0.142, 140.58] 2UnLhBA70OQLGjBINIM6LF
[0.378, 0.855, 10, -8.807, 0.0753, 0.000146, 0.822, 0.137, 0.214, 123.064] 56GPFH3Ya76sgwZjwmJWcl
[0.32, 0.739, 11, -8.375, 0.0503, 0.000127, 0.749, 0.21, 0.239, 114.307] 1Knvtd2bSF8L0tloTTosdy
[0.486, 0.729, 6, -7.196, 0.0424, 8.3e-06, 0.883, 0.047, 0.798, 107.545] 1BcRP7VMAybvCo0eFb09ZI
[0.417, 0.84, 4, -7.861, 0.032, 1.22e-05, 0.575, 0.277, 0.255, 98.648] 3so2oO0PUu9Mj5YTgVd3ef
[0.483, 0.756, 4, -3.706, 0.0338, 2.63e-06, 0.592, 0.142, 0.295, 119.908] 4Mv5chCOP1NNbM20kiFQJ7
[0.293, 0.25, 9, -10.333, 0.0403, 0.0126, 0.526, 0.0971, 0.18, 82.417] 7lkzOeakZJvF5TpkZjHxDK
[0.242, 0.905, 2, -6.929, 0.0484, 5.37e-05, 0.321, 0.116, 0.624, 93.785] 1eeomkGph9F87Lfi4PTYhr
[0.543, 0.872, 4, -3.035, 0.0685, 0.000201, 0.16, 0.113, 0.363, 123.447] 6AzoBXNEFIIWO8lSmvXRn0
[0.121, 0.884, 10, -5.833, 0.0393, 1.44e-06, 0.831, 0.172, 0.404, 92.608] 2d6dhdNVmJjrcVhSzQaYRt
[0.349, 0.923, 8, -4.965, 0.0542, 5.8e-06, 0.882, 0.118, 0.437, 98.223] 1060Uh0w75iNTjnpfhkMhq
[0, 0, 0, -60.0, 0, 0, 0, 0, 0, 0] 49uJX6w9Xiwb8gpsgKmAQs
[0, 0, 0, -60.0, 0, 0, 0, 0, 0, 0] 6Xz5BZFSSj2LOFWQnpaRgr
[0.225, 0.547, 2, -11.39, 0.0315, 0.000781, 0.809, 0.115, 0.124, 161.473] 5d4VMTj9kELVkM67SstLe8
[0.479, 0.831, 9, -7.958, 0.0357, 0.000131, 0.863, 0.194, 0.576, 103.058] 1iRfjB3HDUGIi54bTJafsT
[0.24, 0.589, 2, -7.931, 0.0349, 0.00069, 0.693, 0.0815, 0.148, 83.762] 5ZhOFEPjbmlNyStoMi0SHt
[0.401, 0.676, 8, -10.948, 0.0336, 0.000236, 0.384, 0.119, 0.377, 183.612] 7wFYTyLtlJhCL2VTkKsnHR
