[0.501, 0.405, 1, -5.679, 0.0319, 0.751, 0, 0.105, 0.446, 109.891] 2TIlqbIneP0ZY1O0EzYLlc
[0.409, 0.137, 6, -9.169, 0.0446, 0.928, 0, 0.0706, 0.106, 162.08] 26z6V1SijQq6J3gPIu1H7t
[0.589, 0.242, 6, -10.517, 0.0442, 0.914, 0, 0.0887, 0.257, 89.749] 4VuS959DSpr82t3qBqCrWG
[0.407, 0.147, 2, -8.822, 0.0355, 0.857, 2.89e-06, 0.0913, 0.0765, 141.284] 6Vc5wAMmXdKIAM7WUoEb7N
[0.264, 0.122, 9, -15.399, 0.0349, 0.885, 0.349, 0.094, 0.0735, 148.658] 54KFQB6N4pn926IUUYZGzK
[0.623, 0.276, 5, -8.893, 0.0287, 0.89, 0, 0.146, 0.308, 99.623] 29f11nLUcMYQ2Ndbnb7N0o
[0.405, 0.111, 0, -11.879, 0.0369, 0.964, 4.37e-05, 0.0872, 0.219, 116.86] 5sF7hdYvhrcgNq8NZjfK8L
[0.586, 0.624, 5, -5.946, 0.113, 0.0153, 1.78e-06, 0.133, 0.267, 68.976] 6lOWoTqVnAWXchddtTH31W
[0.531, 0.269, 1, -10.6, 0.0406, 0.866, 0, 0.116, 0.52, 84.186] 5UqivtkoiPTXrJu6GIt1mh
[0.552, 0.643, 0, -7.36, 0.0327, 0.0364, 0.74, 0.105, 0.212, 120.012] 7jqzZyJJLrpkRFYGpkqSK6
[0.553, 0.586, 11, -6.319, 0.0362, 0.697, 0, 0.0813, 0.443, 126.684] 3EPXxR3ImUwfayaurPi3cm
[0.556, 0.31, 3, -9.33, 0.0302, 0.865, 0, 0.0793, 0.492, 104.776] 2HfKpWYPx4Os46z1K7yE4k
[0.747, 0.474, 1, -6.989, 0.0381, 0.667, 5.22e-06, 0.0828, 0.404, 107.965] 5IwVlJxGZ3WYfM1FPVWcQw
[0.397, 0.303, 1, -10.413, 0.11, 0.798, 4.16e-06, 0.0824, 0.17, 170.22] 0STK94RxUulYqWzwFlyAb5
[0.487, 0.146, 10, -15.225, 0.038, 0.897, 1.9e-06, 0.106, 0.261, 96.065] 4cRVPfsnX1r3S3GzXRy2wt
[0.499, 0.181, 9, -15.359, 0.0429, 0.745, 0.00123, 0.106, 0.0747, 111.956] 1tT55K6VEyO6XFDxK4lDQe
[0.461, 0.29, 1, -7.999, 0.0349, 0.855, 0, 0.103, 0.412, 144.739] 60wa5J6SkXtBXHySQ3PoNB
[0.522, 0.385, 0, -7.355, 0.0288, 0.536, 0, 0.135, 0.236, 89.792] 2RttW7RAu5nOAfq6YFvApB
[0.45, 0.335, 7, -7.464, 0.0298, 0.785, 1.25e-06, 0.0979, 0.25, 109.908] 3DKpA54hrFIdPN6AtL9HXa
[0.536, 0.317, 6, -8.752, 0.0359, 0.402, 0, 0.11, 0.319, 143.89] 2wHA4yJKT8TJhGz20QxUqX
[0.426, 0.224, 6, -8.683, 0.0391, 0.948, 0, 0.112, 0.399, 85.728] 5nNTGNbxS30PX6sZpYh9hJ
[0.387, 0.234, 0, -8.861, 0.0373, 0.736, 0, 0.084, 0.408, 78.65] 6MLHg35rlksBc5OBcdZvJi
[0.535, 0.297, 6, -6.043, 0.0665, 0.653, 0, 0.118, 0.0492, 147.569] 1WO6kvO7P8TOsuhBaqun5w
[0.404, 0.531, 1, -4.328, 0.103, 0.215, 0, 0.0521, 0.321, 164.848] 1uru26I2JKd2mQZt0MDCUe
[0.387, 0.249, 9, -13.233, 0.0437, 0.918, 0, 0.103, 0.346, 94.039] 43MP9F7UzvfilSrw2SqZGJ
[0.498, 0.0776, 8, -19.895, 0.0341, 0.865, 0.000917, 0.0966, 0.11, 110.123] 6DHrHYsp1Xt11qqgN5bo2u
[0.287, 0.292, 5, -8.32, 0.028, 0.784, 0.000723, 0.0879, 0.142, 86.736] 1sYFMF9wb8M6ZoY5C1Eltj
[0.385, 0.411, 7, -6.438, 0.0288, 0.705, 7.03e-06, 0.0913, 0.2, 128.884] 6X9vWVAjTvTSECvjKX1hYY
[0.638, 0.25, 4, -5.854, 0.0403, 0.865, 0, 0.11, 0.319, 98.367] 6jApoxmm4K0yhJlSBONwjz
[0.454, 0.566, 7, -8.053, 0.0583, 0.373, 0.00153, 0.0588, 0.424, 136.165] 5zxJlZh20vaB1TcZAUZ8Pz
[0.457, 0.333, 5, -9.76, 0.131, 0.729, 0, 0.166, 0.251, 166.463] 0dlTFvu6sfzEenCh2IAPmu
[0.308, 0.0769, 9, -12.863, 0.0446, 0.916, 1.75e-06, 0.134, 0.158, 77.132] 4jb9Z2txvxCNnQDBecoQdT
[0.626, 0.528, 4, -5.043, 0.0359, 0.35, 5.48e-06, 0.0995, 0.274, 119.52] 2x7mjuJxIRphPtfTSWNDgp
[0.492, 0.189, 6, -6.545, 0.0397, 0.95, 0, 0.266, 0.259, 127.716] 55Fs8h2Ui6YQZEFNaM7MdC
[0.517, 0.188, 10, -13.069, 0.0616, 0.884, 1.07e-05, 0.109, 0.257, 135.691] 2NsW7nEPsgmqUqEO7GJ83F
[0.638, 0.349, 11, -8.858, 0.031, 0.739, 0.00705, 0.122, 0.194, 130.233] 2PDtjfXQMbuMazcNd7JtqF
[0.437, 0.719, 6, -4.569, 0.0376, 0.00697, 3.86e-05, 0.0765, 0.284, 169.976] 5KGTKwOePys7aH4o6EzXEP
[0.367, 0.155, 3, -11.056, 0.0322, 0.913, 0.00054, 0.0963, 0.212, 125.911] 3nXtl3fvpEbUK1Cgfav9Of
[0.681, 0.34, 7, -8.617, 0.0339, 0.82, 0, 0.285, 0.417, 129.98] 1Fo4OvzP9PThFKMeMIAEYu
[0.446, 0.527, 2, -6.224, 0.0347, 0.127, 0, 0.113, 0.331, 69.657] 4825x6Yy20mNZ4Ll5XyA9g
[0.397, 0.398, 4, -9.554, 0.0763, 0.591, 1e-06, 0.11, 0.234, 77.301] 5J1743g5YKc2D6BUNy0mPb
[0.44, 0.207, 8, -13.123, 0.0925, 0.881, 0, 0.0986, 0.426, 85.97] 5m7M30brOVq7X6PZFJU9U9
[0.326, 0.283, 2, -8.718, 0.0361, 0.774, 0.00658, 0.217, 0.153, 136.218] 4L38PDowEFkcn4IYhx8tdY
[0.378, 0.254, 7, -9.021, 0.0353, 0.844, 0, 0.111, 0.373, 78.978] 27hauwRp0G2YflSJfkmD3o
[0.613, 0.184, 1, -11.593, 0.0325, 0.883, 0.000168, 0.116, 0.327, 95.755] 2nTITKWWwWzJR5Cnk0YEXh
[0.692, 0.459, 8, -8.042, 0.112, 0.375, 0, 0.205, 0.398, 137.987] 3aCaXpvZDTXDgJtScOiPxv
[0.418, 0.484, 2, -10.385, 0.0304, 0.37, 0.46, 0.111, 0.0311, 109.011] 2xzHM5HxH8V7f4tIK79h0L
[0.602, 0.431, 0, -5.03, 0.032, 0.687, 0, 0.108, 0.419, 82.958] 13XbTTKabl4zIeqvgwkNaU
[0.531, 0.499, 0, -8.793, 0.0403, 0.416, 0, 0.131, 0.182, 118.059] 1bb9eogTs9f8FrxlQ8Rvr2
[0.449, 0.118, 0, -16.951, 0.0684, 0.935, 2.06e-05, 0.173, 0.104, 125.965] 2tuL0Nbi9K4qsrlyapuXRe
[0.413, 0.272, 1, -11.568, 0.0317, 0.945, 0.0279, 0.112, 0.355, 109.69] 21xRlfE6OjTAFQ4wd9u8IU
[0.646, 0.371, 1, -8.645, 0.0575, 0.319, 0, 0.218, 0.24, 81.096] 0olEV0xHPcpVOPZfg4MSgR
[0.63, 0.423, 2, -7.705, 0.0318, 0.507, 2.24e-06, 0.219, 0.319, 90.019] 0z29wv0x2IXrpWxNgICET7
[0.491, 0.643, 0, -5.728, 0.24, 0.48, 0, 0.0939, 0.38, 75.353] 68PeaGfaZL9SahOS2z2zsa
[0.553, 0.445, 10, -11.53, 0.0446, 0.47, 0.00182, 0.163, 0.0529, 144.986] 3AyqL43OEZwcDRyvf1SYgc
[0.551, 0.0804, 0, -9.946, 0.0595, 0.961, 0, 0.128, 0.234, 129.985] 3qs3jRO896bvMIWfyBh7W0
[0.686, 0.358, 6, -9.539, 0.29, 0.788, 0, 0.117, 0.3, 86.205] 539hqMQimmO5nyZbYayP7q
[0.435, 0.191, 10, -12.436, 0.0396, 0.919, 0.033, 0.114, 0.193, 112.1] 6MaknzNd585rY4P4pIyZiv
[0.526, 0.692, 5, -5.355, 0.0395, 0.55, 0, 0.095, 0.474, 172.148] 5gyOYM38bMhQJTia4p9FKp
[0.431, 0.458, 5, -6.475, 0.0366, 0.784, 0, 0.347, 0.258, 117.713] 44XOK4xd2fffbILgkvuaKl
[0.435, 0.155, 1, -8.948, 0.046, 0.873, 0, 0.107, 0.0935, 128.532] 4L2K7JKseFCBoHMZEAszW0
[0.643, 0.17, 5, -9.061, 0.0389, 0.963, 3.38e-05, 0.107, 0.337, 79.282] 0Peh9vSnImMMTznniOJcsj
[0.498, 0.104, 1, -14.08, 0.0621, 0.979, 7.86e-05, 0.0895, 0.205, 124.001] 14JzyD6FlBD5z0wV5P07YI
[0.455, 0.228, 5, -12.343, 0.0364, 0.836, 0, 0.106, 0.142, 118.499] 6usQ5BOBsRY5Dc49kwXsTw
[0.396, 0.0695, 7, -20.337, 0.0399, 0.967, 0.105, 0.0996, 0.0391, 137.149] 2aFC6EAvz25EC0osKd8PK0
[0.512, 0.184, 9, -8.812, 0.0587, 0.866, 0, 0.284, 0.37, 85.82] 4CYBfRX3oEPni9Elqm8Bnt
[0.678, 0.491, 5, -5.815, 0.0358, 0.565, 2.78e-05, 0.0772, 0.519, 81.997] 1VbhR6D6zUoSTBzvnRonXO
[0.512, 0.263, 1, -7.141, 0.0306, 0.761, 0, 0.118, 0.262, 139.772] 3sfepRu8KYCfKoPOsH6ym3
[0.379, 0.29, 4, -8.485, 0.051, 0.952, 0.00106, 0.118, 0.169, 166.467] 6k8kLJFmWkHaTbSLUhJ3H0
[0.685, 0.199, 1, -12.977, 0.0422, 0.752, 0.00655, 0.116, 0.0744, 122.085] 0JN8OB0TwY4KnXuBZIVnsK
[0.732, 0.322, 8, -10.172, 0.0625, 0.785, 9.12e-06, 0.103, 0.428, 114.977] 7zaF4efY1N7opI2VRYUtjt
[0.397, 0.249, 5, -10.484, 0.0394, 0.926, 0, 0.115, 0.329, 79.614] 0c99BUd87HQfzgUUQqRyds
[0.351, 0.296, 4, -10.109, 0.0333, 0.934, 0, 0.095, 0.12, 115.284] 0u2P5u6lvoDfwTYjAADbn4
[0.554, 0.318, 3, -13.288, 0.0392, 0.289, 0.397, 0.123, 0.0565, 130.11] 6mHw0o12JUfDodSxMwp8TI
[0.653, 0.378, 5, -8.273, 0.0533, 0.658, 0, 0.177, 0.54, 91.835] 0mel2N9Ws9r4yLQn5QE21Y
[0.605, 0.191, 0, -11.548, 0.0444, 0.629, 1.21e-05, 0.0733, 0.365, 124.233] 3wF0zyjQ6FKLK4vFxcMojP
[0.398, 0.2, 1, -13.003, 0.0306, 0.909, 0.00122, 0.149, 0.101, 135.175] 2dIfvATnIVbdpWPpdk2sJQ
[0.558, 0.632, 9, -8.339, 0.284, 0.832, 0.105, 0.198, 0.519, 161.764] 1F7ZElvJAvWKQ7UaPXg9cF
[0.553, 0.586, 11, -6.319, 0.0362, 0.697, 0, 0.0813, 0.443, 126.684] 3EPXxR3ImUwfayaurPi3cm
[0.4, 0.106, 3, -16.051, 0.0398, 0.909, 0.0985, 0.165, 0.0791, 85.593] 0pQlcs8qsOOLphM8laWr5v
[0.522, 0.256, 10, -11.216, 0.0258, 0.86, 0.000825, 0.142, 0.13, 76.35] 1fYouLdK3PkOMPnx4CPxTY
[0.62, 0.288, 4, -9.431, 0.123, 0.801, 0, 0.344, 0.691, 100.385] 5Cv1xqpyciZZuHHR7xr2l0
[0.483, 0.271, 10, -10.981, 0.0569, 0.835, 0, 0.13, 0.134, 86.856] 6PmhCEPMjhSo9j8hz767xy
[0.71, 0.19, 4, -11.137, 0.0401, 0.697, 0, 0.0788, 0.495, 105.14] 45iRSkMxq7aohzs3qu1ZtX
[0.643, 0.117, 3, -13.048, 0.0355, 0.958, 0.000342, 0.108, 0.501, 120.611] 6r44uyKRo3jKFRkThTZBXu
[0.437, 0.301, 0, -8.519, 0.0384, 0.645, 0, 0.117, 0.203, 126.016] 22uyZjmZR0DX8FyrIwQl35
[0.457, 0.324, 6, -15.459, 0.031, 0.926, 0.00717, 0.108, 0.372, 129.131] 4sVnlrSGaRwnBaj35C2wXu
[0.334, 0.397, 7, -7.993, 0.0283, 0.558, 0.0781, 0.126, 0.0351, 92.291] 0u4rkpmNtgcFxYHepnVF4v
[0.534, 0.434, 3, -9.423, 0.0277, 0.0932, 0.0126, 0.142, 0.0395, 140.632] 4bPkBHKLKd9WHizsvM2zV3
[0.365, 0.487, 1, -9.919, 0.033, 0.778, 0.247, 0.147, 0.199, 130.025] 5EKm2REw8HdwoadlQKffFJ
[0.388, 0.372, 6, -5.72, 0.0468, 0.928, 0, 0.146, 0.285, 89.701] 5NRl32BO29q8xtWFvOlHZE
[0.71, 0.27, 7, -9.541, 0.0283, 0.658, 4.67e-06, 0.115, 0.684, 131.876] 5nhptWSQJ8WRqHGJDJXrPM
[0.553, 0.274, 1, -12.564, 0.0379, 0.798, 7.13e-06, 0.103, 0.208, 86.672] 3g2koMSfvsAGKcBAHyFtUF
[0.447, 0.206, 3, -11.75, 0.0519, 0.956, 4.56e-06, 0.107, 0.327, 66.734] 7fkXzzIVo98CgjOkpd9H0V
[0.784, 0.483, 6, -8.8, 0.0678, 0.267, 4.81e-06, 0.102, 0.424, 140.004] 5XIU8GiNnpacRK1cWec8QZ
[0.596, 0.32, 8, -10.204, 0.0674, 0.726, 0, 0.0907, 0.507, 81.711] 5vmSMCACbvvNyj71zAMRQ9
[0.62, 0.11, 8, -13.704, 0.0416, 0.949, 6.28e-06, 0.16, 0.211, 111.362] 3tapy5b2W7awg3c3evHnQC
[0.587, 0.201, 10, -13.299, 0.0301, 0.469, 2.58e-05, 0.119, 0.3, 90.018] 04rMpRstoJt3uvqyNGKczX
[0.494, 0.267, 0, -11.54, 0.0308, 0.935, 5.58e-05, 0.128, 0.166, 115.117] 5Iy1wdO0tMaHwKnfFYtlel
[0.444, 0.179, 1, -12.938, 0.0396, 0.952, 0.00056, 0.107, 0.119, 72.255] 4KlL5Bwlm4yHYxr0B2rHci
[0.55, 0.625, 0, -7.528, 0.032, 0.034, 0.62, 0.141, 0.215, 120.027] 1ZGRG4rjkltlWg6jxcaWKW
[0.614, 0.379, 4, -10.48, 0.0476, 0.607, 0.000464, 0.0986, 0.201, 107.989] 1HNkqx9Ahdgi1Ixy2xkKkL
[0.639, 0.549, 11, -5.383, 0.0278, 0.0327, 4.86e-06, 0.411, 0.331, 125.976] 3Rxpxsqie949ScP6POvCyv
[0.422, 0.321, 5, -8.952, 0.0294, 0.76, 2.33e-06, 0.429, 0.28, 78.533] 6ZeQp2XTOiPCePWRfCHSo5
[0.669, 0.138, 10, -13.504, 0.0534, 0.766, 0, 0.0924, 0.561, 152.676] 3GnXR8uG3BlYRjkx9PSAlr
[0.488, 0.487, 4, -6.371, 0.0307, 0.577, 0, 0.193, 0.217, 77.344] 7jDe24vXWUNX8Jl2hZHrIS
[0.616, 0.204, 6, -11.421, 0.0331, 0.919, 0, 0.106, 0.419, 79.826] 5dXI2NV7X2c4anyLFbQdEX
[0.619, 0.378, 1, -9.343, 0.0308, 0.978, 0.0023, 0.103, 0.677, 91.91] 325e3Lkx4AodxGNsqHiaG4
[0.616, 0.209, 9, -13.43, 0.406, 0.902, 0, 0.139, 0.336, 86.891] 0ygAYQQy7bfDN6gH640bbl
[0.387, 0.473, 10, -6.93, 0.0345, 0.461, 5.04e-05, 0.0839, 0.261, 200.764] 4k5FaS9QHmeJNu7kDNkLnO
[0.405, 0.111, 0, -11.879, 0.0369, 0.964, 4.37e-05, 0.0872, 0.219, 116.86] 5sF7hdYvhrcgNq8NZjfK8L
[0.71, 0.0565, 7, -15.099, 0.0534, 0.965, 0, 0.0889, 0.348, 123.994] 4h0zU3O9R5xzuTmNO7dNDU
[0.314, 0.207, 0, -14.707, 0.0314, 0.97, 0.0046, 0.0823, 0.0524, 76.529] 3LSY9s9h6RmHRTXOtRA5oK
[0.361, 0.446, 0, -6.044, 0.0281, 0.95, 1.32e-05, 0.132, 0.212, 155.542] 0X1FYVkgy7Tfw79cY3C7lx
[0.62, 0.611, 7, -4.051, 0.043, 0.122, 0, 0.147, 0.341, 144.91] 6LtadgcvAnhtCsmRB5BBCs
[0.546, 0.311, 1, -10.396, 0.0288, 0.818, 1.65e-05, 0.107, 0.246, 147.464] 40EB7ABUO6MoWMUwPKptJ7
[0.42, 0.182, 10, -11.864, 0.032, 0.938, 0.000237, 0.164, 0.434, 130.081] 1hVQx6bg4uKPljAUkNjpY2
[0.579, 0.263, 0, -10.411, 0.032, 0.819, 0, 0.0808, 0.228, 125.001] 0Mq0reDcNpgmQkjHfzpJrp
[0.8, 0.615, 8, -5.994, 0.282, 0.788, 0, 0.111, 0.277, 87.948] 6fFSDDBO5Gc9Y2i2CA8vZI
[0.638, 0.656, 5, -5.886, 0.0357, 0.188, 0, 0.146, 0.225, 104.036] 7wZUrN8oemZfsEd1CGkbXE
[0.641, 0.176, 6, -11.692, 0.0349, 0.638, 5.14e-06, 0.252, 0.297, 76.031] 5pY3ovFxbvAg7reGZjJQSp
[0.471, 0.431, 5, -6.129, 0.0342, 0.329, 0, 0.0854, 0.289, 157.98] 1MDoll6jK4rrk2BcFRP5i7
[0.317, 0.57, 0, -5.331, 0.0324, 0.242, 0, 0.145, 0.322, 84.253] 1Yw6ViCo3tuufI0Hg4mzSU
[0.585, 0.103, 8, -13.565, 0.0399, 0.948, 4.51e-06, 0.173, 0.186, 110.919] 7LZPUnAC0rBCXSLIflzE3I
[0.579, 0.292, 0, -9.232, 0.0305, 0.722, 1.63e-06, 0.108, 0.145, 122.363] 3FN40c3kn4fG46JcrGBYD7
[0.269, 0.297, 1, -10.605, 0.0299, 0.824, 0, 0.148, 0.128, 142.808] 7fZFLzIHEIk0i28NjH9g24
[0.563, 0.466, 9, -6.301, 0.0412, 0.305, 0, 0.103, 0.218, 149.741] 0TrsdzPE9PVvLk7IYRnO8T
[0.302, 0.461, 5, -6.166, 0.0292, 0.43, 5.61e-06, 0.122, 0.0932, 142.434] 4hrAKlxfblnG7llBEEX7TR
[0.589, 0.689, 0, -7.035, 0.0464, 0.552, 0, 0.123, 0.182, 97.973] 5XxoHuEqz6PEaaIjM5mTgP
[0.323, 0.119, 5, -17.892, 0.05, 0.962, 0.000348, 0.106, 0.176, 89.862] 7apw8m9lHQjvuUVfMAm4kZ
[0.765, 0.473, 10, -5.829, 0.0514, 0.287, 0, 0.391, 0.34, 119.992] 2vDT1uU6hZgdp3PbWGr0Xy
[0.726, 0.375, 4, -8.295, 0.0336, 0.636, 0, 0.0894, 0.762, 106.854] 2L8v9XGq0NpHQBQBNCRID8
[0.209, 0.418, 3, -8.74, 0.0338, 0.163, 0.00195, 0.113, 0.123, 138.265] 7LVHVU3tWfcxj5aiPFEW4Q
[0.521, 0.271, 6, -12.782, 0.168, 0.746, 0, 0.096, 0.154, 92.239] 47W8cXL6JXzn9WJojjAtId
[0.447, 0.592, 6, -3.015, 0.0319, 0.0575, 4.47e-06, 0.13, 0.283, 78.039] 5l6hpyTGBK0LAAxgPnqTQL
[0.486, 0.659, 10, -5.978, 0.0305, 0.31, 0.105, 0.108, 0.173, 140.0] 2JUaGpCrD8tywgj9MeLFbb
[0.447, 0.393, 5, -8.65, 0.038, 0.785, 0, 0.28, 0.564, 73.139] 5JDcQAztvZTIkrWoZihgvC
[0.61, 0.346, 8, -8.723, 0.0337, 0.269, 2.55e-05, 0.163, 0.198, 138.331] 6N001s7hglDhXJyjeXeg4F
[0.304, 0.379, 3, -8.484, 0.029, 0.912, 0.025, 0.112, 0.189, 125.203] 4n3Nfa3LhtdwrC9UfplS07
[0.548, 0.42, 0, -7.842, 0.0277, 0.198, 4.46e-06, 0.0899, 0.196, 128.012] 7LwGBxB0h0CVmkOZxYKn0g
[0.608, 0.351, 0, -9.316, 0.03, 0.557, 0.00892, 0.201, 0.157, 135.976] 0NvtVlIE0Vd1o9f6cHiXvT
[0.552, 0.173, 10, -10.576, 0.0292, 0.907, 0.000401, 0.105, 0.0854, 76.97] 0mqTcM8kuu2IYPotMt7AzS
[0.478, 0.181, 11, -8.731, 0.0327, 0.975, 3.37e-06, 0.0795, 0.279, 108.346] 2EDYchd8hhwAOWKGQxJoro
[0.455, 0.284, 7, -10.774, 0.0322, 0.715, 1.47e-06, 0.0897, 0.133, 133.936] 5WLSak7DN3LY1K71oWYuoN
[0.682, 0.175, 1, -8.688, 0.0313, 0.847, 3.21e-05, 0.101, 0.223, 112.661] 2TmLZLv57mW4OA3Il1ULsf
[0.406, 0.62, 9, -8.751, 0.153, 0.471, 9.72e-05, 0.0893, 0.26, 129.812] 5zvJELVKAnPkscGc5aLKJI
[0.388, 0.372, 6, -5.72, 0.0468, 0.928, 0, 0.146, 0.285, 89.701] 3ArYVrRb0lDBLzuJJqIXzC
[0.553, 0.0747, 4, -13.781, 0.0499, 0.943, 0, 0.0822, 0.254, 141.341] 7CzVAhQeZfTLqNnzdAiqrH
[0.487, 0.0746, 10, -12.952, 0.0327, 0.952, 0, 0.108, 0.123, 106.328] 5baXzOMmD0sf26hayRqfqI
[0.398, 0.151, 4, -14.402, 0.0341, 0.961, 0.0425, 0.0923, 0.0745, 107.072] 2M7FVsfSsarRaHXwY3fbzo
[0.407, 0.308, 10, -9.001, 0.0296, 0.778, 1.46e-05, 0.092, 0.153, 73.254] 0ia0JAsndEIZ268L3phuUa
[0.451, 0.159, 3, -10.443, 0.0487, 0.941, 7.71e-06, 0.12, 0.229, 141.475] 0radB77nHaNbfMRcBNmyD0
[0.554, 0.321, 9, -8.251, 0.028, 0.893, 0, 0.0996, 0.288, 135.047] 6QPKYGnAW9QozVz2dSWqRg
[0.32, 0.295, 2, -11.263, 0.052, 0.691, 0, 0.129, 0.171, 177.4] 3UNuVVGosJLfLCsWHEhr5U
[0.427, 0.127, 7, -12.731, 0.0419, 0.964, 1.92e-06, 0.109, 0.259, 76.357] 1tnusyVNhzamoCgTG0RLf1
[0.555, 0.257, 10, -12.637, 0.0299, 0.892, 1.42e-06, 0.124, 0.431, 89.013] 7iBSkXB0pTvZasOLf0Qxk9
[0.681, 0.292, 11, -9.599, 0.0483, 0.743, 0, 0.0974, 0.162, 64.002] 52iLDrSoRtf9lcgFuLVfqE
[0.404, 0.531, 1, -4.328, 0.103, 0.215, 0, 0.0521, 0.321, 164.848] 1uru26I2JKd2mQZt0MDCUe
[0.413, 0.272, 1, -11.568, 0.0317, 0.945, 0.0279, 0.112, 0.355, 109.69] 21xRlfE6OjTAFQ4wd9u8IU
[0.625, 0.319, 10, -8.958, 0.051, 0.917, 0, 0.183, 0.408, 137.761] 1MIpU2U1kUInGTpaCYuVKs
[0.403, 0.505, 3, -5.361, 0.0289, 0.0299, 0.000547, 0.0848, 0.0938, 128.23] 39npZ2mx3dWuNdGRg9PBm0
[0.827, 0.649, 0, -7.228, 0.0498, 0.000283, 0.815, 0.075, 0.286, 125.009] 614KsI5FxdrjMZUUNTBjLs
[0.728, 0.599, 5, -8.85, 0.0668, 1.86e-05, 0.699, 0.145, 0.541, 124.887] 7H9sqtNVPp6eoxnJRMUmm4
[0.539, 0.936, 10, -3.803, 0.112, 0.475, 0.104, 0.106, 0.225, 128.015] 7KiyqgeZ0gn8e79IzGjZ08
[0.705, 0.403, 0, -9.7, 0.0438, 0.172, 0.00201, 0.615, 0.155, 114.992] 72AfoN1wsvI9aGsR1WaRxD
[0.599, 0.887, 7, -6.817, 0.0363, 0.00072, 0.426, 0.105, 0.197, 123.983] 5uVR4B3m24uI0zyNfjmLfu
[0.642, 0.687, 10, -5.979, 0.0319, 0.00241, 0.000913, 0.221, 0.459, 122.014] 6vcSzMQ2BiUp5jh0ccQBZH
[0.718, 0.703, 6, -8.418, 0.113, 0.00158, 0.678, 0.643, 0.158, 129.001] 2A6qahbcjfaYPQ3gvQUmgS
[0.793, 0.51, 1, -8.88, 0.039, 0.131, 0.861, 0.0681, 0.433, 120.003] 3jbm6LQn2wgRPBAEFqU8Hu
[0.49, 0.864, 10, -4.165, 0.0308, 0.00209, 0.0269, 0.169, 0.0579, 128.047] 735kliQyYeVVXZqzUIxpfx
[0.745, 0.815, 6, -6.082, 0.144, 0.0134, 1.05e-05, 0.0547, 0.453, 120.139] 5eNXWc9DNaqf1p5BTXjEdb
[0.792, 0.557, 10, -9.633, 0.248, 0.146, 0.369, 0.295, 0.374, 124.004] 7AEcghJECgo7NKPl1g0pua
[0.553, 0.861, 10, -6.526, 0.039, 0.00592, 0.00144, 0.107, 0.375, 127.966] 5pqGe1EdAX1K8jshqXQLsL
[0.694, 0.899, 7, -4.682, 0.0299, 0.0373, 0.531, 0.264, 0.139, 122.001] 67STtX8plXZ1qQAYLMd8rc
[0.614, 0.684, 1, -8.123, 0.031, 0.0022, 0.92, 0.152, 0.14, 123.018] 4BRBz1TAfigZMHIIJCl9db
[0.609, 0.852, 4, -6.909, 0.0316, 0.0156, 0.184, 0.187, 0.205, 120.001] 5DVVw9e4D656vURT3pfnjg
[0.729, 0.933, 8, -5.667, 0.0571, 0.00366, 0.509, 0.439, 0.0459, 127.993] 5Zp3zX5betge9xWlmJ0Abg
[0.464, 0.637, 2, -4.37, 0.0694, 0.0302, 3.37e-05, 0.0876, 0.281, 186.1] 2oL0HIuo0cxIycDtJWbpuN
[0.656, 0.523, 8, -6.862, 0.0764, 0.00843, 0.00167, 0.0687, 0.279, 119.96] 59tA2JvOr52Xv3bIVotebM
[0.689, 0.51, 4, -6.707, 0.0458, 0.365, 0.000333, 0.126, 0.25, 111.951] 5JCZ1e1ahbCkzwX62BbsY7
[0.611, 0.809, 6, -6.63, 0.0342, 0.019, 0.0185, 0.114, 0.428, 118.003] 04QZdz4g1qoDlPscXVXS1I
[0.499, 0.791, 3, -3.735, 0.0539, 0.0685, 1.89e-05, 0.138, 0.25, 99.943] 5ZQMiwA8y8BEslhMmtLxLv
[0.648, 0.752, 5, -9.1, 0.0456, 0.43, 0.12, 0.112, 0.232, 119.931] 7vebS6s97IPqq8U7z4cu1B
[0.6, 0.863, 8, -5.754, 0.031, 0.00168, 0.00406, 0.0939, 0.223, 106.997] 4cCpGAUlYDh88uuU7pcdN8
[0.605, 0.872, 8, -5.122, 0.0643, 0.0122, 2.11e-05, 0.147, 0.586, 116.956] 5YqxCjSILiL04K86gBMmg2
[0.729, 0.72, 3, -6.69, 0.0371, 0.125, 0.353, 0.178, 0.0388, 122.015] 5rpx047aanR0h9Rfp1wgBB
[0.56, 0.823, 0, -3.228, 0.0311, 0.0256, 0.000433, 0.0891, 0.0733, 100.003] 3a1QSvzb3ypLc1QpXTs9mU
[0.516, 0.888, 8, -10.282, 0.0328, 0.182, 0.766, 0.0983, 0.0394, 124.989] 4TANuW9cpKCGqH499rr9re
[0.71, 0.625, 8, -8.331, 0.0346, 0.00393, 0.471, 0.318, 0.139, 120.023] 6R3PciZdMvvkQGkhpdeL1k
[0.666, 0.594, 7, -8.067, 0.0578, 0.562, 0.484, 0.0983, 0.939, 95.025] 3PdeXolnH5r6rN0ycXlHvf
[0.673, 0.662, 1, -5.863, 0.0319, 0.432, 1.99e-06, 0.0951, 0.167, 104.038] 42gkSeUtmr7gwxT62BJGiZ
[0.61, 0.708, 6, -3.374, 0.0415, 0.327, 4.89e-06, 0.102, 0.114, 139.942] 2kprv2IQAoKez9rqHRo7gq
[0.738, 0.864, 0, -3.228, 0.0864, 0.0103, 0.000104, 0.0847, 0.397, 125.946] 4P5K9iLsIRRQG03A0JuK6r
[0.359, 0.774, 7, -5.789, 0.0745, 0.0649, 0.104, 0.11, 0.141, 184.739] 1ImSaJvKCQ0Gewcdx1KzF8
[0.741, 0.576, 10, -7.026, 0.0618, 0.377, 0, 0.125, 0.699, 93.082] 5ZYkBb4UrdultbjwuBYmKF
[0.699, 0.71, 2, -6.126, 0.035, 0.000529, 0.0777, 0.0989, 0.159, 119.944] 48kSTWnU1nppYF1syxzeYI
[0.454, 0.809, 8, -3.333, 0.0528, 0.531, 3.02e-06, 0.137, 0.2, 113.635] 3VHNuIXr0uRzVFsw6kNFPW
[0.728, 0.674, 11, -5.46, 0.0575, 0.323, 0.00315, 0.111, 0.358, 121.919] 2KahEnAcvTtobcppFLWso5
[0.393, 0.632, 5, -8.118, 0.0378, 0.3, 0.00339, 0.367, 0.156, 100.056] 4IbcdVjkNp0EmHvObb0FIK
[0.618, 0.805, 0, -4.731, 0.0463, 0.424, 0.00796, 0.332, 0.335, 101.022] 7gleE2w0CsjsWCs184n522
[0.32, 0.575, 2, -8.597, 0.0824, 0.156, 0.000355, 0.0563, 0.12, 78.306] 6vO9jlpO83ZhgYemURQ8cG
[0.645, 0.615, 4, -9.797, 0.0421, 0.293, 0.0492, 0.0625, 0.0495, 136.979] 5MhQP0jCobPjELziWFbw5N
[0.584, 0.494, 5, -7.841, 0.0541, 0.142, 0, 0.143, 0.622, 104.683] 3KIziparMoKHbHUIfnFw7K
[0.631, 0.835, 2, -5.214, 0.0568, 0.113, 1.2e-05, 0.331, 0.466, 98.971] 39hLretmopOOE5wMtXJ0YN
[0.553, 0.687, 8, -6.4, 0.034, 0.0336, 0, 0.125, 0.278, 156.0] 2PhlrsYp7TSkK96ngbmL38
[0.676, 0.697, 7, -5.934, 0.0412, 0.0772, 4.65e-05, 0.326, 0.118, 89.95] 1BsCq2fxpa1llb73lDdgw5
[0.422, 0.572, 0, -9.718, 0.435, 0.485, 0, 0.186, 0.394, 145.181] 6k4Flvu1tcz8vWAfcaxEPP
[0.539, 0.778, 1, -6.32, 0.0612, 0.0169, 6.68e-06, 0.276, 0.42, 143.988] 6p5I3DD3bVAJXjz0N0fIVN
[0.533, 0.38, 9, -11.542, 0.039, 0.935, 0.295, 0.116, 0.0385, 115.026] 7HZqD8EWEBQrklzLf3oQer
[0.448, 0.845, 0, -4.123, 0.0611, 0.0265, 4.24e-06, 0.376, 0.458, 127.978] 65n4DkUhKUO4tECIabKwy1
[0.501, 0.405, 1, -5.679, 0.0319, 0.751, 0, 0.105, 0.446, 109.891] 2TIlqbIneP0ZY1O0EzYLlc
[0.553, 0.586, 11, -6.319, 0.0362, 0.697, 0, 0.0813, 0.443, 126.684] 3EPXxR3ImUwfayaurPi3cm
[0.492, 0.267, 7, -9.25, 0.0336, 0.8, 0, 0.249, 0.137, 117.679] 4WzhjxvLP95y7AMDy0Atwb
[0.498, 0.104, 1, -14.08, 0.0621, 0.979, 7.86e-05, 0.0895, 0.205, 124.001] 14JzyD6FlBD5z0wV5P07YI
[0.397, 0.303, 1, -10.413, 0.11, 0.798, 4.16e-06, 0.0824, 0.17, 170.22] 0STK94RxUulYqWzwFlyAb5
[0.518, 0.465, 0, -5.903, 0.0273, 0.834, 0, 0.203, 0.302, 93.024] 4zb3kFL9fXrrfTwIY4CcDy
[0.447, 0.257, 5, -9.172, 0.0394, 0.912, 0, 0.117, 0.32, 136.87] 2DyCLtTrd9f2DRRDq1ngJx
[0.613, 0.739, 10, -6.478, 0.0311, 0.526, 0, 0.149, 0.712, 104.966] 2BkyYZmU4JuWW2sYi9EzpC
[0.753, 0.66, 5, -6.542, 0.133, 0.161, 0, 0.236, 0.182, 95.003] 07FkzikE6FuHIa8Ma7zJGc
[0.594, 0.166, 2, -15.326, 0.0555, 0.838, 0.13, 0.106, 0.301, 108.802] 2ky0pCYaaIXK2QfPGtpYQB
[0.546, 0.311, 1, -10.396, 0.0288, 0.818, 1.65e-05, 0.107, 0.246, 147.464] 13HVjjWUZFaWilh2QUJKsP
[0.435, 0.396, 8, -13.565, 0.044, 0.661, 0.182, 0.11, 0.415, 165.111] 4FXJkr2BPNeSmNkrKKXW1z
[0.298, 0.356, 3, -10.955, 0.0353, 0.858, 0.000377, 0.0652, 0.052, 101.605] 5Vg8XNROaFqfgX6EaLoQYN
[0.564, 0.208, 6, -14.033, 0.0491, 0.899, 0.000229, 0.111, 0.41, 80.022] 1msf6c9MncXujExlc6nns5
[0.515, 0.378, 5, -8.264, 0.065, 0.618, 0, 0.172, 0.536, 91.883] 7oAraczbemGSNWqnbkU87R
[0.656, 0.299, 7, -10.659, 0.0288, 0.791, 0.00903, 0.156, 0.338, 80.055] 3N2VlulGeallT7gPm9u4jp
[0.388, 0.372, 6, -5.72, 0.0468, 0.928, 0, 0.146, 0.285, 89.701] 5NRl32BO29q8xtWFvOlHZE
[0.421, 0.3, 4, -14.439, 0.0322, 0.0668, 5.73e-05, 0.29, 0.361, 103.884] 36pOU5kVvAuZ3pyONVuRec
[0.415, 0.284, 0, -7.348, 0.0321, 0.181, 0, 0.173, 0.0954, 115.449] 3Iy6H9BobVem5HyFBRVPpB
[0.538, 0.463, 0, -6.185, 0.0295, 0.652, 0, 0.087, 0.376, 132.944] 3mJiMnKrpIYSNRRFounMtY
[0.378, 0.254, 7, -9.021, 0.0353, 0.844, 0, 0.111, 0.373, 78.978] 27hauwRp0G2YflSJfkmD3o
[0.47, 0.326, 1, -10.781, 0.0334, 0.452, 0.000259, 0.0818, 0.139, 143.661] 7tkSRzdyLeOaRs7wtyF2k6
[0.683, 0.375, 11, -7.065, 0.122, 0.701, 2.63e-05, 0.1, 0.581, 175.812] 2ib06VOzS0jXbutWiPHPNX
[0.584, 0.42, 8, -7.827, 0.0322, 0.236, 0, 0.119, 0.283, 90.051] 13TMuxC8tdSfthXpHG9D26
[0.387, 0.234, 0, -8.861, 0.0373, 0.736, 0, 0.084, 0.408, 78.65] 6MLHg35rlksBc5OBcdZvJi
[0.52, 0.195, 6, -11.05, 0.0513, 0.919, 0.0132, 0.145, 0.193, 79.945] 0sZIYfLTAKNvGBtN01897a
[0.452, 0.298, 2, -11.292, 0.0444, 0.682, 0, 0.128, 0.158, 77.491] 6MXJdqTuSDXkG21JHWiGko
[0.553, 0.506, 0, -5.967, 0.0411, 0.317, 0, 0.763, 0.306, 130.027] 1koJk8rrMBlhDZ8MNiLzH9
[0.764, 0.592, 10, -7.942, 0.0754, 0.0516, 3.88e-06, 0.11, 0.525, 155.033] 2gaLuVIyWLoW0Gfa2NLJnS
[0.544, 0.63, 0, -7.523, 0.0335, 0.034, 0.573, 0.0961, 0.202, 120.064] 6hrgeEo1WQOHVeF8QMv68S
[0.547, 0.289, 0, -8.131, 0.0348, 0.645, 0, 0.148, 0.213, 104.851] 1ArLnG0bHaHPXqf08sEKM0
[0.456, 0.379, 1, -8.573, 0.0685, 0.63, 3.1e-06, 0.0983, 0.225, 149.967] 2uCMaUojwuqr8CRGsLoPa6
[0.62, 0.599, 8, -7.13, 0.222, 0.158, 0, 0.124, 0.482, 147.108] 6LNHIcSVXf18WWLYHvU0fH
[0.436, 0.562, 11, -6.106, 0.0278, 0.0102, 0.000278, 0.198, 0.24, 150.066] 1vNjkeVrYlT1w0WCQN3fDP
[0.499, 0.561, 1, -7.189, 0.0306, 0.596, 0.0206, 0.0825, 0.227, 77.771] 18SmjdhMu5UkD5gLRagXci
[0.508, 0.427, 0, -6.543, 0.0373, 0.567, 0.000293, 0.11, 0.162, 84.829] 5ymtzcwlS4rLXJ2PMlSNPr
[0.752, 0.488, 6, -7.05, 0.0705, 0.297, 9.11e-06, 0.0936, 0.533, 136.041] 5p7ujcrUXASCNwRaWNHR1C
[0.421, 0.407, 10, -7.445, 0.0267, 0.309, 0.000961, 0.11, 0.161, 139.028] 6z5Yh7kOKeLjqIsNdokIpU
[0.61, 0.324, 5, -13.379, 0.0321, 0.554, 0.00235, 0.106, 0.312, 122.046] 5O4YmpvH3F0KZ0v2xs5E42
[0.71, 0.0565, 7, -15.099, 0.0534, 0.965, 0, 0.0889, 0.348, 123.994] 4h0zU3O9R5xzuTmNO7dNDU
[0.655, 0.699, 11, -4.421, 0.0493, 0.0352, 0, 0.064, 0.802, 86.704] 1Fp6l6zY6qrBg7NuvYgp8n
[0.509, 0.538, 7, -7.335, 0.0572, 0.385, 0, 0.104, 0.244, 75.089] 7DFNE7NO0raLIUbgzY2rzm
[0.435, 0.155, 1, -8.948, 0.046, 0.873, 0, 0.107, 0.0935, 128.532] 4L2K7JKseFCBoHMZEAszW0
[0.631, 0.209, 2, -11.695, 0.0455, 0.908, 0.000992, 0.112, 0.209, 105.085] 6LiwqntAeKtid7qL4dbWfc
[0.638, 0.411, 2, -5.979, 0.042, 0.55, 0, 0.141, 0.158, 96.969] 22pBf2FVR5WYMcZ1ROSINP
[0.54, 0.629, 0, -7.306, 0.0295, 0.522, 7.04e-05, 0.126, 0.361, 123.98] 6hBc8SzPg8dxp0kKdbEe3b
[0.614, 0.605, 0, -5.411, 0.0321, 0.226, 0, 0.124, 0.329, 127.107] 3fd5jcZKAzoiivM4ZDwhyU
[0.744, 0.812, 6, -4.33, 0.0646, 0.00387, 0, 0.0947, 0.421, 122.015] 6LU4Z8hHdaHkQa2uQfpsu5
[0.361, 0.468, 0, -5.276, 0.0343, 0.131, 9.78e-06, 0.175, 0.04, 150.572] 3BRO4QR9ZDj9Ae3VtbjeUr
[0.465, 0.311, 2, -11.748, 0.0352, 0.875, 0, 0.0986, 0.311, 93.373] 0UTHr20nqVFMoji8xYE9yl
[0.646, 0.499, 2, -7.617, 0.0597, 0.465, 0, 0.394, 0.421, 83.94] 0XHlLhgUHwktBr4veFM0yF
[0.478, 0.181, 11, -8.731, 0.0327, 0.975, 3.37e-06, 0.0795, 0.279, 108.346] 2EDYchd8hhwAOWKGQxJoro
[0.366, 0.791, 8, -5.463, 0.0423, 0.018, 0, 0.153, 0.398, 76.057] 2zjDv3FWXNdGEmXmIYf1yV
[0.189, 0.427, 0, -9.08, 0.0449, 0.113, 0.0923, 0.058, 0.158, 187.212] 1XczdQt6RKNkEQfPqUsi3q
[0.389, 0.053, 7, -20.423, 0.035, 0.966, 0.162, 0.107, 0.0386, 137.035] 7BSMSvK0WxrDeI98bswYa8
[0.605, 0.629, 10, -5.051, 0.0279, 0.437, 0, 0.097, 0.308, 99.894] 4AFwnrH5atiJoAd5xS5QtR
[0.509, 0.538, 7, -7.335, 0.0572, 0.385, 0, 0.104, 0.244, 75.089] 7DFNE7NO0raLIUbgzY2rzm
[0.388, 0.66, 11, -7.372, 0.0308, 0.312, 0.000307, 0.0943, 0.401, 143.554] 429EttO8gs0bDo2SQfUNSm
[0.432, 0.261, 4, -12.591, 0.0512, 0.953, 0.00342, 0.0903, 0.273, 89.567] 3M7Ab3IGSb7vNoLWqDbXVF
[0.589, 0.242, 6, -10.517, 0.0442, 0.914, 0, 0.0887, 0.257, 89.749] 4VuS959DSpr82t3qBqCrWG
[0.55, 0.625, 0, -7.528, 0.032, 0.034, 0.62, 0.141, 0.215, 120.027] 1ZGRG4rjkltlWg6jxcaWKW
[0.447, 0.592, 6, -3.015, 0.0319, 0.0575, 4.47e-06, 0.13, 0.283, 78.039] 5l6hpyTGBK0LAAxgPnqTQL
[0.63, 0.696, 10, -4.501, 0.0242, 0.144, 0, 0.0835, 0.491, 94.034] 1fyysXwSGNtMeqMBLwW3SI
[0.559, 0.33, 9, -8.251, 0.0285, 0.892, 0, 0.0975, 0.285, 135.109] 4kflIGfjdZJW4ot2ioixTB
[0.608, 0.351, 0, -9.316, 0.03, 0.557, 0.00892, 0.201, 0.157, 135.976] 0NvtVlIE0Vd1o9f6cHiXvT
[0.71, 0.0565, 7, -15.099, 0.0534, 0.965, 0, 0.0889, 0.348, 123.994] 4h0zU3O9R5xzuTmNO7dNDU
[0.488, 0.487, 4, -6.371, 0.0307, 0.577, 0, 0.193, 0.217, 77.344] 7jDe24vXWUNX8Jl2hZHrIS
[0.422, 0.264, 8, -7.064, 0.0322, 0.922, 0, 0.132, 0.331, 119.93] 3U4isOIWM3VvDubwSI3y7a
[0.62, 0.11, 8, -13.704, 0.0416, 0.949, 6.28e-06, 0.16, 0.211, 111.362] 3tapy5b2W7awg3c3evHnQC
[0.557, 0.439, 9, -11.153, 0.0379, 0.833, 0.000331, 0.108, 0.115, 131.667] 1au9q3wiWxIwXTazIjHdfF
[0.59, 0.242, 10, -11.724, 0.0516, 0.978, 0.000124, 0.0906, 0.366, 126.721] 6Vigp41BietH0WoFZ52JI5
[0.56, 0.442, 5, -7.224, 0.0243, 0.727, 1.71e-05, 0.11, 0.212, 146.448] 75JFxkI2RXiU7L9VXzMkle
[0.209, 0.418, 3, -8.74, 0.0338, 0.163, 0.00195, 0.113, 0.123, 138.265] 7LVHVU3tWfcxj5aiPFEW4Q
[0.379, 0.29, 4, -8.485, 0.051, 0.952, 0.00106, 0.118, 0.169, 166.467] 1oBDaufG8Arkz3t52UbiQi
[0.265, 0.127, 9, -15.417, 0.034, 0.884, 0.391, 0.0957, 0.0757, 147.734] 12WNQYCDBQpusqMMY2BsEy
[0.492, 0.275, 6, -13.4, 0.3, 0.687, 0, 0.101, 0.18, 92.6] 7vRriwrloYVaoAe3a9wJHe
[0.452, 0.563, 4, -6.607, 0.0272, 0.144, 0, 0.143, 0.209, 137.715] 3ZHfX6kbiY7JVsB63lLOLu
[0.577, 0.749, 5, -7.215, 0.0279, 0.599, 0.0112, 0.183, 0.261, 130.969] 0BCPKOYdS2jbQ8iyB56Zns
[0.675, 0.479, 0, -9.87, 0.0278, 0.633, 1.76e-05, 0.088, 0.454, 81.998] 0vg4WnUWvze6pBOJDTq99k
[0.518, 0.126, 10, -12.102, 0.0431, 0.942, 0, 0.105, 0.166, 75.991] 1rGxG6Y5OgmSwGPRPJv9Q4
[0.389, 0.665, 0, -6.169, 0.0644, 0.178, 0.000732, 0.116, 0.199, 117.055] 7lGKEWMXVWWTt3X71Bv44I
[0.388, 0.372, 6, -5.72, 0.0468, 0.928, 0, 0.146, 0.285, 89.701] 5NRl32BO29q8xtWFvOlHZE
[0.435, 0.155, 1, -8.948, 0.046, 0.873, 0, 0.107, 0.0935, 128.532] 4L2K7JKseFCBoHMZEAszW0
[0.374, 0.344, 2, -11.94, 0.0304, 0.355, 0, 0.0966, 0.216, 106.415] 3vOmmLuvEUgGaVuRsCs2QF
[0.485, 0.332, 4, -9.244, 0.0338, 0.784, 0.000122, 0.146, 0.273, 130.813] 4VPXFi4vFTtS9wHe6oMQaT
[0.405, 0.111, 0, -11.879, 0.0369, 0.964, 4.37e-05, 0.0872, 0.219, 116.86] 5sF7hdYvhrcgNq8NZjfK8L
[0.599, 0.321, 10, -9.001, 0.0511, 0.905, 0, 0.185, 0.348, 137.841] 5whjxzYUc8eXlfrvlh9Y9B
[0.444, 0.179, 1, -12.938, 0.0396, 0.952, 0.00056, 0.107, 0.119, 72.255] 4KlL5Bwlm4yHYxr0B2rHci
[0.393, 0.633, 9, -4.769, 0.0275, 0.0339, 0, 0.104, 0.382, 174.022] 49kjlZP49LMD1MrrcvXDET
[0.397, 0.331, 5, -9.027, 0.0297, 0.708, 1.37e-06, 0.424, 0.247, 78.702] 5iyqqccidB1SEpOXXctyTR
[0.608, 0.174, 1, -8.796, 0.0332, 0.851, 1.92e-05, 0.0855, 0.193, 112.175] 02WacdrRpm4zlP8H7X6bnQ
[0.522, 0.385, 0, -7.355, 0.0288, 0.536, 0, 0.135, 0.236, 89.792] 2RttW7RAu5nOAfq6YFvApB
[0.553, 0.507, 11, -6.24, 0.0304, 0.473, 0, 0.108, 0.57, 83.093] 06DaCxeg3IUMcxDkKEyQKf
[0.477, 0.229, 0, -14.402, 0.0555, 0.845, 0.000446, 0.196, 0.0819, 131.28] 56QpLVAeDbJrKoYznl132c
[0.597, 0.115, 9, -9.217, 0.0334, 0.82, 0.000215, 0.111, 0.128, 111.202] 0IF7bHzCXCZoKNog5vBC4g
[0.421, 0.407, 10, -7.445, 0.0267, 0.309, 0.000961, 0.11, 0.161, 139.028] 6z5Yh7kOKeLjqIsNdokIpU
[0.518, 0.243, 8, -11.14, 0.0322, 0.795, 4.75e-05, 0.0745, 0.228, 118.93] 3EQo6DR12JM9LBbxytS6O9
[0.447, 0.206, 3, -11.75, 0.0519, 0.956, 4.56e-06, 0.107, 0.327, 66.734] 7fkXzzIVo98CgjOkpd9H0V
[0.554, 0.641, 8, -6.604, 0.0307, 0.0499, 0, 0.11, 0.215, 128.061] 5D5eypKWn0nhBBI35I2CBi
[0.481, 0.285, 0, -10.848, 0.0424, 0.9, 0, 0.123, 0.316, 130.029] 3jHCXrZNz8fQEEf4BpWCAj
[0.407, 0.308, 10, -9.001, 0.0296, 0.778, 1.46e-05, 0.092, 0.153, 73.254] 0YywjDvFudcaHG74NuWISy
[0.41, 0.0485, 0, -13.918, 0.038, 0.947, 0, 0.108, 0.247, 137.97] 6yIHGmQLJxWAUZ1ZkENemN
[0.512, 0.559, 1, -5.498, 0.0253, 0.0843, 0, 0.0696, 0.193, 85.017] 2FLUzdfdxQ6QVoPmQMz7oC
[0.425, 0.156, 0, -14.365, 0.0486, 0.987, 5.13e-05, 0.16, 0.551, 166.877] 30Co9eN7JHPf1i2wEyVSMJ
[0.454, 0.827, 11, -3.774, 0.0398, 0.328, 0, 0.226, 0.32, 94.767] 7ulZJytSQ43kwDjT2AL0LZ
[0.407, 0.147, 2, -8.822, 0.0355, 0.857, 2.89e-06, 0.0913, 0.0765, 141.284] 6Vc5wAMmXdKIAM7WUoEb7N
[0.545, 0.212, 8, -10.843, 0.0549, 0.944, 0, 0.0939, 0.226, 81.053] 0kBEfabq01Jr6UgWL9H87n
[0.389, 0.302, 7, -12.485, 0.0438, 0.862, 0.00567, 0.104, 0.234, 124.956] 5zT5cMnMKoyruPj13TQXGx
[0.409, 0.439, 0, -8.693, 0.0397, 0.647, 0, 0.0969, 0.173, 78.003] 5aFSzu0b7ccAYjTkbTNTsQ
[0.613, 0.138, 8, -14.083, 0.0394, 0.877, 0.000954, 0.0739, 0.136, 125.316] 03XuNlAoOtDnj9AP58Uou9
[0.447, 0.393, 5, -8.65, 0.038, 0.785, 0, 0.28, 0.564, 73.139] 5JDcQAztvZTIkrWoZihgvC
[0.531, 0.347, 0, -7.044, 0.0345, 0.905, 0, 0.0935, 0.289, 114.441] 41WTP0gosjYD74B06uS2tL
[0.502, 0.242, 5, -9.008, 0.0317, 0.815, 0.00237, 0.15, 0.0637, 126.009] 2beozoXN4fRxFHLpiVBrNv
[0.534, 0.434, 3, -9.423, 0.0277, 0.0932, 0.0126, 0.142, 0.0395, 140.632] 4bPkBHKLKd9WHizsvM2zV3
[0.398, 0.151, 4, -14.402, 0.0341, 0.961, 0.0425, 0.0923, 0.0745, 107.072] 2M7FVsfSsarRaHXwY3fbzo
[0.555, 0.257, 10, -12.637, 0.0299, 0.892, 1.42e-06, 0.124, 0.431, 89.013] 7iBSkXB0pTvZasOLf0Qxk9
[0.567, 0.128, 2, -17.313, 0.0388, 0.875, 1.6e-05, 0.113, 0.3, 95.074] 0LenfZSOzFiUB6sLmbB8pS
[0.451, 0.159, 3, -10.443, 0.0487, 0.941, 7.71e-06, 0.12, 0.229, 141.475] 0radB77nHaNbfMRcBNmyD0
[0.307, 0.371, 3, -8.498, 0.0288, 0.923, 0.0253, 0.11, 0.189, 115.241] 2kfGoV9a5dbSKCNmUWH2ZF
[0.698, 0.375, 5, -8.279, 0.0491, 0.652, 0, 0.173, 0.534, 91.92] 1mXVgsBdtIVeCLJnSnmtdV
[0.479, 0.541, 0, -9.862, 0.0545, 0.737, 0, 0.108, 0.321, 85.994] 2PIlBukQ6limukVR8Ubb5o
[0.477, 0.242, 8, -9.162, 0.0529, 0.928, 0, 0.0818, 0.488, 43.509] 5hwh37sTi84MVhCBMWzhGE
[0.431, 0.202, 2, -11.361, 0.0471, 0.948, 0, 0.109, 0.18, 101.051] 2Qgupr81MDbk182qKkf1oX
[0.61, 0.346, 8, -8.723, 0.0337, 0.269, 2.55e-05, 0.163, 0.198, 138.331] 0hNu9mP4Fp5hqiitdrzDKo
[0.429, 0.234, 7, -8.398, 0.0341, 0.91, 1.22e-06, 0.11, 0.183, 174.277] 1YyWhuvE5ZKN9S295kuVZb
[0.445, 0.537, 4, -8.532, 0.04, 0.695, 1.6e-05, 0.0944, 0.131, 122.764] 3JvKfv6T31zO0ini8iNItO
[0.616, 0.209, 9, -13.43, 0.406, 0.902, 0, 0.139, 0.336, 86.891] 0ygAYQQy7bfDN6gH640bbl
[0.64, 0.743, 10, -4.08, 0.0379, 0.269, 0, 0.101, 0.361, 122.035] 5fVZC9GiM4e8vu99W0Xf6J
[0.547, 0.197, 10, -12.002, 0.0303, 0.941, 0.000756, 0.144, 0.402, 133.85] 54nfzb6wMJPltkh5vQo7Wd
[0.319, 0.152, 9, -13.381, 0.0372, 0.727, 4.42e-05, 0.107, 0.091, 138.929] 2kMAKtrAu16HVWxBnOwuhd
[0.534, 0.378, 10, -7.442, 0.029, 0.802, 0, 0.123, 0.376, 151.66] 1iZn69GnmLDNkvWiw6W4Jd
[0.345, 0.0581, 3, -17.217, 0.0374, 0.976, 0.000366, 0.103, 0.304, 174.117] 3JOVTQ5h8HGFnDdp4VT3MP
[0.551, 0.483, 11, -9.414, 0.0434, 0.683, 1e-06, 0.144, 0.19, 81.022] 77M6K5cvQvLW0yxsbbAZsI
[0.243, 0.313, 3, -12.069, 0.0285, 0.115, 0.237, 0.593, 0.22, 92.975] 7H8fBamGUheu0DSpp3pj03
[0.428, 0.274, 3, -7.363, 0.0394, 0.805, 0, 0.102, 0.176, 145.067] 62UQgDAEzQuKDwa0Lf8wt8
[0.553, 0.343, 10, -9.466, 0.0407, 0.68, 3.5e-06, 0.122, 0.216, 66.543] 5Km6e8PWkwEPVKlifElIDB
[0.608, 0.448, 2, -9.572, 0.0513, 0.484, 0, 0.0804, 0.154, 120.084] 4mKYqRVmYP4tKZGitN2iWh
[0.502, 0.176, 10, -11.648, 0.0306, 0.914, 0.0702, 0.0962, 0.0929, 61.143] 0CnUXlmzwl5QfA61FPSlH6
[0.464, 0.412, 1, -8.342, 0.032, 0.721, 0, 0.0393, 0.12, 132.259] 1ZyMdpNyiw4VYsbmHFgzEp
[0.666, 0.342, 11, -8.342, 0.0316, 0.408, 0, 0.0935, 0.532, 121.865] 6buqwEuIQGg3yxUpWF8oVy
[0.455, 0.284, 7, -10.774, 0.0322, 0.715, 1.47e-06, 0.0897, 0.133, 133.936] 5WLSak7DN3LY1K71oWYuoN
[0.536, 0.383, 7, -10.582, 0.0393, 0.884, 0, 0.0732, 0.175, 81.124] 3QFCL0dqEzXFIWlqWiVDJU
[0.52, 0.401, 2, -9.157, 0.037, 0.662, 0, 0.118, 0.224, 144.624] 2cFWt6kXHjqVAvVnGgS8ET
[0.614, 0.126, 9, -9.403, 0.0376, 0.911, 0, 0.148, 0.351, 119.945] 5cDNs4utoHt0WNRZuziews
[0.671, 0.156, 8, -16.288, 0.0371, 0.804, 0.0518, 0.113, 0.201, 94.08] 1IF5UcqRO42D12vYwceOY6
[0.599, 0.102, 4, -15.901, 0.0333, 0.786, 3.52e-06, 0.133, 0.124, 133.682] 5AZRYcTovT2oGYpoOuCxqB
[0.657, 0.355, 7, -12.044, 0.0714, 0.694, 0.000427, 0.123, 0.0808, 74.99] 0jllH0usRFD4LJkJnGK9Lf
[0.537, 0.485, 2, -8.131, 0.0332, 0.102, 3.83e-06, 0.319, 0.293, 152.012] 1WOxmQAMnyvTdTuzZhuTBo
[0.613, 0.314, 1, -9.575, 0.031, 0.975, 8.41e-06, 0.0946, 0.421, 132.776] 3cBtANnJGopPaRMXCl3mV7
[0.43, 0.156, 10, -14.785, 0.0885, 0.931, 0, 0.103, 0.078, 75.412] 764Dimzi2Y0jHokWns7zVK
[0.612, 0.158, 8, -9.846, 0.0361, 0.893, 1.37e-06, 0.103, 0.295, 119.971] 3Za3DYaNbjQ5lgF2SHSdNp
[0.55, 0.271, 2, -8.451, 0.0297, 0.843, 3.21e-06, 0.107, 0.198, 111.344] 36seMHoyXmLUNxcwzwjdF7
[0.361, 0.149, 7, -12.066, 0.0333, 0.887, 0, 0.175, 0.302, 107.607] 3URt4lJQlANOstDBAWQJA7
[0.483, 0.271, 10, -10.981, 0.0569, 0.835, 0, 0.13, 0.134, 86.856] 6PmhCEPMjhSo9j8hz767xy
[0.331, 0.235, 10, -7.7, 0.0299, 0.918, 0, 0.137, 0.218, 171.232] 69vToJ9BMbbLlFZo7k7A7B
[0.548, 0.42, 0, -7.842, 0.0277, 0.198, 4.46e-06, 0.0899, 0.196, 128.012] 7LwGBxB0h0CVmkOZxYKn0g
[0.379, 0.29, 4, -8.485, 0.051, 0.952, 0.00106, 0.118, 0.169, 166.467] 6k8kLJFmWkHaTbSLUhJ3H0
[0.314, 0.343, 4, -8.783, 0.0286, 0.66, 0, 0.097, 0.234, 134.806] 1mEEJAvZw661Q1Ab8YA59z
[0.315, 0.573, 2, -7.292, 0.0444, 0.0141, 1.67e-05, 0.32, 0.0695, 116.98] 2L433J1zwGjK5w6SHwJAhp
[0.696, 0.543, 11, -6.164, 0.0489, 0.308, 0, 0.0939, 0.479, 107.969] 0VhgEqMTNZwYL1ARDLLNCX
[0.554, 0.29, 7, -10.92, 0.0327, 0.872, 0, 0.082, 0.0845, 136.073] 7spcwLd3N30fMwD7xtO84I
[0.547, 0.325, 4, -8.08, 0.0307, 0.945, 3.03e-06, 0.073, 0.218, 129.524] 1UWmxGZLO8O8LTZQcYjMx2
[0.596, 0.219, 10, -11.148, 0.149, 0.925, 0, 0.134, 0.334, 83.096] 4JyLFq2mHC8JPFTXHwYPWD
[0.457, 0.295, 2, -11.304, 0.0451, 0.679, 0, 0.128, 0.168, 115.846] 2euFxYgFyzElO2Ci7HXQ5x
[0.598, 0.509, 10, -7.918, 0.0272, 0.291, 0, 0.139, 0.433, 102.983] 0cyJis7BmYj3Z1LRvz3Kp9
[0.494, 0.372, 7, -11.89, 0.0331, 0.964, 0.0296, 0.117, 0.25, 116.855] 7qUoDTmVj07qUf6ZBDhWKl
[0.351, 0.296, 4, -10.109, 0.0333, 0.934, 0, 0.095, 0.12, 115.284] 0u2P5u6lvoDfwTYjAADbn4
[0.678, 0.398, 6, -8.413, 0.0315, 0.738, 0, 0.117, 0.202, 111.833] 3UwT4FadEGWyMdaSwYcUBY
[0.519, 0.554, 0, -6.412, 0.0385, 0.381, 0, 0.115, 0.194, 153.676] 4v094LQ9eF10k2O2Te2ngK
[0.614, 0.379, 4, -10.48, 0.0476, 0.607, 0.000464, 0.0986, 0.201, 107.989] 1HNkqx9Ahdgi1Ixy2xkKkL
[0.667, 0.614, 10, -4.995, 0.0314, 0.0663, 0, 0.111, 0.161, 113.979] 0Ks8zrV1CH0ZCLuXNum3Wa
[0.481, 0.179, 3, -21.424, 0.109, 0.613, 2.84e-05, 0.145, 0.405, 74.85] 6LteLVcW0oWLjuW6nePyWb
[0.579, 0.263, 0, -10.411, 0.032, 0.819, 0, 0.0808, 0.228, 125.001] 0Mq0reDcNpgmQkjHfzpJrp
[0.314, 0.207, 0, -14.707, 0.0314, 0.97, 0.0046, 0.0823, 0.0524, 76.529] 3LSY9s9h6RmHRTXOtRA5oK
[0.508, 0.13, 4, -17.102, 0.0349, 0.986, 0.0291, 0.0936, 0.0774, 125.177] 1bX27QQuIxzo3Lso2nTHpg
[0.575, 0.323, 1, -6.213, 0.0717, 0.961, 0, 0.169, 0.357, 118.641] 5KfSsgAJGrZc3VrcPLFVMo
[0.533, 0.345, 9, -10.258, 0.0335, 0.506, 3.04e-05, 0.103, 0.0665, 74.013] 5XRb8WQNvy6js1j9HrZ2M9
[0.396, 0.398, 11, -6.15, 0.0412, 0.88, 0, 0.203, 0.305, 89.017] 0eOrZh0eXsw99k8gFJUpq5
[0.306, 0.206, 3, -11.559, 0.0342, 0.927, 0, 0.113, 0.286, 100.119] 742YzMHtvtvbssU6O1JbaD
[0.443, 0.369, 9, -9.514, 0.0441, 0.969, 0.277, 0.638, 0.0989, 174.107] 6mORGLOz79w6VsCRLWYYuK
[0.357, 0.434, 0, -11.521, 0.0418, 0.244, 0.00654, 0.0808, 0.0907, 145.743] 4B4kunXhV2ZKnYcvDgAFoE
[0.464, 0.321, 2, -11.12, 0.0418, 0.877, 0, 0.0789, 0.306, 93.528] 5TvFfDlVoUWZvfqrhTJzD7
[0.601, 0.537, 6, -9.464, 0.0296, 0.743, 0.732, 0.143, 0.394, 144.994] 13PUJCvdTSCT1dn70tlGdm
[0.339, 0.143, 0, -10.78, 0.0317, 0.921, 0.000636, 0.372, 0.0948, 101.213] 74X1epeRufHckhuX1KFD04
[0.365, 0.273, 4, -16.526, 0.038, 0.94, 0.431, 0.109, 0.238, 132.285] 4HbeGjbt7u3pvwDk1vN7P0
[0.347, 0.136, 1, -13.677, 0.0346, 0.77, 7.47e-05, 0.133, 0.457, 178.821] 74XzT6sJuCIw0Py539SNQR
[0.602, 0.603, 9, -6.981, 0.0328, 0.408, 0.00188, 0.157, 0.454, 112.021] 0SUtzLmXAGGGex7sXRuU3p
[0.445, 0.337, 10, -8.536, 0.0368, 0.964, 7.36e-05, 0.105, 0.217, 122.6] 0p6GeAWS4VCZddxNbBtEss
[0.714, 0.434, 4, -11.542, 0.0396, 0.697, 0, 0.0919, 0.352, 123.942] 5jx8tCxiO0uIbo2uNia23K
[0.612, 0.28, 0, -8.648, 0.0434, 0.932, 0, 0.088, 0.387, 72.795] 0nJW01T7XtvILxQgC5J7Wh
[0.361, 0.446, 0, -6.044, 0.0281, 0.95, 1.32e-05, 0.132, 0.212, 155.542] 0X1FYVkgy7Tfw79cY3C7lx
[0.491, 0.324, 0, -6.703, 0.0315, 0.384, 0, 0.119, 0.324, 81.901] 4xIZj7JRC3FnGPAjmkhNeW
[0.529, 0.385, 1, -7.517, 0.0288, 0.673, 0, 0.13, 0.168, 89.999] 27vs845Zn0zgoFzwdksFfP
[0.599, 0.297, 0, -9.188, 0.0301, 0.709, 3.41e-06, 0.108, 0.142, 122.32] 2ePgwid1o7NKDpUmNGC69b
[0.57, 0.717, 1, -4.914, 0.029, 0.00967, 0, 0.0833, 0.321, 111.91] 6jBUP2KCe821yqf1hiBqPR
[0.526, 0.328, 1, -9.864, 0.0461, 0.694, 0, 0.112, 0.11, 116.068] 0SuG9kyzGRpDqrCWtgD6Lq
[0.349, 0.348, 3, -6.142, 0.0316, 0.726, 0, 0.12, 0.0886, 74.541] 0HZhYMZOcUzZKSFwPOti6m
[0.581, 0.0549, 10, -20.514, 0.0397, 0.559, 0, 0.0718, 0.234, 152.037] 3B7udSGy2PfgoCniMSb523
[0.675, 0.444, 7, -6.067, 0.028, 0.248, 0, 0.0531, 0.356, 125.884] 1o6YK7phnXgsljfWSQQfWc
[0.418, 0.42, 0, -6.444, 0.0414, 0.588, 6.39e-05, 0.11, 0.184, 84.094] 5Nm9ERjJZ5oyfXZTECKmRt
[0.62, 0.288, 4, -9.431, 0.123, 0.801, 0, 0.344, 0.691, 100.385] 5Cv1xqpyciZZuHHR7xr2l0
[0.642, 0.289, 9, -9.918, 0.0367, 0.669, 0, 0.18, 0.407, 84.996] 1VdZ0vKfR5jneCmWIUAMxK
[0.553, 0.586, 11, -6.319, 0.0362, 0.697, 0, 0.0813, 0.443, 126.684] 3EPXxR3ImUwfayaurPi3cm
[0.23, 0.492, 8, -5.767, 0.0317, 0.568, 8.18e-06, 0.176, 0.262, 160.139] 57uX2vR9j9DNiANDYfXw1i
[0.505, 0.482, 1, -7.372, 0.0276, 0.379, 0, 0.113, 0.184, 73.975] 7yXjksHE9AvARHQIi6sRIV
[0.713, 0.313, 2, -8.717, 0.0317, 0.828, 0, 0.166, 0.537, 124.897] 3JilapcaOXzjR9gtvCY8FO
[0.553, 0.0747, 4, -13.781, 0.0499, 0.943, 0, 0.0822, 0.254, 141.341] 7CzVAhQeZfTLqNnzdAiqrH
[0.362, 0.634, 4, -5.75, 0.036, 0.196, 0.000135, 0.0876, 0.352, 156.969] 52bXeQJNas4d7z5oe3Wl0m
[0.483, 0.368, 6, -5.72, 0.03, 0.6, 0, 0.0882, 0.367, 66.943] 2czTwBUyZHzWXS06IzED4N
[0.531, 0.269, 1, -10.6, 0.0406, 0.866, 0, 0.116, 0.52, 84.186] 5UqivtkoiPTXrJu6GIt1mh
[0.367, 0.121, 6, -13.778, 0.0335, 0.972, 0.0322, 0.0871, 0.0926, 132.244] 23UCOmWmenFhxFQG71tTKL
[0.418, 0.248, 3, -9.997, 0.0451, 0.954, 4.21e-06, 0.108, 0.298, 130.953] 5zCunX8URvLoBHlg1Fnjv6
[0.437, 0.27, 10, -9.212, 0.0331, 0.604, 0, 0.117, 0.304, 141.25] 53JLmQSHds9iwskQlXPkOD
[0.588, 0.391, 0, -8.607, 0.0334, 0.839, 0, 0.227, 0.349, 144.069] 13xxBnXOuiBxVxJI458B0i
[0.409, 0.137, 6, -9.169, 0.0446, 0.928, 0, 0.0706, 0.106, 162.08] 26z6V1SijQq6J3gPIu1H7t
[0.475, 0.452, 6, -4.134, 0.027, 0.146, 1.36e-06, 0.108, 0.276, 133.959] 0HmCuN0Z3OX1Qrz43FLOPL
[0.41, 0.462, 8, -7.534, 0.0515, 0.5, 0, 0.0975, 0.354, 139.861] 3ioJ2eGWcONEvna37MpsiE
[0.628, 0.715, 5, -7.097, 0.0541, 0.0524, 0, 0.119, 0.429, 139.991] 79jX8RM5CgPqDKdGEKNW9K
[0.516, 0.764, 2, -6.223, 0.0366, 0.0717, 0, 0.115, 0.376, 148.021] 4zweVv3Wa6XgexhoUOzkYs
[0.402, 0.539, 0, -11.062, 0.043, 0.88, 0.0065, 0.117, 0.371, 146.526] 1vyrrrnb7182SL6iOMor3O
[0.315, 0.715, 11, -8.072, 0.0362, 0.00125, 7.97e-06, 0.0942, 0.497, 155.925] 6Qyc6fS4DsZjB2mRW9DsQs
[0.599, 0.785, 3, -4.013, 0.0309, 0.448, 0.00336, 0.151, 0.52, 140.046] 0mUyMawtxj1CJ76kn9gIZK
[0.549, 0.809, 7, -4.714, 0.0277, 0.0389, 0, 0.116, 0.572, 95.991] 6Vg3QC5UcpdAcGXgUqkjIX
[0.609, 0.629, 10, -5.024, 0.0264, 0.425, 0, 0.0978, 0.325, 99.955] 2Vq4bs08YppE2hqA2vpEcr
[0.572, 0.231, 0, -6.316, 0.0334, 0.953, 3.88e-06, 0.111, 0.332, 96.729] 48wSJ6NhMFYYB6LjdnPNjM
[0.213, 0.298, 11, -9.314, 0.0348, 0.896, 1.17e-05, 0.112, 0.18, 76.918] 0sE9ZTxMxYneIUAEHN4Tg7
[0.375, 0.304, 1, -14.52, 0.0302, 0.943, 0.303, 0.126, 0.147, 147.989] 4fbvXwMTXPWaFyaMWUm9CR
[0.214, 0.494, 0, -10.526, 0.0744, 0.5, 1.07e-06, 0.11, 0.234, 82.185] 1OfUrC6pimoGSJXgoPUuML
[0.528, 0.291, 10, -9.696, 0.0401, 0.914, 0, 0.121, 0.355, 76.805] 30LDuVfrePWbedYTc1mUCn
[0.609, 0.378, 7, -9.584, 0.031, 0.59, 0, 0.083, 0.399, 74.535] 1UMJ5XcJPmH6ZbIRsCLY5F
[0.403, 0.45, 8, -6.314, 0.0297, 0.664, 7.57e-06, 0.0946, 0.116, 147.694] 7v5s7YFXrwzytRan0HtZGb
[0.674, 0.235, 2, -6.867, 0.0372, 0.815, 0, 0.103, 0.279, 121.899] 59vKj5F7tb1L4RSgbfwY14
[0.498, 0.104, 1, -14.08, 0.0621, 0.979, 7.86e-05, 0.0895, 0.205, 124.001] 14JzyD6FlBD5z0wV5P07YI
[0.322, 0.418, 1, -8.405, 0.0378, 0.699, 0, 0.0393, 0.116, 132.037] 6JrOY3B8XchpB7gtQTWmoI
[0.657, 0.456, 9, -8.351, 0.0961, 0.705, 8.84e-06, 0.084, 0.381, 141.735] 4jX2BS030dlo0YVI8h2p8u
[0.365, 0.2, 4, -10.972, 0.0345, 0.697, 0, 0.0804, 0.133, 128.042] 29CjkGjZnDVdJsfbRoNOGJ
[0.484, 0.604, 7, -3.314, 0.0328, 0.149, 0, 0.131, 0.181, 103.316] 4B3RmT3cGvh8By3WY9pbIx
[0.552, 0.15, 3, -16.746, 0.0347, 0.974, 0.731, 0.0698, 0.316, 87.485] 11X4Gw3T4hoktVruLgTnm1
[0.492, 0.267, 7, -9.25, 0.0336, 0.8, 0, 0.249, 0.137, 117.679] 4WzhjxvLP95y7AMDy0Atwb
[0.263, 0.237, 3, -13.738, 0.0344, 0.638, 0.305, 0.109, 0.0461, 73.024] 3tJjZMHLqhD8DaGgdBICnc
[0.583, 0.301, 11, -12.693, 0.0391, 0.815, 0.000232, 0.0799, 0.176, 67.448] 2VlLbhGLVJgdOW7kKdWWFc
[0.372, 0.462, 9, -9.1, 0.0317, 0.267, 9.91e-06, 0.101, 0.176, 129.026] 5eXnC2B5RU5fAhfwvV2ABD
[0.373, 0.493, 1, -9.947, 0.0338, 0.784, 0.233, 0.147, 0.195, 129.942] 5TBWCX4Rgx7eRUs0QMtX7E
[0.417, 0.498, 9, -6.077, 0.0845, 0.838, 0, 0.0748, 0.37, 179.801] 2TukzxmwVW0JkiI8isgUXd
[0.376, 0.466, 10, -6.927, 0.0353, 0.514, 5.8e-05, 0.0781, 0.276, 199.835] 3BYyBzKGPOCHeginhe0F77
[0.599, 0.733, 11, -7.058, 0.203, 0.176, 0, 0.242, 0.534, 102.211] 7COXchtUOMd6uIT6HvmRaI
[0.631, 0.715, 1, -6.083, 0.0277, 0.0299, 0, 0.121, 0.42, 135.826] 4JWQC6gyYoPRnxRxk0ta2M
[0.436, 0.562, 11, -6.106, 0.0278, 0.0102, 0.000278, 0.198, 0.24, 150.066] 3SZLtkoHoECHHuOnNkNCuS
[0.585, 0.631, 10, -5.522, 0.0264, 0.128, 0, 0.105, 0.5, 128.001] 5TMjhlh25Oitlh3LBKdfMi
[0.667, 0.614, 10, -4.995, 0.0314, 0.0663, 0, 0.111, 0.161, 113.979] 1jgmbE4lntavM7XeUXw8HY
[0.481, 0.455, 0, -5.942, 0.0286, 0.0743, 0, 0.0694, 0.333, 179.468] 1iDCbHDvOGDVHhtL1wCpum
[0.707, 0.222, 7, -11.716, 0.0329, 0.788, 0, 0.205, 0.556, 110.095] 7kSLdGdXLey7pzLsWpdg1h
[0.545, 0.556, 2, -6.753, 0.062, 0.308, 0, 0.131, 0.55, 149.913] 4RC5YmcpCbRsX3AtRzoQeh
[0.512, 0.754, 0, -6.031, 0.055, 0.135, 0, 0.0881, 0.336, 147.89] 72C7aUQECOhNtnD0AC36ua
[0.499, 0.593, 9, -5.38, 0.031, 0.355, 0, 0.391, 0.286, 122.026] 2LjmbI7LJt0RDg612cBi7U
[0.495, 0.735, 0, -4.445, 0.0332, 0.0701, 0, 0.274, 0.222, 151.978] 7pWzcvjSSXlGS0Cn790Nb7
[0.475, 0.743, 2, -4.955, 0.0497, 0.0309, 0, 0.294, 0.247, 149.936] 3yAmqW5F28duOyV60VtIgN
[0.574, 0.329, 1, -6.829, 0.0274, 0.22, 0, 0.0986, 0.356, 130.993] 2afCBiru10AFckfOa49wIa
[0.645, 0.78, 8, -5.165, 0.0319, 0.218, 0, 0.0919, 0.372, 120.008] 1dQQ2QlnvXUehsRUrukKmf
[0.515, 0.714, 0, -4.516, 0.0348, 0.286, 0, 0.118, 0.495, 155.954] 6nIE1oCE4udqMGv3bqVNVb
[0.515, 0.773, 6, -4.848, 0.0479, 0.23, 1.29e-06, 0.0938, 0.379, 128.001] 0L5gFNrzHyh4OhMwEz6DGS
[0.681, 0.582, 6, -7.76, 0.0313, 0.22, 0, 0.119, 0.221, 124.038] 3JjnGLK8IxkNLvo8Lb3KOM
[0.672, 0.52, 8, -7.747, 0.0353, 0.859, 0, 0.115, 0.37, 120.001] 5O2P9iiztwhomNh8xkR9lJ
[0.425, 0.668, 9, -7.542, 0.0474, 0.231, 0, 0.0681, 0.351, 149.924] 4lrC9aBnzlG9U5DDoHMnyt
[0.554, 0.335, 5, -5.513, 0.0281, 0.618, 0, 0.0927, 0.298, 133.709] 1dD1aarWotVIiFo5gGdMc2
[0.572, 0.547, 1, -5.779, 0.0305, 0.0277, 0, 0.365, 0.244, 134.96] 5lmXKYnwSy1os5kl5ObIo6
[0.572, 0.499, 2, -5.237, 0.0311, 0.0283, 0, 0.213, 0.108, 101.593] 1JCCdiru7fhstOIF4N7WJC
[0.422, 0.264, 8, -7.064, 0.0322, 0.922, 0, 0.132, 0.331, 119.93] 3U4isOIWM3VvDubwSI3y7a
[0.529, 0.736, 4, -6.056, 0.0346, 0.0725, 0, 0.0832, 0.394, 131.944] 7zlF2G7QFPdj9lmmGNVuNq
[0.546, 0.657, 1, -4.787, 0.0332, 0.0928, 0, 0.119, 0.361, 133.188] 4aBvNdk441AYYJ1BRgDkrH
[0.526, 0.328, 1, -9.864, 0.0461, 0.694, 0, 0.112, 0.11, 116.068] 0SuG9kyzGRpDqrCWtgD6Lq
[0.481, 0.451, 5, -6.095, 0.0347, 0.336, 0, 0.0872, 0.289, 157.966] 0ENSn4fwAbCGeFGVUbXEU3
[0.322, 0.779, 0, -5.284, 0.0429, 0.0161, 0, 0.12, 0.11, 122.527] 2PcMytOXfhvDm5XaXn8SPQ
[0.422, 0.338, 4, -9.347, 0.0485, 0.759, 2.06e-05, 0.108, 0.159, 121.764] 6uZ2x1Z6DSpOGAlVlvuhif
[0.56, 0.442, 5, -7.224, 0.0243, 0.727, 1.71e-05, 0.11, 0.212, 146.448] 75JFxkI2RXiU7L9VXzMkle
[0.565, 0.245, 5, -9.132, 0.0262, 0.781, 0, 0.0998, 0.307, 75.055] 5CRVwXGikmqzoRO6q7FeAg
[0.633, 0.565, 0, -5.179, 0.0242, 0.0772, 2.31e-05, 0.168, 0.539, 145.001] 2UFOh8iMQ2DON7sl3lqGJH
[0.714, 0.443, 5, -7.638, 0.0256, 0.779, 0.000109, 0.144, 0.463, 106.038] 608R6FvRtAqf2dvgKMzebP
[0.421, 0.407, 10, -7.445, 0.0267, 0.309, 0.000961, 0.11, 0.161, 139.028] 6lanRgr6wXibZr8KgzXxBl
[0.71, 0.0565, 7, -15.099, 0.0534, 0.965, 0, 0.0889, 0.348, 123.994] 4h0zU3O9R5xzuTmNO7dNDU
[0.509, 0.538, 7, -7.335, 0.0572, 0.385, 0, 0.104, 0.244, 75.089] 7DFNE7NO0raLIUbgzY2rzm
[0.5, 0.44, 3, -7.521, 0.0319, 0.482, 0.000112, 0.087, 0.143, 138.374] 7KmIhiEcsLodh3nVMmY6V3
[0.524, 0.458, 9, -9.041, 0.0493, 0.663, 1.58e-06, 0.0894, 0.125, 80.909] 3nkI2BMnlhOQSQUw3nkl6y
[0.407, 0.147, 2, -8.822, 0.0355, 0.857, 2.89e-06, 0.0913, 0.0765, 141.284] 6Vc5wAMmXdKIAM7WUoEb7N
[0.585, 0.303, 4, -10.058, 0.0398, 0.694, 0, 0.115, 0.142, 136.703] 05pKAafT85jeeNhZ6kq7HT
[0.264, 0.122, 9, -15.399, 0.0349, 0.885, 0.349, 0.094, 0.0735, 148.658] 54KFQB6N4pn926IUUYZGzK
[0.55, 0.625, 0, -7.528, 0.032, 0.034, 0.62, 0.141, 0.215, 120.027] 1ZGRG4rjkltlWg6jxcaWKW
[0.407, 0.308, 10, -9.001, 0.0296, 0.778, 1.46e-05, 0.092, 0.153, 73.254] 6XRNCAnxJIB1p4RPdFVSq0
[0.209, 0.418, 3, -8.74, 0.0338, 0.163, 0.00195, 0.113, 0.123, 138.265] 7LVHVU3tWfcxj5aiPFEW4Q
[0.379, 0.29, 4, -8.485, 0.051, 0.952, 0.00106, 0.118, 0.169, 166.467] 4RL77hMWUq35NYnPLXBpih
[0.53, 0.346, 8, -10.497, 0.0376, 0.697, 1.07e-05, 0.105, 0.359, 121.876] 1HbcclMpw0q2WDWpdGCKdS
[0.552, 0.637, 5, -6.568, 0.0445, 0.464, 1.63e-05, 0.136, 0.333, 97.97] 12B0Twa9kRz45Xw2PgXHJm
[0.592, 0.619, 2, -5.205, 0.0279, 0.0519, 0, 0.103, 0.517, 117.021] 6ugHtf3IModjYQ7dHDuEhO
[0.733, 0.652, 7, -9.101, 0.0696, 0.419, 2.37e-06, 0.521, 0.459, 99.998] 4RnCPWlBsY7oUDdyruod7Y
[0.592, 0.637, 11, -8.48, 0.0992, 0.562, 0, 0.13, 0.565, 159.701] 5ubHAQtKuFfiG4FXfLP804
[0.741, 0.663, 0, -7.308, 0.0434, 0.0608, 0, 0.0931, 0.338, 115.013] 3cKM7UXBZmgjEgEBTkaIlU
[0.616, 0.209, 9, -13.43, 0.406, 0.902, 0, 0.139, 0.336, 86.891] 0ygAYQQy7bfDN6gH640bbl
[0.276, 0.715, 0, -5.356, 0.0432, 0.00552, 0.000417, 0.201, 0.173, 137.028] 5VGlqQANWDKJFl0MBG3sg2
[0.566, 0.664, 4, -5.303, 0.0464, 0.634, 0, 0.116, 0.437, 128.945] 0aOluBqXYd0rFSCsgDyAWX
[0.561, 0.302, 3, -10.986, 0.0319, 0.825, 5.21e-06, 0.131, 0.278, 128.172] 38zsOOcu31XbbYj9BIPUF1
[0.501, 0.749, 3, -2.976, 0.0381, 0.195, 0.000454, 0.492, 0.405, 89.921] 6zZWk6l9e4HPx2DNrHnC5M
[0.589, 0.227, 2, -16.67, 0.0498, 0.64, 0.00469, 0.0248, 0.182, 74.993] 4mQCOxLRPvVGjsfKpOBSlN
[0.439, 0.489, 8, -6.286, 0.0368, 0.132, 0.000643, 0.114, 0.253, 143.808] 1zVhMuH7agsRe6XkljIY4U
[0.215, 0.419, 11, -8.857, 0.0422, 0.264, 2.59e-05, 0.112, 0.164, 48.817] 6JF5OEqj3bIEdoBTkHVACm
[0.429, 0.661, 11, -7.227, 0.0281, 0.00239, 0.00013, 0.234, 0.285, 173.365] 3AJwUDP919kvQ9QcozQPxg
[0.429, 0.243, 2, -9.827, 0.0317, 0.203, 0.106, 0.098, 0.0775, 147.927] 6Prs4p7iVZxODcO62NIiA6
[0.487, 0.52, 11, -6.217, 0.0316, 0.461, 0, 0.109, 0.597, 165.61] 4BszVrNbk2bRw5skPOv4z1
[0.64, 0.743, 10, -4.08, 0.0379, 0.269, 0, 0.101, 0.361, 122.035] 5fVZC9GiM4e8vu99W0Xf6J
[0.397, 0.725, 7, -4.862, 0.043, 0.00266, 0, 0.208, 0.358, 128.861] 4fwbGKNExPtPHbor1TBSY4
[0.512, 0.559, 1, -5.498, 0.0253, 0.0843, 0, 0.0696, 0.193, 85.017] 7xpraKSakDJ6WWgjQEtvgT
[0.622, 0.175, 6, -9.866, 0.156, 0.683, 0, 0.109, 0.376, 136.365] 2Dz5WpEWA0vhnMmEPYiZ2y
[0.417, 0.127, 9, -10.136, 0.0408, 0.938, 1.44e-05, 0.0978, 0.0922, 91.863] 3bVdGGXW1ttqOhCkeJmHLx
[0.479, 0.0892, 9, -13.723, 0.032, 0.897, 2.79e-06, 0.0899, 0.336, 77.799] 2KiRgHpE6flTfqgSE7kCEA
[0.405, 0.111, 0, -11.879, 0.0369, 0.964, 4.37e-05, 0.0872, 0.219, 116.86] 5sF7hdYvhrcgNq8NZjfK8L
[0.339, 0.143, 0, -10.78, 0.0317, 0.921, 0.000636, 0.372, 0.0948, 101.213] 74X1epeRufHckhuX1KFD04
[0.571, 0.697, 7, -5.467, 0.081, 0.0523, 0, 0.299, 0.358, 175.962] 2h1L35fJnEzxe2lAxmrvkC
[0.551, 0.636, 6, -7.125, 0.0281, 0.00713, 0.00203, 0.217, 0.153, 124.996] 0FDzzruyVECATHXKHFs9eJ
[0.478, 0.309, 7, -10.461, 0.0277, 0.884, 8.85e-06, 0.0651, 0.32, 144.691] 4HGaRnv2HuMKaZMLTJQZqV
[0.387, 0.182, 1, -10.815, 0.0311, 0.86, 0.00255, 0.0962, 0.0929, 121.903] 7nb2hZWBxeG38lwcRjFqn4
[0.189, 0.427, 0, -9.08, 0.0449, 0.113, 0.0923, 0.058, 0.158, 187.212] 1XczdQt6RKNkEQfPqUsi3q
[0.393, 0.633, 9, -4.769, 0.0275, 0.0339, 0, 0.104, 0.382, 174.022] 49kjlZP49LMD1MrrcvXDET
[0.412, 0.573, 5, -3.906, 0.0281, 0.634, 2.22e-06, 0.106, 0.0995, 76.233] 2FOn35Re66FfQGwqpVRBwv
[0.51, 0.356, 10, -13.442, 0.0335, 0.764, 0.0187, 0.116, 0.196, 74.877] 6eLOyOwKUJvjN0f9equFf8
[0.349, 0.348, 3, -6.142, 0.0316, 0.726, 0, 0.12, 0.0886, 74.541] 0UEy0vG9u6kmFMslgkEtvj
[0.576, 0.835, 2, -6.826, 0.0486, 0.337, 0, 0.082, 0.476, 150.017] 0RUGuh2uSNFJpGMSsD1F5C
[0.658, 0.296, 2, -10.584, 0.0293, 0.872, 0, 0.114, 0.311, 103.975] 0THbsvMRmCHpFT3YLX301c
[0.588, 0.0929, 11, -14.301, 0.0443, 0.95, 0.00539, 0.128, 0.502, 152.139] 0pJfsPQesJyCnR5XWZyvj9
[0.609, 0.367, 11, -7.02, 0.0332, 0.798, 0, 0.126, 0.197, 129.49] 3sxnWc4zmcftJwlazQaFGH
[0.556, 0.595, 9, -4.51, 0.0275, 0.214, 8.33e-05, 0.125, 0.144, 104.001] 0rpIH5otu7ykvZPdcQuRPh
[0.327, 0.316, 0, -11.339, 0.0338, 0.774, 0.00537, 0.107, 0.0397, 151.917] 4VRml1BGkDaZWPmG6zxlIE
[0.734, 0.637, 4, -5.677, 0.141, 0.0462, 2.29e-05, 0.0602, 0.648, 169.977] 3CRDbSIZ4r5MsZ0YwxuEkn
[0.239, 0.124, 7, -14.542, 0.0308, 0.959, 0.0237, 0.103, 0.113, 80.986] 1N5cFf4F9LNfov7GCGWpQc
[0.39, 0.536, 6, -7.536, 0.0384, 0.593, 0, 0.115, 0.212, 129.997] 2pmO8V5TEDZqsrcaxSucpj
[0.569, 0.833, 8, -5.991, 0.0505, 0.00394, 0, 0.624, 0.538, 130.05] 2Yn2V4CUURFsqrfUXVXBA7
[0.599, 0.297, 0, -9.188, 0.0301, 0.709, 3.41e-06, 0.108, 0.142, 122.32] 2ePgwid1o7NKDpUmNGC69b
[0.434, 0.398, 8, -7.789, 0.0507, 0.691, 0, 0.0991, 0.298, 167.662] 4hTpxQ2ddv12Owtz2GnOAz
[0.388, 0.372, 6, -5.72, 0.0468, 0.928, 0, 0.146, 0.285, 89.701] 5NRl32BO29q8xtWFvOlHZE
[0.484, 0.285, 0, -10.863, 0.0397, 0.899, 0, 0.121, 0.302, 126.749] 2IjyFRCRn8x1bEquOM3vxg
[0.483, 0.368, 6, -5.72, 0.03, 0.6, 0, 0.0882, 0.367, 66.943] 2czTwBUyZHzWXS06IzED4N
[0.474, 0.513, 4, -6.098, 0.0273, 0.0123, 0.0402, 0.254, 0.149, 136.171] 0fQlm2MUzqGDBPkuqq4U1Y
[0.327, 0.269, 4, -12.912, 0.0339, 0.825, 0.000234, 0.108, 0.0857, 141.514] 0YnfkqnXwn81vuf6v4ZScC
[0.372, 0.802, 6, -6.89, 0.0795, 0.146, 0.000189, 0.124, 0.343, 173.788] 2F7hvN2bm5OUVPBLIJG59G
[0.552, 0.609, 9, -6.179, 0.0283, 0.0097, 0.00324, 0.249, 0.34, 142.097] 34i4iNoHzty2fJ3kZeo4Mx
[0.463, 0.804, 4, -5.222, 0.14, 0.0697, 0.00873, 0.0659, 0.221, 139.904] 6ce17pZwsMcYNab5IaC5MQ
[0.757, 0.632, 2, -6.83, 0.0549, 0.499, 0, 0.0723, 0.742, 122.936] 5PycBIeabfvX3n9ILG7Vrv
[0.764, 0.739, 1, -6.422, 0.0574, 0.403, 0, 0.0821, 0.77, 132.995] 0jr6tT2vc4cIFPHb6wufG3
[0.614, 0.333, 5, -10.851, 0.0347, 0.803, 0.0253, 0.108, 0.146, 124.937] 3rHlPSHHdS0yaTduS96DKm
[0.726, 0.618, 0, -4.843, 0.123, 0.0595, 4.43e-05, 0.151, 0.923, 161.962] 5gBEdUKVZJgvQwNu8pIQqy
[0.463, 0.342, 2, -9.838, 0.0279, 0.0604, 0, 0.172, 0.323, 86.498] 33Lfnu1uBuJIidzHRFyTxL
[0.781, 0.445, 2, -6.061, 0.0295, 0.474, 0, 0.184, 0.591, 78.998] 34gCuhDGsG4bRPIf9bb02f
[0.765, 0.473, 10, -5.829, 0.0514, 0.287, 0, 0.391, 0.34, 119.992] 2vDT1uU6hZgdp3PbWGr0Xy
[0.464, 0.321, 2, -11.12, 0.0418, 0.877, 0, 0.0789, 0.306, 93.528] 5TvFfDlVoUWZvfqrhTJzD7
[0.586, 0.593, 6, -8.394, 0.0329, 0.636, 0.000131, 0.115, 0.668, 111.942] 7cpHPzPgqKor6gv6nTkJ4R
[0.565, 0.654, 1, -6.826, 0.0335, 0.0542, 1.8e-06, 0.122, 0.235, 111.968] 2dBwB667LHQkLhdYlwLUZK
[0.428, 0.626, 4, -6.639, 0.0339, 0.222, 8.22e-05, 0.277, 0.379, 86.02] 487OPlneJNni3NWC8SYqhW
[0.549, 0.675, 4, -5.637, 0.0332, 0.399, 0, 0.181, 0.206, 119.898] 3SKzTIl9mW0DadTys9SFo3
[0.571, 0.585, 9, -8.392, 0.0494, 0.239, 0.00016, 0.133, 0.291, 113.973] 3ek4HgBlmvkTWgfT5sTSe9
[0.222, 0.184, 0, -13.235, 0.0335, 0.925, 0.000298, 0.1, 0.156, 184.171] 1LLIkqUK19oJXHozT5PJ3B
[0.677, 0.396, 1, -8.229, 0.0278, 0.117, 0, 0.0888, 0.242, 102.028] 4MaOXwqSgiwgngbeYePmu8
[0.585, 0.421, 7, -9.593, 0.0707, 0.106, 9.54e-06, 0.14, 0.24, 132.986] 0Gi17qCJh9e9RJxLaYkm9l
[0.631, 0.853, 0, -5.925, 0.0565, 0.00951, 0, 0.0713, 0.405, 103.985] 6XXgPMayENMDQ9i3WIDEZY
[0.705, 0.784, 2, -4.351, 0.0279, 0.211, 4.3e-06, 0.0813, 0.418, 104.98] 30raivfq7rSt5nKltiHfzG
[0.522, 0.413, 3, -5.86, 0.0316, 0.722, 0, 0.0854, 0.49, 175.972] 7lXOqE38eCr979gp27O5wr
[0.612, 0.28, 0, -8.648, 0.0434, 0.932, 0, 0.088, 0.387, 72.795] 0nJW01T7XtvILxQgC5J7Wh
[0.406, 0.0307, 0, -17.636, 0.04, 0.951, 0, 0.0984, 0.245, 136.716] 0Rm2G83ELwkuEgpHlJcBPn
[0.363, 0.466, 10, -6.927, 0.0352, 0.517, 5.8e-05, 0.0781, 0.275, 199.687] 58zNxctExLN2X6xDH0crtC
[0.169, 0.269, 5, -13.265, 0.036, 0.953, 0.00828, 0.111, 0.173, 74.847] 4X5zaUdlRhvBWYnyQIKmH8
[0.416, 0.459, 9, -9.977, 0.0366, 0.813, 0.0428, 0.102, 0.175, 135.689] 1Yh4lOCbcskjSfYPDnn7EW
[0.398, 0.428, 5, -8.292, 0.0275, 0.846, 0.0338, 0.185, 0.111, 81.017] 5R65WfxdtxpTNSIloTfIdM
[0.34, 0.361, 1, -11.567, 0.0294, 0.636, 0.421, 0.259, 0.0392, 81.765] 1DYRRZ5rSlc1PopnB7azLZ
[0.445, 0.522, 2, -8.007, 0.0331, 0.363, 0.000487, 0.0797, 0.162, 107.752] 45pI8224KKX9Gx5fiyvEAh
[0.304, 0.311, 11, -9.647, 0.0344, 0.675, 0.00195, 0.12, 0.115, 117.68] 21qg0IBZf8R12qHd9A3AA4
[0.282, 0.464, 11, -11.112, 0.0533, 0.544, 0.215, 0.111, 0.0596, 148.345] 5jqNQZBwbZWQXPWfo0ygZF
[0.296, 0.25, 7, -10.088, 0.0314, 0.975, 0.0187, 0.0988, 0.0898, 102.031] 44JxL1qNXXQYniZ5T3MUs9
[0.287, 0.43, 5, -10.014, 0.033, 0.269, 0.000579, 0.32, 0.109, 93.984] 3sYDVtqO35oRSOIMx7dOqR
[0.632, 0.638, 7, -6.731, 0.0505, 0.137, 0, 0.125, 0.574, 121.868] 3U1TuSqHIubBA10cVP7Sk6
[0.532, 0.869, 11, -5.094, 0.172, 0.157, 0.00508, 0.136, 0.422, 159.803] 1i1fxkWeaMmKEB4T7zqbzK
[0.558, 0.442, 6, -7.093, 0.0264, 0.167, 0.00111, 0.142, 0.288, 131.896] 0hg7CtIqZzzhLgapCKFE67
[0.443, 0.466, 9, -9.209, 0.0302, 0.393, 0.647, 0.165, 0.19, 127.493] 3PJikMV2xGNCooQttQrAw5
[0.198, 0.0649, 0, -16.908, 0.0385, 0.81, 0.00379, 0.0817, 0.0402, 77.814] 6XFvsdR5sHHNy5dOcbz545
[0.512, 0.0953, 2, -16.082, 0.0304, 0.828, 0.000268, 0.117, 0.193, 134.706] 6FZdFkP2IjF99eDahDT8SH
[0.588, 0.477, 9, -12.71, 0.0492, 0.61, 0.00188, 0.122, 0.488, 150.396] 1JDMO4EVPHtm0xXhJb2IjR
[0.244, 0.327, 9, -12.903, 0.0334, 0.924, 0.814, 0.134, 0.123, 130.002] 4Bmd6JmoK3EYwQcHbbtiGG
[0.423, 0.0657, 1, -14.421, 0.0386, 0.928, 1.4e-06, 0.0922, 0.105, 98.489] 0ewX9JsKy9oa4IifkFSroa
[0.555, 0.257, 10, -12.637, 0.0299, 0.892, 1.42e-06, 0.124, 0.431, 89.013] 7iBSkXB0pTvZasOLf0Qxk9
[0.544, 0.529, 6, -6.753, 0.0256, 0.453, 0, 0.131, 0.403, 92.936] 4THoSHxiabL1rd59iVWu2T
[0.843, 0.425, 8, -8.676, 0.0352, 0.565, 0, 0.102, 0.284, 104.02] 4bcgRbGeq4IejesjsiHyTH
[0.475, 0.478, 11, -8.634, 0.0286, 0.125, 0.0428, 0.128, 0.122, 79.005] 13yuX1iqobZtQtq5lr8UoC
[0.466, 0.763, 0, -4.448, 0.0318, 0.000501, 0, 0.0973, 0.293, 154.914] 5Az8KU81g2aLBbJN67F2CI
[0.406, 0.62, 9, -8.751, 0.153, 0.471, 9.72e-05, 0.0893, 0.26, 129.812] 5zvJELVKAnPkscGc5aLKJI
[0.434, 0.595, 7, -5.312, 0.0491, 0.58, 0, 0.152, 0.323, 129.307] 5ASYKV7L20Xz5Cub2t4FeA
[0.58, 0.65, 0, -5.361, 0.0329, 0.038, 0.000318, 0.17, 0.194, 112.021] 557KWxa3o2DHiCTeJCg2Ss
[0.75, 0.472, 5, -9.705, 0.042, 0.272, 0, 0.263, 0.881, 120.505] 6Ezrvk64WB6scceSL3lDjp
[0.263, 0.237, 3, -13.738, 0.0344, 0.638, 0.305, 0.109, 0.0461, 73.024] 3tJjZMHLqhD8DaGgdBICnc
[0.345, 0.587, 5, -8.346, 0.0364, 0.539, 0.0731, 0.119, 0.258, 119.479] 11MyiSGZSYSmhhqwGUTtAq
[0.49, 0.373, 8, -9.762, 0.26, 0.101, 0.000105, 0.128, 0.346, 121.889] 4Fv6wNYUixnYkj3Dgfrls8
[0.492, 0.275, 6, -13.4, 0.3, 0.687, 0, 0.101, 0.18, 92.6] 7vRriwrloYVaoAe3a9wJHe
[0.661, 0.393, 5, -8.199, 0.0554, 0.546, 0.000131, 0.11, 0.165, 83.851] 26vLtfKQSZfGpyOM1RVINj
[0.611, 0.799, 0, -5.719, 0.0641, 0.202, 0.0277, 0.123, 0.51, 101.038] 5hc71nKsUgtwQ3z52KEKQk
[0.389, 0.665, 0, -6.169, 0.0644, 0.178, 0.000732, 0.116, 0.199, 117.055] 7lGKEWMXVWWTt3X71Bv44I
[0.484, 0.444, 4, -6.935, 0.0636, 0.601, 0, 0.238, 0.226, 144.208] 3OXpdrHLT4IqM76RajgM6Q
[0.329, 0.266, 0, -13.297, 0.0346, 0.958, 0.111, 0.528, 0.08, 111.472] 5cIZoKmBiFgjabaBG0D9fO
[0.468, 0.517, 0, -7.049, 0.0574, 0.875, 0.00705, 0.171, 0.425, 69.287] 0Mf6WhWLfOpzOxacvbcboj
[0.388, 0.836, 7, -3.269, 0.231, 0.161, 0, 0.936, 0.353, 76.305] 7fJALFBexDXzu0QdatF5O4
[0.611, 0.39, 2, -5.861, 0.116, 0.625, 0, 0.118, 0.617, 163.897] 0ZAiqymvbQUZAh9y6ZT3Rm
[0.261, 0.524, 2, -6.697, 0.0437, 0.612, 2.11e-06, 0.0923, 0.119, 58.879] 6REPF37KwcWMqyk6XCuB7p
[0.433, 0.477, 5, -8.756, 0.0342, 0.342, 1.82e-06, 0.101, 0.164, 106.576] 7wcOWjMxbSNE6UM1DHrNHp
[0.447, 0.393, 5, -8.65, 0.038, 0.785, 0, 0.28, 0.564, 73.139] 5JDcQAztvZTIkrWoZihgvC
[0.51, 0.185, 11, -13.651, 0.0644, 0.925, 0, 0.122, 0.418, 79.092] 1pvGWSvIXr8PTk8nC4SnXK
[0.503, 0.695, 10, -7.777, 0.743, 0.496, 0, 0.0966, 0.102, 82.141] 10bt2wAkFgCWRCEOyAyWT9
[0.55, 0.404, 0, -12.755, 0.0398, 0.441, 0.00022, 0.11, 0.329, 135.016] 1gZADNt16Oh23jWyMYRk4p
[0.507, 0.553, 9, -7.62, 0.046, 0.126, 0.000175, 0.087, 0.181, 130.072] 5XijWLBY0vwl5MPUpQA2Ha
[0.684, 0.445, 8, -6.795, 0.0328, 0.805, 7.24e-06, 0.178, 0.428, 120.073] 3MLiV0gaOCQkFf6FXdSaog
[0.454, 0.447, 7, -6.734, 0.0596, 0.252, 0.0837, 0.394, 0.0971, 129.984] 7jJj2NXkpMBfx79y1kjaJx
[0.475, 0.37, 4, -7.725, 0.0361, 0.819, 0.0577, 0.0841, 0.157, 144.828] 2uIX8YMNjGMD7441kqyyNU
[0.661, 0.43, 4, -9.788, 0.0418, 0.113, 1.4e-05, 0.0849, 0.127, 144.99] 4mLneFCwllD4eCvWCVOSlO
[0.703, 0.736, 4, -5.709, 0.046, 0.186, 1.92e-05, 0.174, 0.274, 119.955] 44aN5xKL3kGHvQ5bXVk6B8
[0.545, 0.968, 9, -3.553, 0.0853, 0.0387, 0.00325, 0.331, 0.527, 169.965] 5qEn8c0MBzyRKgQq91Vevi
[0.578, 0.574, 2, -6.209, 0.0454, 0.196, 0, 0.083, 0.301, 174.152] 0kN8xEmgMW9mh7UmDYHlJP
[0.704, 0.468, 2, -6.218, 0.0359, 0.514, 0, 0.103, 0.278, 100.084] 5hA2ZHjvt1tgp55OzaqYKL
[0.735, 0.451, 0, -8.374, 0.0585, 0.0631, 1.3e-05, 0.325, 0.0862, 117.973] 6yIdwnpDHufLWgQcveTPMk
[0.164, 0.647, 1, -5.737, 0.0532, 0.753, 0.00104, 0.367, 0.159, 178.763] 3Muzm6j9ZzVQfvhM2IilPH
[0.486, 0.659, 10, -5.978, 0.0305, 0.31, 0.105, 0.108, 0.173, 140.0] 2JUaGpCrD8tywgj9MeLFbb
[0.617, 0.439, 9, -5.63, 0.0269, 0.424, 0, 0.127, 0.242, 139.979] 1lyNFzcCl9kXCof6GV32fV
[0.494, 0.243, 5, -9.083, 0.0316, 0.822, 0.00225, 0.147, 0.0722, 126.063] 4gVZhkcsZcwQ4mU1gEeXEO
[0.669, 0.487, 7, -6.317, 0.0323, 0.114, 0.00739, 0.268, 0.186, 116.987] 52FMlC7YZz0i45n185CzCg
[0.599, 0.448, 8, -6.312, 0.0232, 0.163, 0, 0.106, 0.168, 95.05] 0tgVpDi06FyKpA1z0VMD4v
[0.604, 0.366, 7, -7.881, 0.0267, 0.719, 0, 0.162, 0.181, 105.177] 2dfHh7ECGxfNqZTQno09Vk
[0.589, 0.242, 6, -10.517, 0.0442, 0.914, 0, 0.0887, 0.257, 89.749] 4VuS959DSpr82t3qBqCrWG
[0.552, 0.29, 10, -5.617, 0.0448, 0.85, 0, 0.227, 0.481, 78.842] 6TIU9Ehmi6dMzZK73Ym4yj
[0.461, 0.612, 8, -8.645, 0.522, 0.15, 0, 0.086, 0.0374, 168.504] 55SBnUF28p7VolE0P2PiYb
[0.548, 0.791, 7, -5.904, 0.382, 0.651, 0, 0.365, 0.278, 104.523] 4aPhD9y5LqyAzxt1J4Vc8E
[0.518, 0.575, 5, -4.616, 0.0302, 0.0259, 0, 0.109, 0.209, 120.019] 5ELRkzdzz0HvGpMDlfZHkV
[0.443, 0.369, 9, -9.514, 0.0441, 0.969, 0.277, 0.638, 0.0989, 174.107] 6mORGLOz79w6VsCRLWYYuK
[0.614, 0.383, 9, -8.763, 0.0268, 0.961, 0.44, 0.079, 0.133, 109.008] 6NQfUZb5VummNR8rozb8Ic
[0.187, 0.238, 2, -13.707, 0.0385, 0.148, 0.709, 0.0942, 0.254, 180.204] 548iWzPhzdvVYUTvdupSOf
[0.383, 0.662, 2, -5.162, 0.0333, 0.165, 0, 0.248, 0.138, 121.154] 225xvV8r1yKMHErSWivnow
[0.471, 0.47, 6, -6.626, 0.0297, 0.372, 1.83e-06, 0.333, 0.451, 79.539] 7gdwoOmi258QJq0hmQ4hto
[0.251, 0.287, 1, -15.004, 0.0408, 0.895, 0.00155, 0.348, 0.0935, 170.118] 2TgxCUZdHFkPEVmFge1OSd
[0.492, 0.26, 9, -17.341, 0.0921, 0.646, 0.00178, 0.0705, 0.312, 111.519] 2z3htsNRuhDN923ITatc56
[0.264, 0.493, 11, -7.9, 0.113, 0.545, 0.00233, 0.396, 0.298, 170.292] 5AZoeEIcCJfqdHGUFTvQ2K
[0.556, 0.538, 8, -5.408, 0.0382, 0.0689, 0, 0.196, 0.291, 143.95] 75ZvA4QfFiZvzhj2xkaWAh
[0.333, 0.436, 7, -9.735, 0.029, 0.876, 0.0179, 0.0808, 0.149, 140.011] 2XiqsYPmKLqjOigE3HmfXb
[0.537, 0.528, 11, -7.666, 0.208, 0.0874, 0, 0.0855, 0.124, 96.931] 3p0Y1C5jhaqyKW7d9oskXA
[0.837, 0.549, 0, -5.722, 0.167, 0.17, 0, 0.057, 0.209, 121.954] 74cVJfmK18rhWnscIpGXjt
[0.463, 0.755, 4, -7.244, 0.0634, 0.11, 4.89e-06, 0.103, 0.252, 145.319] 5u0YB9bpmgEPS2bPhwfRFV
[0.796, 0.291, 5, -11.894, 0.0403, 0.836, 0, 0.126, 0.923, 176.03] 2twUPIYOTqVivev47pf7bU
[0.727, 0.461, 9, -7.527, 0.0749, 0.983, 7.86e-05, 0.0796, 0.198, 148.129] 3ITvHA9zhZZdBJsOsAUegF
[0.669, 0.308, 11, -10.068, 0.029, 0.883, 0, 0.0984, 0.52, 64.934] 7AFASza1mXqntmGtbxXprO
[0.797, 0.533, 0, -9.74, 0.0412, 0.0172, 0.000152, 0.103, 0.329, 131.036] 7AQim7LbvFVZJE3O8TYgf2
[0.433, 0.778, 4, -7.681, 0.041, 0.843, 0, 0.139, 0.764, 114.208] 5de9Ho64dovuQI8Uhn5gPD
[0.729, 0.443, 0, -9.195, 0.0278, 0.514, 1.01e-06, 0.094, 0.324, 130.359] 0f9Zt37k5AnTkrGIFqhkK6
[0.822, 0.478, 1, -8.746, 0.0343, 0.559, 0.0073, 0.0813, 0.722, 117.394] 0SNGe4xksgp7CGnY5kMXOJ
[0.622, 0.709, 5, -7.32, 0.0669, 0.0582, 0, 0.126, 0.488, 140.018] 21YnmkSDhUkmkkni22Svc4
[0.441, 0.219, 8, -14.586, 0.0419, 0.935, 0, 0.115, 0.244, 94.021] 39KG4kom3enSx4GTThuDGt
[0.767, 0.512, 6, -6.777, 0.0591, 0.893, 0.000223, 0.103, 0.489, 123.921] 1Ob94QesoxHSBrypyBbdfd
[0.834, 0.472, 5, -7.777, 0.0873, 0.412, 6.76e-05, 0.0836, 0.517, 107.014] 52Qu0no0NBho3zyRmjlsHn
[0.723, 0.471, 10, -9.506, 0.122, 0.0886, 0.000881, 0.112, 0.135, 121.962] 5irqvOUbWsUefjZ8KPSQ66
[0.653, 0.378, 5, -8.273, 0.0533, 0.658, 0, 0.177, 0.54, 91.835] 0mel2N9Ws9r4yLQn5QE21Y
[0.455, 0.292, 0, -6.792, 0.0563, 0.889, 0, 0.106, 0.43, 84.339] 7sTtHHrD0zDpmzQzH3zegz
[0.62, 0.288, 4, -9.431, 0.123, 0.801, 0, 0.344, 0.691, 100.385] 5Cv1xqpyciZZuHHR7xr2l0
[0.576, 0.283, 2, -13.004, 0.039, 0.897, 0.892, 0.0841, 0.252, 119.277] 7ydeKIGuAdxqkp7OsWGZx6
[0.754, 0.43, 11, -8.735, 0.282, 0.331, 0.00161, 0.0704, 0.403, 105.069] 4nkg2Cs65ccVr5L3ychcmu
[0.616, 0.535, 4, -10.819, 0.229, 0.548, 0.53, 0.0989, 0.523, 65.754] 3bKAk1lOe80qonxAZudFlC
[0.439, 0.269, 11, -12.376, 0.0406, 0.875, 0.821, 0.11, 0.138, 115.838] 74MDp5Nli8F3aTRd0KkxF7
[0.593, 0.25, 11, -10.152, 0.0349, 0.701, 1.23e-06, 0.421, 0.449, 119.893] 1a9GMZk48Pznvyop6ZXfW6
[0.421, 0.791, 9, -4.998, 0.0496, 0.0117, 1.48e-05, 0.146, 0.499, 130.075] 6kwAbEjseqBob48jCus7Sz
[0.664, 0.753, 0, -3.589, 0.0323, 0.057, 0, 0.088, 0.54, 118.253] 2TBQoW7s6iwKcg139ssqie
[0.515, 0.43, 7, -9.935, 0.0369, 0.0102, 0.000141, 0.129, 0.104, 91.841] 1ytTeSRAU6IRo2itVDwtPv
[0.71, 0.473, 0, -9.048, 0.0332, 0.914, 0.166, 0.124, 0.447, 130.076] 4g24R4qNnOy1stBY5uIIAa
[0.859, 0.905, 0, -5.539, 0.129, 0.205, 0.00825, 0.322, 0.73, 89.945] 3wuCCNCnBhJlwkIJTBZFiv
[0.768, 0.408, 4, -8.551, 0.0714, 0.0542, 0, 0.106, 0.0905, 129.96] 1746Hs7bQJMMYAZvVYM3ig
[0.506, 0.381, 1, -10.953, 0.266, 0.427, 0.00241, 0.139, 0.0389, 92.11] 4oozP2hnvCnePEWvWcJuSP
[0.514, 0.32, 9, -9.669, 0.144, 0.891, 0, 0.0977, 0.236, 76.916] 4vzV11MKDc82D9r1YV61MQ
[0.805, 0.423, 5, -9.268, 0.0944, 0.736, 7.72e-06, 0.111, 0.616, 130.074] 3yd61L2MF15R4XIKOyIteI
[0.838, 0.469, 0, -7.992, 0.0835, 0.0358, 0, 0.0928, 0.778, 139.975] 3LmvfNUQtglbTrydsdIqFU
[0.594, 0.798, 4, -5.244, 0.0844, 0.115, 0, 0.143, 0.381, 142.049] 1Knctxx9vGZxpZfF66BIEa
[0.609, 0.37, 0, -13.933, 0.0712, 0.664, 0.086, 0.328, 0.352, 119.806] 6jT3etAOkvMUw0zsEw5QnR
[0.845, 0.304, 10, -16.441, 0.195, 0.371, 0, 0.112, 0.413, 90.01] 7022xokeCJFSeZxw2npVkn
[0.351, 0.296, 4, -10.109, 0.0333, 0.934, 0, 0.095, 0.12, 115.284] 0u2P5u6lvoDfwTYjAADbn4
[0.696, 0.387, 7, -10.083, 0.027, 0.454, 2.89e-06, 0.116, 0.823, 80.866] 6zyooAtuu9501vDvV7F8Ga
[0.537, 0.383, 2, -6.528, 0.0247, 0.747, 0.00025, 0.356, 0.339, 104.252] 4u9Y4Z9i9VaAbBK7rW1Rha
[0.643, 0.375, 6, -10.2, 0.541, 0.617, 0.143, 0.133, 0.144, 80.634] 5wPP9ydg21KpAO1tewcVDy
[0.669, 0.574, 4, -6.442, 0.0286, 0.0175, 0.00294, 0.146, 0.273, 120.013] 0Dn40gxVCMo5TkgS8Ik18Q
[0.685, 0.554, 7, -10.029, 0.0316, 0.22, 0.584, 0.366, 0.262, 119.958] 2CRsMrha3uPuIYJ3geS6Re
[0.487, 0.458, 4, -7.761, 0.0371, 0.552, 0.0257, 0.117, 0.207, 115.989] 7stcuQtnHL7C6XdPvpwywv
[0.54, 0.439, 10, -8.591, 0.115, 0.635, 1.93e-05, 0.0993, 0.371, 167.908] 7vGGAJBkHKxKtOnGjQduDV
[0.554, 0.61, 0, -7.229, 0.0804, 0.0982, 0.0812, 0.561, 0.497, 80.948] 65DzdjRWH35DNsBZBjW523
[0.523, 0.712, 1, -8.484, 0.339, 0.793, 0, 0.119, 0.2, 97.689] 4Nj8e8GZPXuK5adHZZnZlP
[0.423, 0.43, 8, -11.475, 0.231, 0.725, 0.000574, 0.132, 0.324, 84.273] 2xRyZfWe9bnRfH1ZfhYO98
[0.498, 0.104, 1, -14.08, 0.0621, 0.979, 7.86e-05, 0.0895, 0.205, 124.001] 14JzyD6FlBD5z0wV5P07YI
[0.559, 0.33, 9, -8.251, 0.0285, 0.892, 0, 0.0975, 0.285, 135.109] 4kflIGfjdZJW4ot2ioixTB
[0.771, 0.467, 0, -9.875, 0.155, 0.238, 0.000178, 0.107, 0.339, 99.956] 5G5bQq8rZoszH9QWAcvT6h
[0.695, 0.586, 0, -10.315, 0.0658, 0.102, 0.317, 0.113, 0.112, 98.035] 2OpBganfGk2GVdSlRdxzaX
[0.687, 0.721, 6, -6.47, 0.0362, 0.00172, 0.684, 0.127, 0.629, 125.922] 0qFnozi0ZGCF7Nohp71hm7
[0.675, 0.562, 7, -7.678, 0.0352, 0.233, 0, 0.0816, 0.309, 130.098] 6eT7xZZlB2mwyzJ2sUKG6w
[0.752, 0.488, 6, -7.05, 0.0705, 0.297, 9.11e-06, 0.0936, 0.533, 136.041] 5p7ujcrUXASCNwRaWNHR1C
[0.613, 0.6, 8, -7.097, 0.154, 0.166, 0, 0.117, 0.532, 147.059] 5YAP8zpqj1eIX88makBjDe
[0.773, 0.437, 9, -8.281, 0.0963, 0.836, 2.42e-05, 0.544, 0.707, 103.861] 75ls0gurX68lUmMjE7QcsE
[0.457, 0.333, 5, -9.76, 0.131, 0.729, 0, 0.166, 0.251, 166.463] 0dlTFvu6sfzEenCh2IAPmu
[0.588, 0.33, 0, -14.948, 0.0934, 0.658, 1.15e-06, 0.085, 0.231, 99.968] 7KeNKDufYkAf3VKOumK12r
[0.583, 0.584, 5, -5.362, 0.0314, 0.254, 0, 0.123, 0.136, 140.039] 3f3omU8n47Mqyab5nCaGyT
[0.665, 0.424, 0, -7.838, 0.0444, 0.437, 0, 0.107, 0.134, 129.911] 7dZ1Odmx9jWIweQSatnRqo
[0.409, 0.137, 6, -9.169, 0.0446, 0.928, 0, 0.0706, 0.106, 162.08] 26z6V1SijQq6J3gPIu1H7t
[0.501, 0.405, 1, -5.679, 0.0319, 0.751, 0, 0.105, 0.446, 109.891] 2TIlqbIneP0ZY1O0EzYLlc
[0.264, 0.122, 9, -15.399, 0.0349, 0.885, 0.349, 0.094, 0.0735, 148.658] 54KFQB6N4pn926IUUYZGzK
[0.405, 0.111, 0, -11.879, 0.0369, 0.964, 4.37e-05, 0.0872, 0.219, 116.86] 5sF7hdYvhrcgNq8NZjfK8L
[0.589, 0.242, 6, -10.517, 0.0442, 0.914, 0, 0.0887, 0.257, 89.749] 4VuS959DSpr82t3qBqCrWG
[0.407, 0.147, 2, -8.822, 0.0355, 0.857, 2.89e-06, 0.0913, 0.0765, 141.284] 6Vc5wAMmXdKIAM7WUoEb7N
[0.586, 0.624, 5, -5.946, 0.113, 0.0153, 1.78e-06, 0.133, 0.267, 68.976] 6lOWoTqVnAWXchddtTH31W
[0.461, 0.29, 1, -7.999, 0.0349, 0.855, 0, 0.103, 0.412, 144.739] 60wa5J6SkXtBXHySQ3PoNB
[0.553, 0.586, 11, -6.319, 0.0362, 0.697, 0, 0.0813, 0.443, 126.684] 3EPXxR3ImUwfayaurPi3cm
[0.531, 0.269, 1, -10.6, 0.0406, 0.866, 0, 0.116, 0.52, 84.186] 5UqivtkoiPTXrJu6GIt1mh
[0.499, 0.181, 9, -15.359, 0.0429, 0.745, 0.00123, 0.106, 0.0747, 111.956] 1tT55K6VEyO6XFDxK4lDQe
[0.623, 0.276, 5, -8.893, 0.0287, 0.89, 0, 0.146, 0.308, 99.623] 29f11nLUcMYQ2Ndbnb7N0o
[0.487, 0.146, 10, -15.225, 0.038, 0.897, 1.9e-06, 0.106, 0.261, 96.065] 4cRVPfsnX1r3S3GzXRy2wt
[0.507, 0.204, 0, -11.575, 0.0504, 0.855, 0, 0.143, 0.343, 77.765] 6WU74yOM3Evu2hoyy2g5g5
[0.397, 0.303, 1, -10.413, 0.11, 0.798, 4.16e-06, 0.0824, 0.17, 170.22] 0STK94RxUulYqWzwFlyAb5
[0.387, 0.249, 9, -13.233, 0.0437, 0.918, 0, 0.103, 0.346, 94.039] 43MP9F7UzvfilSrw2SqZGJ
[0.45, 0.335, 7, -7.464, 0.0298, 0.785, 1.25e-06, 0.0979, 0.25, 109.908] 3DKpA54hrFIdPN6AtL9HXa
[0.536, 0.317, 6, -8.752, 0.0359, 0.402, 0, 0.11, 0.319, 143.89] 2wHA4yJKT8TJhGz20QxUqX
[0.396, 0.177, 5, -10.277, 0.0378, 0.718, 0, 0.139, 0.221, 177.215] 1a1SQeSqUKzH5OUVTEx4ae
[0.287, 0.292, 5, -8.32, 0.028, 0.784, 0.000723, 0.0879, 0.142, 86.736] 1sYFMF9wb8M6ZoY5C1Eltj
[0.457, 0.333, 5, -9.76, 0.131, 0.729, 0, 0.166, 0.251, 166.463] 0dlTFvu6sfzEenCh2IAPmu
[0.626, 0.528, 4, -5.043, 0.0359, 0.35, 5.48e-06, 0.0995, 0.274, 119.52] 2x7mjuJxIRphPtfTSWNDgp
[0.317, 0.279, 3, -7.363, 0.0283, 0.557, 2.21e-05, 0.111, 0.151, 160.839] 1uRGDnmcKyN9OmID8nenx6
[0.404, 0.531, 1, -4.328, 0.103, 0.215, 0, 0.0521, 0.321, 164.848] 1uru26I2JKd2mQZt0MDCUe
[0.535, 0.297, 6, -6.043, 0.0665, 0.653, 0, 0.118, 0.0492, 147.569] 1WO6kvO7P8TOsuhBaqun5w
[0.747, 0.474, 1, -6.989, 0.0381, 0.667, 5.22e-06, 0.0828, 0.404, 107.965] 5IwVlJxGZ3WYfM1FPVWcQw
[0.638, 0.25, 4, -5.854, 0.0403, 0.865, 0, 0.11, 0.319, 98.367] 6jApoxmm4K0yhJlSBONwjz
[0.454, 0.566, 7, -8.053, 0.0583, 0.373, 0.00153, 0.0588, 0.424, 136.165] 5zxJlZh20vaB1TcZAUZ8Pz
[0.397, 0.398, 4, -9.554, 0.0763, 0.591, 1e-06, 0.11, 0.234, 77.301] 5J1743g5YKc2D6BUNy0mPb
[0.437, 0.719, 6, -4.569, 0.0376, 0.00697, 3.86e-05, 0.0765, 0.284, 169.976] 5KGTKwOePys7aH4o6EzXEP
[0.561, 0.581, 8, -8.681, 0.0455, 0.439, 0, 0.0966, 0.164, 148.712] 7p6s3yvfMxu6XnxodtnA00
[0.308, 0.0769, 9, -12.863, 0.0446, 0.916, 1.75e-06, 0.134, 0.158, 77.132] 4jb9Z2txvxCNnQDBecoQdT
[0.613, 0.184, 1, -11.593, 0.0325, 0.883, 0.000168, 0.116, 0.327, 95.755] 2nTITKWWwWzJR5Cnk0YEXh
[0.367, 0.155, 3, -11.056, 0.0322, 0.913, 0.00054, 0.0963, 0.212, 125.911] 3nXtl3fvpEbUK1Cgfav9Of
[0.492, 0.189, 6, -6.545, 0.0397, 0.95, 0, 0.266, 0.259, 127.716] 55Fs8h2Ui6YQZEFNaM7MdC
[0.638, 0.349, 11, -8.858, 0.031, 0.739, 0.00705, 0.122, 0.194, 130.233] 2PDtjfXQMbuMazcNd7JtqF
[0.498, 0.0776, 8, -19.895, 0.0341, 0.865, 0.000917, 0.0966, 0.11, 110.123] 6DHrHYsp1Xt11qqgN5bo2u
[0.291, 0.33, 4, -7.103, 0.0367, 0.88, 0, 0.127, 0.321, 81.808] 4POPfMkXidM6i7SiUzBcO2
[0.326, 0.283, 2, -8.718, 0.0361, 0.774, 0.00658, 0.217, 0.153, 136.218] 4L38PDowEFkcn4IYhx8tdY
[0.539, 0.19, 9, -9.916, 0.0401, 0.951, 0, 0.112, 0.179, 114.225] 0Vno3awyLj68OngqQmHcOt
[0.409, 0.328, 11, -10.079, 0.0422, 0.839, 0, 0.0938, 0.122, 140.57] 2u38U69ABazSHMawCWsXY6
[0.602, 0.431, 0, -5.03, 0.032, 0.687, 0, 0.108, 0.419, 82.958] 13XbTTKabl4zIeqvgwkNaU
[0.71, 0.36, 0, -10.372, 0.0597, 0.508, 0, 0.18, 0.452, 104.985] 2fyni3khU6xzjPtmnwaBQq
[0.44, 0.207, 8, -13.123, 0.0925, 0.881, 0, 0.0986, 0.426, 85.97] 5m7M30brOVq7X6PZFJU9U9
[0.378, 0.254, 7, -9.021, 0.0353, 0.844, 0, 0.111, 0.373, 78.978] 27hauwRp0G2YflSJfkmD3o
[0.449, 0.118, 0, -16.951, 0.0684, 0.935, 2.06e-05, 0.173, 0.104, 125.965] 2tuL0Nbi9K4qsrlyapuXRe
[0.531, 0.499, 0, -8.793, 0.0403, 0.416, 0, 0.131, 0.182, 118.059] 1bb9eogTs9f8FrxlQ8Rvr2
[0.492, 0.266, 4, -10.597, 0.0412, 0.876, 0, 0.123, 0.402, 149.056] 7diqeo6jnPeYAuOpSM5rYJ
[0.491, 0.643, 0, -5.728, 0.24, 0.48, 0, 0.0939, 0.38, 75.353] 68PeaGfaZL9SahOS2z2zsa
[0.692, 0.459, 8, -8.042, 0.112, 0.375, 0, 0.205, 0.398, 137.987] 3aCaXpvZDTXDgJtScOiPxv
[0.592, 0.129, 8, -15.613, 0.0513, 0.883, 0, 0.13, 0.466, 126.846] 0NzPvJ1MAmkzNEPoXJxKDJ
[0.418, 0.484, 2, -10.385, 0.0304, 0.37, 0.46, 0.111, 0.0311, 109.011] 2xzHM5HxH8V7f4tIK79h0L
[0.553, 0.445, 10, -11.53, 0.0446, 0.47, 0.00182, 0.163, 0.0529, 144.986] 3AyqL43OEZwcDRyvf1SYgc
[0.63, 0.423, 2, -7.705, 0.0318, 0.507, 2.24e-06, 0.219, 0.319, 90.019] 0z29wv0x2IXrpWxNgICET7
[0.338, 0.372, 3, -6.546, 0.0286, 0.878, 0.000329, 0.105, 0.169, 100.016] 06aX9B7cYMOpPFkTUfgqj1
[0.551, 0.0804, 0, -9.946, 0.0595, 0.961, 0, 0.128, 0.234, 129.985] 3qs3jRO896bvMIWfyBh7W0
[0.526, 0.692, 5, -5.355, 0.0395, 0.55, 0, 0.095, 0.474, 172.148] 5gyOYM38bMhQJTia4p9FKp
[0.611, 0.242, 10, -10.245, 0.0529, 0.756, 0, 0.161, 0.269, 124.381] 3n3yTD4AI35G4NAaDLSMtH
[0.686, 0.358, 6, -9.539, 0.29, 0.788, 0, 0.117, 0.3, 86.205] 539hqMQimmO5nyZbYayP7q
[0.392, 0.253, 7, -9.299, 0.0322, 0.469, 0, 0.304, 0.29, 145.655] 40kO01YI82IplZSgC3rQdB
[0.664, 0.414, 0, -11.931, 0.0304, 0.874, 0.0346, 0.132, 0.699, 77.946] 75GzLKzGuCPSayNucAoSC6
[0.544, 0.316, 4, -11.666, 0.0307, 0.95, 0.7, 0.0978, 0.173, 124.989] 0dcKsPZVWa64MvnoCes49q
[0.498, 0.104, 1, -14.08, 0.0621, 0.979, 7.86e-05, 0.0895, 0.205, 124.001] 14JzyD6FlBD5z0wV5P07YI
[0.491, 0.139, 1, -16.568, 0.0327, 0.922, 0.11, 0.115, 0.109, 125.086] 3MH3oRNyFb5mNm663xcK7T
[0.41, 0.503, 5, -8.574, 0.0252, 0.0854, 0.763, 0.112, 0.304, 100.042] 1bfl5j92gs0wVMdi2A85NM
[0.706, 0.638, 9, -13.533, 0.0939, 0.834, 0.843, 0.117, 0.565, 121.021] 3C4ELBpjDw4fXVJIvOvZwF
[0.57, 0.556, 7, -8.894, 0.0428, 0.469, 0, 0.0713, 0.237, 119.901] 56aLJW6EJJxbp6uVRvXjVy
[0.629, 0.422, 9, -8.246, 0.0395, 0.72, 0.000885, 0.0989, 0.187, 73.993] 7D6IhvBc8lf9o11h0f2tTs
[0.272, 0.413, 0, -9.473, 0.0307, 0.274, 0.0146, 0.102, 0.336, 99.082] 4iCDvWcQ8SoH8ADPUl7EE7
[0.4, 0.178, 4, -15.145, 0.0368, 0.968, 0.0207, 0.147, 0.281, 75.338] 70PqTt8X0noPd9cMazSkvF
[0.237, 0.412, 4, -11.384, 0.0299, 0.0417, 0.451, 0.107, 0.364, 186.955] 73ROvjXlrsrDcNmCurwWOF
[0.434, 0.58, 11, -5.524, 0.0365, 0.0558, 0, 0.105, 0.108, 95.884] 10wKg1j4Mzfj9QQAy3TpJ1
[0.51, 0.16, 4, -21.03, 0.0395, 0.986, 0.017, 0.113, 0.383, 170.063] 4fpEuKIzTLmMJnYwFU0oqr
[0.242, 0.137, 2, -16.332, 0.0322, 0.901, 0.0105, 0.167, 0.0644, 92.454] 4THgqBGsTYJcNcQWCV92AP
[0.562, 0.282, 10, -11.956, 0.0302, 0.888, 0.00297, 0.0812, 0.172, 127.964] 0NJ1LV5VblYyJsJt3EbAx7
[0.582, 0.386, 5, -8.546, 0.0274, 0.876, 0.00048, 0.14, 0.213, 119.951] 7qbQiDc6OZgw8p91UTy2fE
[0.388, 0.137, 6, -13.655, 0.0311, 0.888, 0, 0.134, 0.0628, 97.437] 6AAQA9xgscxed0EQvYEr07
[0.493, 0.335, 4, -13.179, 0.0315, 0.955, 0.0954, 0.104, 0.189, 136.604] 7HT6TuyQsBNGghhYYzInsU
[0.562, 0.0323, 7, -25.214, 0.0519, 0.994, 0.915, 0.106, 0.38, 72.358] 6FOihKBN1G0dJbcviQW3WY
[0.614, 0.39, 9, -11.028, 0.0371, 0.797, 0, 0.106, 0.237, 125.04] 2fEMi5GG6bJrnLSoiTWxK4
[0.448, 0.0261, 11, -27.753, 0.0413, 0.971, 0.364, 0.103, 0.33, 128.175] 4Zwaww34UGavdW9NSuleck
[0.485, 0.18, 2, -18.588, 0.0419, 0.892, 0.0982, 0.111, 0.138, 136.159] 41GmtZAyb2t1diD2da8IBD
[0.424, 0.197, 2, -12.381, 0.0302, 0.812, 0.0114, 0.112, 0.094, 99.626] 6EdnX4fu6jAY65VmOHFhOk
[0.361, 0.231, 4, -9.684, 0.0375, 0.924, 0, 0.17, 0.359, 167.544] 5XqmNCCleex8nzKmILOjTD
[0.332, 0.375, 7, -9.092, 0.0272, 0.505, 5.44e-05, 0.0945, 0.166, 165.775] 1C8jHaMeJeXLjrN9Ys7qk1
[0.53, 0.652, 10, -10.656, 0.0339, 0.478, 0.28, 0.106, 0.323, 84.023] 4ZB6Wrh3QUnjfl9ciZXeGh
[0.48, 0.31, 9, -7.887, 0.0258, 0.312, 1.47e-05, 0.113, 0.16, 86.149] 2AF5Kzxb4pz7j79Ity84pP
[0.332, 0.319, 4, -11.599, 0.0434, 0.832, 0.00027, 0.107, 0.273, 174.861] 2dJuyVPol0mFK9uf7aCpAc
[0.632, 0.256, 3, -12.081, 0.0335, 0.657, 0.000284, 0.0811, 0.461, 106.039] 6dw77SiVkP3HurqIYE7twQ
[0.427, 0.11, 8, -10.486, 0.0392, 0.883, 0, 0.113, 0.229, 58.555] 1I55KLlJlGi3fyiA650Oxz
[0.561, 0.55, 8, -17.419, 0.037, 0.77, 0.476, 0.0921, 0.446, 147.01] 04BGOF5G8ztSjRkhhM0SmE
[0.514, 0.406, 0, -8.41, 0.034, 0.244, 0.00251, 0.134, 0.129, 131.498] 5ZTezl85jcimRNnRHWAUK8
[0.539, 0.158, 7, -14.41, 0.036, 0.98, 0.377, 0.0936, 0.0775, 88.991] 1xfSkmFILeXIXalVyFU5OB
[0.436, 0.661, 0, -6.034, 0.0353, 0.247, 1.77e-05, 0.105, 0.149, 168.043] 4akuE3uBD4t5HTXaAEm88t
[0.546, 0.497, 1, -12.179, 0.0581, 0.171, 0.00205, 0.278, 0.252, 155.963] 0d4qCmNoQ7D8Hv0azn7Ozu
[0.276, 0.522, 2, -7.664, 0.0383, 0.529, 0.853, 0.13, 0.06, 181.797] 5dLVPZd9DTpd17UlKrOWa1
[0.703, 0.352, 4, -14.859, 0.0428, 0.356, 0.00378, 0.0715, 0.85, 108.003] 65AABj5XsDcxGT92w3jK0o
[0.425, 0.0328, 9, -16.699, 0.0571, 0.953, 0, 0.106, 0.269, 175.751] 78XTKnmE1zQSwvholRJb31
[0.277, 0.137, 8, -11.45, 0.0382, 0.906, 0.000494, 0.223, 0.204, 143.277] 7nycFVsC616uen7TOxhOQb
[0.606, 0.368, 4, -13.202, 0.041, 0.374, 0.0436, 0.106, 0.112, 117.952] 4PbOsMq8WGWQ36pjZnjojE
[0.556, 0.517, 7, -16.292, 0.0351, 0.416, 0.858, 0.113, 0.365, 119.959] 7tvf2vwI9Rz8La8xjZG5R0
[0.744, 0.329, 1, -9.869, 0.0312, 0.954, 0.591, 0.0971, 0.389, 125.629] 1Ul9zY0tSgLUunf0qaGfo6
[0.677, 0.172, 3, -10.669, 0.0332, 0.686, 0.000692, 0.106, 0.214, 110.693] 6hMRRCZXeV5Gg8345Z5P0M
[0.394, 0.284, 0, -14.984, 0.032, 0.119, 0.665, 0.0916, 0.0882, 66.821] 4vkPlw019TRBdV0aPsTz4E
[0.338, 0.522, 5, -9.028, 0.0337, 0.0849, 0.0892, 0.112, 0.166, 149.484] 0mMnYVPKHFxfOlLius9TuK
[0.532, 0.0598, 7, -18.558, 0.0398, 0.816, 1.56e-05, 0.111, 0.319, 95.882] 3Ha5BnM3hnMom3B7wPSBYU
[0.64, 0.388, 1, -13.337, 0.0318, 0.785, 0.578, 0.11, 0.257, 95.914] 6pxONgR0fKIYToNDZ0QdCp
[0.424, 0.0977, 11, -13.594, 0.0512, 0.939, 0, 0.109, 0.236, 132.08] 6No9HJxqxDASXaxph5ceNh
[0.266, 0.323, 3, -8.683, 0.031, 0.708, 0.537, 0.131, 0.0632, 146.792] 1e0Nx9Qzvuyf77jFUqVPPK
[0.318, 0.254, 5, -10.868, 0.0331, 0.926, 0.0214, 0.0968, 0.201, 111.821] 2nhaP1aUT1u5saIG5Ikxjv
[0.431, 0.398, 7, -10.878, 0.0274, 0.395, 0.173, 0.102, 0.102, 100.077] 2V2lU6rKHxhRnU4eANsxEI
[0.402, 0.0458, 2, -17.256, 0.0434, 0.967, 0.00282, 0.117, 0.179, 148.392] 0V05lO5RL3jeOEYvUIoVvz
[0.509, 0.251, 11, -14.152, 0.0358, 0.9, 0.0204, 0.105, 0.114, 121.86] 0u6rjHF61bxe25gZOOZ5hx
[0.23, 0.222, 2, -14.07, 0.0318, 0.703, 0.119, 0.0785, 0.0391, 84.894] 2dMSMSpjvDZjHAuVFp9Glo
[0.666, 0.408, 2, -10.323, 0.0342, 0.581, 0.00138, 0.122, 0.411, 128.032] 29ZjMzpdne6M1RcEMpxuf0
[0.712, 0.871, 7, -3.571, 0.225, 0.179, 1.94e-06, 0.203, 0.379, 123.974] 5xBafmhrJzzMsd1dxErIbJ
[0.741, 0.576, 10, -7.026, 0.0618, 0.377, 0, 0.125, 0.699, 93.082] 5ZYkBb4UrdultbjwuBYmKF
[0.699, 0.71, 2, -6.126, 0.035, 0.000529, 0.0777, 0.0989, 0.159, 119.944] 48kSTWnU1nppYF1syxzeYI
[0.618, 0.754, 4, -3.739, 0.0882, 0.00271, 0, 0.213, 0.485, 148.013] 3SEupjP7CBdIoNPrFrMozG
[0.666, 0.594, 7, -8.067, 0.0578, 0.562, 0.484, 0.0983, 0.939, 95.025] 3PdeXolnH5r6rN0ycXlHvf
[0.736, 0.446, 11, -9.437, 0.0571, 0.886, 0.0137, 0.075, 0.231, 106.046] 5Rnv9hVUuyc5Q7jiFRHRwm
[0.56, 0.823, 0, -3.228, 0.0311, 0.0256, 0.000433, 0.0891, 0.0733, 100.003] 3a1QSvzb3ypLc1QpXTs9mU
[0.712, 0.839, 10, -5.136, 0.26, 0.173, 0, 0.0814, 0.565, 99.909] 7pnKWdgCxALV6FiGCsKYk2
[0.728, 0.599, 5, -8.85, 0.0668, 1.86e-05, 0.699, 0.145, 0.541, 124.887] 7H9sqtNVPp6eoxnJRMUmm4
[0.61, 0.708, 6, -3.374, 0.0415, 0.327, 4.89e-06, 0.102, 0.114, 139.942] 2kprv2IQAoKez9rqHRo7gq
[0.611, 0.809, 6, -6.63, 0.0342, 0.019, 0.0185, 0.114, 0.428, 118.003] 04QZdz4g1qoDlPscXVXS1I
[0.587, 0.668, 8, -5.79, 0.0435, 0.222, 0, 0.0589, 0.124, 93.974] 6UDrfHEnUWI3O03sacM3KO
[0.655, 0.427, 2, -11.684, 0.0799, 0.295, 0.00108, 0.0788, 0.224, 107.992] 6QcrReLyoun4xrPVsZ5OJE
[0.701, 0.722, 6, -6.025, 0.0486, 0.178, 0.000494, 0.177, 0.206, 112.021] 15SbvdiJ46LESbIjVYg8z7
[0.568, 0.584, 2, -8.711, 0.0654, 0.389, 0.00729, 0.114, 0.401, 93.888] 69EcMpr07eS77EbH90ejVD
[0.631, 0.835, 2, -5.214, 0.0568, 0.113, 1.2e-05, 0.331, 0.466, 98.971] 39hLretmopOOE5wMtXJ0YN
[0.605, 0.872, 8, -5.122, 0.0643, 0.0122, 2.11e-05, 0.147, 0.586, 116.956] 5YqxCjSILiL04K86gBMmg2
[0.516, 0.888, 8, -10.282, 0.0328, 0.182, 0.766, 0.0983, 0.0394, 124.989] 4TANuW9cpKCGqH499rr9re
[0.539, 0.778, 1, -6.32, 0.0612, 0.0169, 6.68e-06, 0.276, 0.42, 143.988] 6p5I3DD3bVAJXjz0N0fIVN
[0.673, 0.662, 1, -5.863, 0.0319, 0.432, 1.99e-06, 0.0951, 0.167, 104.038] 42gkSeUtmr7gwxT62BJGiZ
[0.897, 0.449, 7, -9.353, 0.0921, 0.353, 4.31e-06, 0.122, 0.631, 115.959] 0tCD4um9Mbqli92icIS3Jo
[0.656, 0.729, 5, -4.223, 0.0765, 0.0789, 0, 0.133, 0.438, 95.974] 0p0ljM6RxgpGt7wthGqBZa
[0.584, 0.959, 9, -1.785, 0.0942, 0.00272, 0, 0.553, 0.0729, 125.987] 1VTvqPZc50yS6MiWw520Kh
[0.792, 0.557, 10, -9.633, 0.248, 0.146, 0.369, 0.295, 0.374, 124.004] 7AEcghJECgo7NKPl1g0pua
[0.498, 0.573, 8, -6.757, 0.0469, 0.00916, 0.014, 0.146, 0.0738, 139.913] 3p7KP0WUSpQf5r2xtkws1F
[0.609, 0.852, 4, -6.909, 0.0316, 0.0156, 0.184, 0.187, 0.205, 120.001] 5DVVw9e4D656vURT3pfnjg
[0.645, 0.615, 4, -9.797, 0.0421, 0.293, 0.0492, 0.0625, 0.0495, 136.979] 5MhQP0jCobPjELziWFbw5N
[0.689, 0.51, 4, -6.707, 0.0458, 0.365, 0.000333, 0.126, 0.25, 111.951] 5JCZ1e1ahbCkzwX62BbsY7
[0.793, 0.51, 1, -8.88, 0.039, 0.131, 0.861, 0.0681, 0.433, 120.003] 3jbm6LQn2wgRPBAEFqU8Hu
[0.71, 0.625, 8, -8.331, 0.0346, 0.00393, 0.471, 0.318, 0.139, 120.023] 6R3PciZdMvvkQGkhpdeL1k
[0.554, 0.311, 5, -16.268, 0.0386, 0.574, 0.0682, 0.116, 0.114, 97.921] 1zW0HHilHOxeN6Efge2mnm
[0.648, 0.752, 5, -9.1, 0.0456, 0.43, 0.12, 0.112, 0.232, 119.931] 7vebS6s97IPqq8U7z4cu1B
[0.454, 0.809, 8, -3.333, 0.0528, 0.531, 3.02e-06, 0.137, 0.2, 113.635] 3VHNuIXr0uRzVFsw6kNFPW
[0.432, 0.85, 10, -4.417, 0.0771, 0.501, 6.59e-06, 0.203, 0.109, 82.607] 4ToogKQq58R9TvO40qRuxi
[0.827, 0.649, 0, -7.228, 0.0498, 0.000283, 0.815, 0.075, 0.286, 125.009] 614KsI5FxdrjMZUUNTBjLs
[0.614, 0.684, 1, -8.123, 0.031, 0.0022, 0.92, 0.152, 0.14, 123.018] 4BRBz1TAfigZMHIIJCl9db
[0.487, 0.693, 10, -4.05, 0.0395, 0.136, 1.02e-05, 0.105, 0.29, 145.937] 6SP30VdncYypcHkkzgbqZb
[0.293, 0.696, 6, -6.036, 0.126, 0.0396, 0.000119, 0.135, 0.179, 160.953] 3jYmQk6u6naf6aCZKXp8L4
[0.359, 0.774, 7, -5.789, 0.0745, 0.0649, 0.104, 0.11, 0.141, 184.739] 1ImSaJvKCQ0Gewcdx1KzF8
[0.422, 0.572, 0, -9.718, 0.435, 0.485, 0, 0.186, 0.394, 145.181] 6k4Flvu1tcz8vWAfcaxEPP
[0.668, 0.799, 7, -6.815, 0.0494, 0.146, 4.64e-05, 0.099, 0.444, 139.903] 0sdmL5wJS5QTqSDKyYdjtr
[0.285, 0.694, 11, -3.358, 0.0482, 0.511, 0.000128, 0.374, 0.163, 170.124] 0n30h31bEKiIHXXzPbkdqy
[0.489, 0.703, 4, -4.564, 0.026, 0.013, 6.04e-05, 0.104, 0.256, 149.977] 0k4yUonDEAqoIw3xL2XMVC
[0.618, 0.805, 0, -4.731, 0.0463, 0.424, 0.00796, 0.332, 0.335, 101.022] 7gleE2w0CsjsWCs184n522
[0.745, 0.815, 6, -6.082, 0.144, 0.0134, 1.05e-05, 0.0547, 0.453, 120.139] 5eNXWc9DNaqf1p5BTXjEdb
[0.633, 0.787, 10, -5.724, 0.0269, 0.0119, 0.285, 0.0669, 0.255, 124.982] 2BXzimZvrg8j789MeB2JDe
[0.738, 0.864, 0, -3.228, 0.0864, 0.0103, 0.000104, 0.0847, 0.397, 125.946] 4P5K9iLsIRRQG03A0JuK6r
[0.548, 0.814, 11, -6.34, 0.0313, 0.135, 0.799, 0.303, 0.0533, 95.004] 581xsEYRp9v1uDLdGSHKw8
[0.599, 0.887, 7, -6.817, 0.0363, 0.00072, 0.426, 0.105, 0.197, 123.983] 5uVR4B3m24uI0zyNfjmLfu
[0.656, 0.523, 8, -6.862, 0.0764, 0.00843, 0.00167, 0.0687, 0.279, 119.96] 59tA2JvOr52Xv3bIVotebM