[0.391, 0.229, 1, -12.766, 0.0464, 0.944, 1.66e-05, 0.0951, 0.282, 137.865] 3U9WzMwu5kpby0r4200j7J
[0.594, 0.156, 10, -15.65, 0.0411, 0.976, 2.3e-05, 0.366, 0.348, 91.644] 0JmzzjoM5HWgdEQxe58jNf
[0.486, 0.122, 2, -11.341, 0.0347, 0.937, 0.00314, 0.0867, 0.332, 105.158] 1b8yOmfO2SH4thcrwORtE8
[0.626, 0.352, 7, -10.346, 0.032, 0.879, 0.0176, 0.11, 0.239, 105.734] 6rmfVDXJjjBhDRlPvzR9Gb
[0.32, 0.438, 8, -9.119, 0.0467, 0.74, 0, 0.139, 0.235, 186.804] 3NhDsoowimZMc97tDuG1T5
[0.501, 0.0454, 0, -18.783, 0.0388, 0.938, 3.76e-05, 0.2, 0.255, 99.783] 4m6OC8u2rC6LMFtFWsME7d
[0.48, 0.641, 11, -3.996, 0.042, 0.0694, 0, 0.107, 0.487, 68.184] 5gICNh1EHmDlpyWERFitXG
[0.485, 0.286, 3, -12.266, 0.0462, 0.934, 0, 0.331, 0.327, 70.634] 0pom84iOS1iE0OCc1vWJBX
[0.592, 0.23, 2, -12.813, 0.0391, 0.585, 0.000118, 0.138, 0.537, 138.818] 1sA5P8waghOeBj5nc1S4XZ
[0.677, 0.608, 1, -6.225, 0.0957, 0.239, 7.24e-05, 0.258, 0.914, 76.034] 7pi7XTGGaVBzrhlaYH97CV
[0.941, 0.082, 7, -19.666, 0.0814, 0.546, 1.76e-05, 0.0564, 0.6, 125.06] 0CjojcaWJEq0HYyxpkXlzu
[0.492, 0.736, 9, -5.134, 0.0318, 0.00376, 0.000386, 0.128, 0.555, 122.442] 16nsWHpv1wsZCcNAYcLDM2
[0.416, 0.634, 9, -8.917, 0.0615, 0.535, 0.0406, 0.0959, 0.785, 167.267] 5zp4hfK7UcGn9EHhcP6bDE
[0.503, 0.49, 4, -8.553, 0.0279, 0.323, 0.799, 0.0873, 0.68, 148.884] 0CuXzMEgFzuQhLEYQHYas4
[0.705, 0.354, 6, -9.592, 0.29, 0.479, 0, 0.0734, 0.376, 119.789] 2R4O7MgIrN35QXnyLKMFVl
[0.684, 0.764, 6, -5.342, 0.0254, 0.0129, 0.000171, 0.141, 0.944, 107.806] 0f2zcrhhHT59aIGQvRlTZ1
[0.599, 0.377, 7, -9.829, 0.105, 0.441, 0.00813, 0.105, 0.543, 74.314] 5fBjPtOxhgdpU6LNWLyVHv
[0.743, 0.448, 7, -7.173, 0.0317, 0.816, 5.07e-06, 0.319, 0.562, 90.062] 4MF13EQrQftevIUwXcLQHS
[0.403, 0.611, 5, -5.852, 0.0323, 0.308, 0.0168, 0.117, 0.234, 156.15] 1jJeYe1XBYid6aiTcHlBC1
[0.404, 0.398, 7, -9.907, 0.0289, 0.205, 0.0125, 0.0917, 0.251, 75.867] 5NFV5HquTXQXR3q384YMhc
[0.635, 0.405, 9, -8.682, 0.0407, 0.572, 0.00767, 0.444, 0.525, 137.67] 3OKBGV9o5uVZ5Z8BZUkznb
[0.615, 0.782, 9, -4.683, 0.0346, 0.127, 0.00165, 0.078, 0.902, 105.736] 5fp7TUlIjOMdhNMkJJIvgx
[0.589, 0.66, 7, -8.035, 0.0373, 0.276, 0.000667, 0.0614, 0.455, 106.947] 4mLnUClpIhIoqHHNzKZ297
[0.39, 0.722, 2, -4.114, 0.082, 0.378, 0.000178, 0.117, 0.876, 198.894] 2ITbC6v8GHxn33LT4Qq4ym
[0.632, 0.575, 5, -7.358, 0.0354, 0.105, 3.59e-05, 0.158, 0.689, 106.953] 4zoCjQ2VnSlgg65FDrTr5a
[0.591, 0.454, 7, -8.851, 0.0317, 0.636, 0, 0.0793, 0.198, 123.379] 5GuJpTGyGB7IQ5sVvPj7wJ
[0.509, 0.467, 8, -4.94, 0.0331, 0.436, 9.98e-06, 0.0971, 0.538, 175.159] 4GUaG3df9nbrj77GKEB76j
[0.34, 0.491, 7, -6.997, 0.0322, 0.432, 0.0387, 0.226, 0.244, 176.31] 5ugEkJcLbQrAkCN2kH7j8S
[0.542, 0.387, 7, -9.294, 0.0301, 0.222, 0.00283, 0.102, 0.326, 128.792] 4rGnfA4SP3xkvdk6cxqwWl
[0.858, 0.161, 7, -12.981, 0.053, 0.793, 7.84e-06, 0.09, 0.582, 110.082] 5O7oXGr6wariuJbTNNX4oy
[0.603, 0.265, 8, -11.627, 0.0372, 0.806, 1.65e-06, 0.12, 0.71, 131.188] 0hK8IwYBQwGbTgd7C5XyRZ
[0.658, 0.179, 8, -10.866, 0.0448, 0.689, 0, 0.17, 0.191, 128.128] 0NeJjNlprGfZpeX2LQuN6c
[0.303, 0.362, 2, -5.077, 0.0275, 0.807, 0.00442, 0.58, 0.0682, 78.817] 2z4JDqG9Q4TVVVr8n83mbQ
[0.461, 0.695, 6, -6.918, 0.0601, 0.162, 4.3e-05, 0.121, 0.771, 152.249] 0tVw6rUAUI0w01PN9FQeyD
[0.341, 0.253, 9, -10.552, 0.0294, 0.868, 0.000154, 0.153, 0.19, 168.388] 5sfxarjtRlNrFNPmkdL7Nh
[0.595, 0.461, 9, -9.311, 0.07, 0.861, 0.00678, 0.143, 0.767, 85.171] 112GY487AYZ0Q0zB9KYv3x
[0.798, 0.229, 4, -9.043, 0.0955, 0.77, 0.000587, 0.114, 0.319, 119.062] 6j3ltnb3g4RQRt8azR7Yf5
[0.558, 0.38, 10, -12.971, 0.0988, 0.936, 0.000228, 0.147, 0.485, 96.045] 1gpyfbutOl79qgVjMrZQOe
[0.597, 0.773, 4, -5.544, 0.0933, 0.167, 0.000896, 0.126, 0.652, 104.486] 3S9rZU1GDPhs8WNDv5HQSs
[0.404, 0.508, 8, -5.893, 0.0265, 0.952, 0.000807, 0.164, 0.278, 143.911] 7nl6fbpRrLAED8KR2pUgTp
[0.605, 0.726, 11, -6.621, 0.205, 0.203, 4.41e-05, 0.0737, 0.771, 171.73] 4KScM5GlY3D0xoPtydnXrQ
[0.564, 0.567, 0, -8.58, 0.0254, 0.192, 0.00807, 0.357, 0.593, 83.614] 44HwerWFM8qbpcDL6nJ0xS
[0.469, 0.0591, 0, -16.562, 0.0325, 0.942, 0, 0.0812, 0.128, 104.575] 5QJMMpa8ihBI2CFEhhmOi4
[0.753, 0.39, 6, -7.294, 0.0403, 0.371, 0.000815, 0.125, 0.374, 136.747] 0Sox7tv3MK5h6AkFLUPHtY
[0.547, 0.43, 2, -7.393, 0.0667, 0.848, 0.613, 0.0825, 0.175, 114.729] 65wx71brAmEQz66GXXF8gI
[0.58, 0.596, 2, -8.237, 0.0557, 0.487, 0.574, 0.148, 0.317, 120.323] 4x1vhOOK3VJhhq9BkMNq9z
[0.651, 0.548, 10, -7.059, 0.0347, 0.405, 2.14e-05, 0.11, 0.419, 90.034] 2ga9gMDQWCVC9E23nbjLu6
[0.507, 0.328, 11, -10.767, 0.0382, 0.484, 0, 0.128, 0.299, 122.416] 5yuqWMCOtMY0IBaQCBzqT5
[0.663, 0.232, 8, -13.822, 0.0379, 0.3, 0.00134, 0.108, 0.343, 126.738] 5NWLUYw5Ibr1NpSH0wBuQJ
[0.489, 0.444, 9, -8.525, 0.0248, 0.178, 0.0374, 0.245, 0.34, 67.979] 5JYPThr0ZJ50DuTXFf1uC1
[0.535, 0.616, 1, -6.323, 0.0399, 0.187, 0.00137, 0.104, 0.682, 203.586] 7riVWDCXzmFlOjhFzkr3ed
[0.6, 0.489, 3, -6.775, 0.0307, 0.13, 9.57e-05, 0.119, 0.365, 121.961] 0BgoEUr5NlIr3smY951qll
[0.585, 0.283, 5, -8.723, 0.0372, 0.0252, 0.00062, 0.148, 0.315, 100.299] 6PEztX7EQ1Kzbawcandla0
[0.482, 0.318, 5, -7.677, 0.0399, 0.598, 0, 0.111, 0.174, 115.086] 7pAl4MoqYqAhApmbA4VIOE
[0.368, 0.267, 8, -9.395, 0.0428, 0.655, 2.24e-05, 0.0834, 0.194, 91.88] 1OtGo99uypkRbMqshBVFnn
[0.634, 0.779, 9, -6.607, 0.0361, 0.0255, 0.00103, 0.342, 0.562, 82.003] 7JrNYrzDs24TQwxLsTU88c
[0.219, 0.706, 9, -6.931, 0.0384, 0.086, 0.922, 0.685, 0.43, 149.775] 08nbKZTgrxdObcdVFVX6W2
[0.701, 0.424, 9, -7.012, 0.0414, 0.346, 0.000203, 0.258, 0.437, 75.529] 1m9VnaH1Z9I5uGOqvLhRx2
[0.61, 0.196, 3, -16.099, 0.0413, 0.892, 4.95e-05, 0.108, 0.433, 160.015] 5gRcuGu9LB5XABLoVecE5w
[0.574, 0.794, 3, -6.089, 0.0296, 0.11, 0.138, 0.251, 0.43, 76.013] 4MB7YNDVtHFTIFEVuoZYkd
[0.546, 0.193, 0, -11.903, 0.0426, 0.868, 4.18e-05, 0.087, 0.311, 139.795] 2uDnC30adouplySDz00DW2
[0.494, 0.579, 6, -8.659, 0.0282, 0.333, 2.41e-06, 0.464, 0.565, 77.972] 74UaHukVxMiihenusgzIaa
[0.44, 0.549, 5, -8.502, 0.0298, 0.161, 0.0824, 0.0974, 0.518, 151.96] 78cX11z76rFwibMpwfpyIR
[0.382, 0.274, 6, -11.41, 0.0325, 0.769, 0.000607, 0.133, 0.117, 78.067] 7HTKT7u1M7f1zsaq5YZ2PU
[0.553, 0.273, 3, -11.579, 0.0304, 0.899, 0.442, 0.112, 0.23, 100.956] 47dOtJjjwVkbKW244db2dE
[0.511, 0.895, 1, -5.322, 0.109, 0.0431, 9.37e-05, 0.127, 0.623, 162.031] 07SlEJMjai60rAqvDRrFti
[0.526, 0.646, 1, -4.113, 0.0351, 0.159, 0, 0.1, 0.473, 147.675] 2mbaqK3h3Il91gTq4gMUQm
[0.472, 0.406, 9, -10.647, 0.0253, 0.476, 0.0423, 0.226, 0.558, 97.183] 76mL8jSzIJGybicOOMP3up
[0.436, 0.178, 5, -13.36, 0.0448, 0.996, 0.912, 0.259, 0.464, 111.858] 5j6tQBJnNG4wLLdVISJ5g2
[0.85, 0.212, 7, -16.888, 0.0948, 0.987, 0.0298, 0.114, 0.781, 121.146] 2oods8nOG6bB6ZUFHEumbx
[0.508, 0.151, 2, -14.984, 0.0324, 0.986, 0.0465, 0.172, 0.523, 85.128] 1bWh9hOkQGahfQ0rEqvaGR
[0.579, 0.18, 5, -15.873, 0.0642, 0.979, 0.0403, 0.0948, 0.414, 145.128] 04O45djDgdvw08HOkouSKW
[0.564, 0.269, 2, -13.749, 0.0443, 0.995, 0.00483, 0.132, 0.602, 103.355] 3Yt6mXwFK3GMQ3Jzzk0yIN
[0.675, 0.311, 9, -11.959, 0.0525, 0.93, 0.000261, 0.102, 0.638, 97.159] 1TrGdXSgiBm8W68D2K1COG
[0.475, 0.157, 10, -19.063, 0.0567, 0.976, 0.0348, 0.0776, 0.519, 169.224] 7hYOjbDYBvUk7RymZ82To3
[0.467, 0.122, 2, -22.241, 0.0366, 0.954, 0.902, 0.132, 0.411, 111.256] 5xwCQuoGnPdgqw2omrgmCq
[0.487, 0.651, 10, -10.824, 0.741, 0.956, 4.08e-06, 0.833, 0.652, 101.651] 7bWhtFDDMgcA6DmFGGlS0C
[0.81, 0.233, 0, -15.004, 0.0627, 0.982, 0.00242, 0.135, 0.657, 86.739] 7KZ6eGK7OuLXUzTVGdc7cL
[0.57, 0.241, 4, -12.138, 0.0473, 0.948, 0.0224, 0.111, 0.543, 115.352] 3XdnNX0cPynrR7KdRoyjwa
[0.499, 0.302, 7, -15.15, 0.0495, 0.752, 0.0266, 0.129, 0.565, 167.083] 3lpj1UVCPnohjqGEwY0Lfl
[0.678, 0.228, 3, -15.007, 0.0409, 0.993, 0.0618, 0.163, 0.445, 82.978] 5EpIZRPAEqniltILeAjk38
[0.615, 0.255, 7, -14.599, 0.0618, 0.995, 0.0123, 0.169, 0.69, 181.12] 6AgwNMztb3eIgNF1m2zi7h
[0.662, 0.222, 11, -15.116, 0.0511, 0.972, 4.74e-05, 0.12, 0.786, 104.68] 2HtrbgSrkOm7HqrbD7DmGr
[0.647, 0.204, 3, -15.263, 0.0454, 0.964, 0.00351, 0.123, 0.686, 83.102] 12MFtyrU4ZPJqClBcjYFIA
[0.555, 0.393, 10, -11.949, 0.0327, 0.965, 0.015, 0.151, 0.782, 102.5] 5o1hYFDPp3G3HlWqEPANMc
[0.65, 0.424, 10, -11.238, 0.0646, 0.87, 0.0443, 0.0869, 0.865, 91.977] 7voiKv7nCbpQkF9jcN4VPn
[0.473, 0.281, 1, -11.337, 0.0354, 0.97, 0.0936, 0.11, 0.523, 119.161] 4sCCIP8eG3HVizWnm1SQ0G
[0.569, 0.394, 6, -12.499, 0.0559, 0.94, 0.00239, 0.117, 0.712, 102.364] 2sUGV5xBeNZOVhbs3Lkg2O
[0.538, 0.177, 0, -14.158, 0.0447, 0.91, 0.00825, 0.0927, 0.415, 77.396] 4vqDFur1cyE8lS1oD3XiCB
[0.446, 0.315, 8, -14.961, 0.0352, 0.904, 0, 0.235, 0.371, 99.155] 4m7GRlEcWGfaUFelKYljUj
[0.539, 0.264, 11, -14.354, 0.0383, 0.969, 0.000681, 0.361, 0.677, 162.935] 6NzOw76Vq4ogyuRGmiXG4X
[0.596, 0.308, 1, -17.814, 0.0495, 0.977, 0.0106, 0.108, 0.834, 183.398] 7A9yfYiBXLEvKn1oJy3nPL
[0.539, 0.228, 5, -8.234, 0.0466, 0.992, 2.19e-06, 0.126, 0.518, 84.324] 6Ad9JbwY1HGjbNhVYddNbk
[0.797, 0.208, 1, -11.383, 0.0672, 0.985, 0.232, 0.0434, 0.596, 86.605] 2mGnouFybpiIEWnzKq50fr
[0.683, 0.285, 3, -12.101, 0.0366, 0.994, 0.603, 0.122, 0.783, 94.913] 2KZkEbuMBsoxhgX3iEyAv2
[0.812, 0.248, 8, -11.129, 0.0534, 0.986, 3.38e-05, 0.137, 0.742, 125.33] 2Y9sTOSdXeEl15NL0MkHWl
[0.792, 0.142, 3, -16.024, 0.0442, 0.985, 0.184, 0.112, 0.669, 94.375] 7eNHeLu7yJB5HN9Srvrocv
[0.614, 0.0423, 4, -12.033, 0.0535, 0.996, 0.00293, 0.183, 0.211, 89.822] 2wAfHM7Whz67VFbdanhZlk
[0.643, 0.175, 0, -13.24, 0.0496, 0.986, 0.678, 0.299, 0.721, 100.521] 6PScTantRyDSp4AkOGTKUT
[0.561, 0.195, 0, -17.093, 0.195, 0.962, 0.000126, 0.337, 0.516, 80.771] 2SN7hLyPSHyBKwykU0k0No
[0.661, 0.174, 0, -14.089, 0.149, 0.984, 0.00687, 0.457, 0.474, 85.265] 0zt7Bb8seSANEPfcBCfDgv
[0.655, 0.134, 0, -15.836, 0.0621, 0.853, 0.0568, 0.0412, 0.444, 68.525] 2N3ppRkdOeZ75RwEqSz7nu
[0.538, 0.492, 3, -10.683, 0.125, 0.802, 0.0022, 0.161, 0.668, 164.058] 2l23EymI7ggn06fJAuI4lu
[0.521, 0.27, 10, -9.82, 0.0895, 0.987, 0.0045, 0.255, 0.567, 86.846] 2mRrzCyw3gmyy1cHb7PmFA
[0.661, 0.401, 2, -8.951, 0.0531, 0.953, 0.0211, 0.0822, 0.617, 105.103] 0Q4qVBG7jAF3Ar4sheUidp
[0.67, 0.174, 4, -15.902, 0.0635, 0.841, 0.00534, 0.117, 0.386, 149.039] 0sPES3zMG5FaGO8sNmmsu2
[0.574, 0.58, 5, -10.408, 0.088, 0.824, 1.21e-06, 0.464, 0.816, 106.496] 4C6KfxHdNt7x4LaqVa5pkD
[0.399, 0.516, 4, -13.862, 0.0472, 0.906, 0.0117, 0.109, 0.76, 94.427] 2vCEHR8tyE1Vdei2VeyrE4
[0.477, 0.53, 4, -7.198, 0.0306, 0.957, 0.0301, 0.636, 0.738, 80.304] 4uvdVSZSfDrXL09nFcrVTW
[0.595, 0.759, 7, -11.162, 0.102, 0.484, 1.18e-05, 0.384, 0.637, 114.207] 1f9FEeBWZkuT4ItJZwsJ2l
[0.55, 0.654, 4, -10.168, 0.0823, 0.802, 0.951, 0.183, 0.595, 144.709] 0TwslblVziaeWMb2D3H11v
[0.66, 0.673, 0, -6.877, 0.0577, 0.769, 0.000789, 0.0546, 0.706, 95.069] 6KSa2Y1HnG0XlPQfEN4Xgi
[0.699, 0.61, 0, -4.036, 0.131, 0.942, 0.00164, 0.293, 0.68, 116.446] 5kv6BrEpfmf2F7CkOBtw1M
[0.492, 0.596, 2, -4.038, 0.0395, 0.97, 0.043, 0.284, 0.548, 86.952] 1TVtYIucWI5fqdQwwlZFR3
[0.433, 0.7, 11, -8.197, 0.163, 0.843, 0.324, 0.102, 0.8, 80.623] 73GEVn1tqk9bn0KbtWsiqj
[0.57, 0.537, 2, -8.798, 0.04, 0.786, 0.157, 0.121, 0.391, 104.89] 2x0uiOepdvCXYk8Wh8bXIk
[0.294, 0.611, 2, -6.268, 0.0348, 0.0226, 0.435, 0.114, 0.567, 178.191] 1cRTAPP2FG9h2WiYMOIVIK
[0.617, 0.54, 3, -13.494, 0.0462, 0.284, 0, 0.511, 0.86, 127.497] 5kXJVyFqJdAv6XzjFeKqv7
[0.476, 0.891, 1, -5.733, 0.102, 0.00103, 0.103, 0.17, 0.463, 115.755] 7sZKoFbEu4mPuCMX5cxLSb
[0.581, 0.851, 0, -5.638, 0.0788, 0.000139, 0.335, 0.23, 0.687, 120.707] 1jyznfH2Lp3TrIHx5cFQwv
[0.62, 0.635, 9, -6.326, 0.201, 0.438, 0, 0.604, 0.416, 107.033] 2KmSnPWWCIsEomVsKnbE1a
[0.509, 0.937, 0, -4.698, 0.0586, 0.000833, 0.531, 0.133, 0.654, 118.451] 3zR16RvuoDiglmh4iTacvN
[0.537, 0.893, 9, -10.234, 0.0636, 0.15, 0.000286, 0.0688, 0.588, 163.727] 6UCb3me83cyCV19sjvucte
[0.24, 0.546, 2, -10.026, 0.0548, 0.0898, 0.00648, 0.0898, 0.429, 181.373] 5MWfv4F84sJhScYq18yqbN
[0.668, 0.906, 11, -4.881, 0.17, 0.214, 0.00229, 0.135, 0.507, 135.653] 2d4e45fmUnguxh6yqC7gNT
[0.627, 0.478, 4, -7.141, 0.038, 0.17, 6.92e-05, 0.301, 0.378, 129.962] 49E5m0yZWoxb7Yms94Ik8B
[0.421, 0.889, 2, -5.166, 0.0545, 0.00167, 0.00838, 0.654, 0.424, 122.424] 4dDurgTN3eGyU0ghzFJ0T1
[0.381, 0.734, 2, -8.917, 0.0933, 0.0797, 0.0469, 0.173, 0.565, 96.614] 3buvRn4CDX86EO9LHTITGn
[0.561, 0.784, 9, -4.985, 0.0629, 0.0282, 0.451, 0.0544, 0.546, 137.153] 5pLgH1bCkBV3bbmvm0qvom
[0.573, 0.913, 6, -4.793, 0.132, 0.0591, 0.00173, 0.156, 0.422, 115.715] 2zYzyRzz6pRmhPzyfMEC8s
[0.316, 0.774, 9, -9.771, 0.0727, 0.216, 0.00252, 0.394, 0.439, 144.129] 2aQd3uZDUKXwzZXvJ1oa0P
[0.544, 0.378, 9, -8.607, 0.0264, 0.719, 0.00035, 0.105, 0.149, 91.078] 4dDZyGxClFiOBUjcpxhXWg
[0.456, 0.863, 3, -3.551, 0.0894, 0.133, 0.0545, 0.0553, 0.532, 135.966] 7nemcVsXVFZF01iqpIIo2Y
[0.572, 0.835, 9, -5.552, 0.0787, 0.00953, 0.0153, 0.012, 0.594, 131.568] 5UKeFkVeUfvP6S43I8s9mt
[0.552, 0.651, 4, -10.624, 0.229, 0.00494, 0.0349, 0.132, 0.533, 161.548] 0FMhMAFPLg8EljnROSoVnj
[0.4, 0.902, 9, -4.385, 0.0523, 0.115, 0.000116, 0.139, 0.632, 105.659] 5XeMsYb1rWxQL1bUUaZajn
[0.493, 0.727, 11, -5.807, 0.0886, 0.000208, 0.613, 0.0767, 0.427, 91.134] 753KutoAy00apPsplMRetG
[0.574, 0.516, 2, -6.091, 0.0436, 0.00144, 0.00514, 0.199, 0.237, 106.033] 4XyONPP3WOcquMO5WVj4mw
[0.475, 0.808, 9, -8.859, 0.037, 0.000942, 7.97e-06, 0.146, 0.896, 152.098] 49C6EGQhCUSgyADHYvJ7ez
[0.47, 0.806, 2, -7.165, 0.0369, 0.379, 0.0624, 0.86, 0.787, 132.359] 5NnZ4JJxWiqqhYNu3rwmFj
[0.461, 0.41, 7, -18.441, 0.0623, 0.0945, 0.9, 0.551, 0.375, 100.335] 0IxtJOcnoS2DPmBfV2HDfW
[0.65, 0.903, 7, -3.677, 0.0314, 0.000841, 0.000351, 0.122, 0.409, 121.896] 5u5F7qLDvZjBSktaDp4HxB
[0.25, 0.73, 6, -5.002, 0.0624, 0.0237, 0.0134, 0.181, 0.483, 197.194] 7w04gIWA7mIbqR03Ghyrkl
[0.175, 0.978, 9, -3.788, 0.0948, 0.000318, 0.849, 0.264, 0.249, 185.185] 0DZwrC4QQOYqpcxCeZzwDg
[0.524, 0.995, 9, -2.676, 0.106, 0.0323, 0.147, 0.0819, 0.323, 133.596] 2308VPPaMh7Q3AX1Zap99A
[0.327, 0.895, 9, -7.428, 0.0367, 0.000564, 0.0159, 0.104, 0.898, 169.39] 3w2GGz0HjIu9OcWXINRFJR
[0.543, 0.757, 9, -4.986, 0.0497, 0.00197, 0.626, 0.103, 0.219, 127.655] 3UQQ7g6J8fiMB7oldQzBoq
[0.393, 0.364, 5, -10.945, 0.0345, 0.0021, 0.0703, 0.121, 0.308, 118.566] 1SDiiE3v2z89VxC3aVRKHQ
[0.616, 0.612, 0, -11.084, 0.0275, 0.169, 0.434, 0.101, 0.897, 114.558] 0XHWClSz0v6RIaRSGqJH3X
[0.616, 0.833, 4, -5.367, 0.0747, 0.000522, 0.0922, 0.172, 0.723, 130.899] 0HQE2SbrXTX849UcgfXLad
[0.521, 0.789, 0, -4.05, 0.0271, 0.00026, 0.000207, 0.101, 0.223, 95.334] 4Pm55wDKHjx8JQtzUK0loE
[0.566, 0.673, 9, -10.814, 0.306, 0.565, 1.13e-06, 0.0438, 0.583, 114.385] 4sFbojhVXQv7dBC9PVCcRn
[0.306, 0.398, 6, -12.767, 0.0412, 0.0857, 6.02e-05, 0.0756, 0.0948, 85.622] 3NH2FJUSV3HGXZRtOc3Uwj
[0.245, 0.328, 6, -11.553, 0.0377, 0.673, 0, 0.138, 0.102, 86.926] 1ZUv3ISx2nFaz0JimVdcoT
[0.525, 0.907, 7, -4.301, 0.0963, 0.0373, 3.6e-05, 0.309, 0.607, 123.102] 2j0zExWFB0PowLOeoZosjK
[0.365, 0.767, 9, -6.185, 0.0681, 0.181, 0.000856, 0.0942, 0.422, 94.174] 6crBy2sODw2HS53xquM6us
[0.422, 0.818, 8, -3.941, 0.0319, 1.64e-05, 0.0137, 0.0931, 0.228, 149.045] 0qBvoubmrmKDsknLBbOtUg
[0.559, 0.345, 4, -13.496, 0.0459, 0.0576, 0.000105, 0.141, 0.458, 84.581] 5PclxRY6shIQzSKxxbdZso
[0.539, 0.597, 7, -9.581, 0.0258, 0.0108, 0.00552, 0.134, 0.251, 139.444] 5SnOyuBtyzufoXBAKOdcxD
[0.233, 0.869, 9, -4.652, 0.0646, 0.00795, 0.0216, 0.251, 0.4, 162.021] 5xquYn2sr3uEcyuKU9BmCJ
[0.532, 0.858, 9, -5.023, 0.0599, 0.00533, 2.13e-06, 0.751, 0.495, 125.698] 6Th6ND8RQPywiyelecP5Lf
[0.363, 0.772, 8, -5.802, 0.0421, 0.0003, 0.0529, 0.123, 0.288, 135.245] 2JCVWq9aVu8WhxsOVVqEdr
[0.52, 0.274, 11, -10.661, 0.0363, 0.843, 0.0165, 0.0724, 0.222, 64.213] 0JtcFIgrkSagrM5JdFakeO
[0.412, 0.902, 9, -11.6, 0.405, 0.0484, 0.131, 0.405, 0.422, 89.74] 0hCB0YR03f6AmQaHbwWDe8
[0.29, 0.839, 9, -4.459, 0.078, 0.0014, 0.476, 0.0954, 0.42, 158.972] 4wYq5wugZDzQiMZQYG4wVB
[0.532, 0.767, 7, -5.509, 0.0574, 0.00287, 0.000513, 0.39, 0.755, 127.361] 2SiXAy7TuUkycRVbbWDEpo
[0.328, 0.575, 7, -10.437, 0.0439, 0.351, 0.000556, 0.688, 0.249, 149.645] 5RPiBNQVmuEm7YlVVotrLa
[0.558, 0.364, 4, -11.258, 0.0265, 0.0505, 5.02e-06, 0.0753, 0.17, 142.171] 3ZFwuJwUpIl0GeXsvF1ELf
[0.258, 0.907, 7, -7.287, 0.112, 0.0183, 0.201, 0.11, 0.317, 113.679] 12oSzrBIyirNs0aCwk6elL
[0.514, 0.825, 0, -5.136, 0.0486, 0.000286, 0.293, 0.607, 0.655, 125.273] 6rvldt6EoZwzogApECUCwd
[0.5, 0.824, 4, -5.846, 0.0388, 0.00016, 0.00161, 0.0916, 0.539, 120.125] 0MKGH8UMfCnq5w7nG06oM5
[0.494, 0.677, 6, -10.233, 0.0452, 0.184, 0.0258, 0.0926, 0.316, 101.539] 11LmqTE2naFULdEP94AUBa
[0.485, 0.738, 1, -8.884, 0.101, 0.406, 8.77e-05, 0.514, 0.484, 114.713] 15VRO9CQwMpbqUYA7e6Hwg
[0.271, 0.766, 5, -8.03, 0.0329, 0.00217, 0.52, 0.0707, 0.803, 142.914] 7psfcbjfnXwYIezHstNa1a
[0.321, 0.934, 4, -3.516, 0.0494, 1.32e-05, 0.00397, 0.0823, 0.217, 126.368] 1OaSaBmGA8JaeSBVtUfvTl
[0.454, 0.821, 7, -4.816, 0.0324, 0.0165, 3.55e-06, 0.13, 0.414, 108.533] 7A1odihHBrI8n9k0Fefh2j
[0.533, 0.376, 9, -11.913, 0.0393, 0.0302, 0.248, 0.0926, 0.187, 165.007] 2EqlS6tkEnglzr7tkKAAYD
[0.592, 0.295, 4, -10.534, 0.0261, 0.563, 0.00071, 0.109, 0.734, 76.066] 6eexkuQmvCxCJmtf9dQSHZ
[0.371, 0.909, 4, -5.704, 0.101, 0.000341, 0.508, 0.0894, 0.48, 132.864] 1Qf7H7d1TNP8VfPVDRLY0D
[0.741, 0.697, 0, -7.028, 0.0277, 0.0664, 2.28e-05, 0.133, 0.774, 116.109] 2LawezPeJhN4AWuSB0GtAU
[0.333, 0.445, 3, -16.343, 0.0283, 0.00858, 0.0451, 0.167, 0.35, 89.371] 13zmzwQNK2EOJ9zp8yrt47
[0.579, 0.508, 2, -9.484, 0.027, 0.00574, 0.000494, 0.0575, 0.609, 147.125] 1ZA8L9IOkRhmmz4nPXXx7h
[0.515, 0.534, 6, -8.045, 0.0768, 0.181, 0.00278, 0.0547, 0.426, 70.776] 1Eolhana7nKHYpcYpdVcT5
[0.584, 0.816, 9, -8.101, 0.0346, 0.000297, 0.0151, 0.102, 0.361, 119.534] 3vqsRpkzpPnOyQr18063s0
[0.549, 0.722, 11, -11.729, 0.0283, 0.25, 0.0138, 0.11, 0.716, 103.885] 14XWXWv5FoCbFzLksawpEe
[0.451, 0.673, 7, -9.115, 0.0734, 0.0857, 0.00225, 0.797, 0.583, 95.513] 2v0fKNEQwzUuol9VImFuOu
[0.432, 0.895, 11, -3.682, 0.0504, 0.127, 1.16e-05, 0.141, 0.625, 104.458] 2aibwv5hGXSgw7Yru8IYTO
[0.568, 0.837, 0, -8.128, 0.0406, 0.151, 0.00322, 0.317, 0.758, 117.398] 0HBoBMAZ473sqqFP5USbt1
[0.334, 0.986, 4, -1.046, 0.0576, 0.000114, 0.0353, 0.0805, 0.48, 124.668] 26i37IFvFmC3517jxxZAJP
[0.618, 0.467, 9, -8.78, 0.118, 0.456, 0, 0.174, 0.475, 168.033] 6U89aHzGw13IGTtS9BBs74
[0.636, 0.746, 0, -3.785, 0.0393, 0.0648, 0.29, 0.173, 0.432, 132.31] 5e6x5YRnMJIKvYpZxLqdpH
[0.831, 0.544, 0, -9.288, 0.0837, 0.594, 0.00389, 0.0736, 0.856, 108.177] 4YMLW13PuuO7o3jkIWlKAs
[0.373, 0.931, 2, -4.043, 0.0506, 0.176, 9.12e-06, 0.319, 0.74, 175.92] 1BfR5GMOgW0peHkPxrwf11
[0.579, 0.957, 4, -2.94, 0.0521, 0.0107, 0.158, 0.263, 0.515, 123.993] 7aOor99o8NNLZYElOXlBG1
[0.372, 0.911, 7, -3.949, 0.0694, 0.187, 0.000199, 0.0883, 0.536, 200.012] 32BEasyNQgqXQJKoVa0fUw
[0.496, 0.924, 9, -3.895, 0.0507, 0.00214, 0.22, 0.136, 0.594, 91.882] 1OWSsdbAXFyPDo6khogqAW
[0.396, 0.734, 4, -4.897, 0.0312, 0.00167, 0.0637, 0.103, 0.41, 132.567] 4f9UzrnxHsWKIheG1TRrEG
[0.453, 0.654, 4, -8.855, 0.0317, 0.0205, 0.00395, 0.172, 0.702, 115.0] 389QX9Q1eUOEZ19vtzzI9O
[0.688, 0.435, 9, -11.359, 0.0323, 0.449, 0, 0.113, 0.435, 103.239] 3KfbEIOC7YIv90FIfNSZpo
[0.404, 0.435, 4, -12.045, 0.0323, 0.246, 0.00074, 0.156, 0.156, 136.058] 4OMu5a8sFpcRCPCcsoEaov
[0.46, 0.601, 6, -5.486, 0.0304, 0.0377, 0.715, 0.0954, 0.247, 136.912] 54DIzLw4LLxB3n1XiiQftU
[0.452, 0.944, 2, -3.785, 0.0587, 0.00717, 0.161, 0.0766, 0.673, 148.07] 4rhUBIlzi7zgV7TryhVujl
[0.507, 0.799, 1, -6.873, 0.0538, 0.0135, 0.0175, 0.395, 0.577, 81.921] 4RGGiJh4rrT4NZoKaxL0UA
[0.258, 0.841, 6, -7.696, 0.15, 0.0509, 0.000622, 0.266, 0.319, 67.592] 1iUz7E7KEGvrZ7mhtL3074
[0.7, 0.742, 5, -6.777, 0.0716, 0.0722, 0.0199, 0.11, 0.197, 91.959] 2oaK4JLVnmRGIO9ytBE1bt
[0.556, 0.486, 10, -12.037, 0.0373, 0.114, 0.00544, 0.0606, 0.396, 122.021] 3t9Gt4luM1yDfKIljQdiFb
[0.544, 0.4, 2, -12.504, 0.0439, 0.526, 0.0378, 0.0716, 0.264, 76.982] 1NV6sCADgcLSW7DG7zSWlq
[0.631, 0.801, 9, -8.43, 0.039, 0.068, 0.00226, 0.668, 0.923, 91.886] 6y8snVFINFTa2UhgjMM9mK
[0.609, 0.807, 9, -8.286, 0.0559, 0.015, 0.00123, 0.37, 0.754, 121.768] 5bSpsKGoGKXOOfg7F3ZtKz
[0.514, 0.873, 9, -7.185, 0.0628, 0.0115, 0, 0.296, 0.661, 123.072] 1V2toVzSEdk8AHIohIFO7t
[0.686, 0.695, 7, -5.967, 0.0284, 0.00363, 0, 0.0898, 0.693, 94.995] 4mG4COBfayEx4O4dcnarR5
[0.281, 0.798, 4, -8.714, 0.0827, 0.494, 0.192, 0.11, 0.704, 190.763] 7jKuO8ZgQibBtlpernJh1Y
[0.471, 0.859, 6, -5.656, 0.0296, 0.00516, 0.00749, 0.411, 0.534, 138.05] 0xZ7Ia3jIXlAgWYYDwvKRI
[0.574, 0.874, 2, -5.1, 0.0327, 0.0372, 0, 0.0537, 0.741, 98.997] 4otoCFuzmMeNOoJAEOmOom
[0.571, 0.852, 8, -5.752, 0.0323, 0.0418, 2.37e-05, 0.0527, 0.804, 92.155] 6ih0RIVI5ZVOOGpYBzV9rd
[0.688, 0.756, 4, -6.046, 0.0323, 0.164, 0.00267, 0.121, 0.883, 110.981] 2sF93cCZuKgRLfWF6dNtfE
[0.677, 0.52, 7, -6.253, 0.0274, 0.229, 4.03e-06, 0.13, 0.393, 122.997] 1zWkElyYJMBlGZqLKLV333
[0.313, 0.899, 7, -4.855, 0.124, 0.0133, 0.00011, 0.263, 0.729, 181.398] 3egdi5fr5JG7F1FqAIvgEm
[0.545, 0.442, 0, -6.757, 0.0294, 0.107, 2.72e-06, 0.0889, 0.368, 116.949] 3Xnz0YTKHs4ybaUXbVHZ1i
[0.301, 0.856, 6, -5.17, 0.0475, 0.00503, 5.14e-06, 0.0741, 0.742, 134.362] 2N0xFXHHYs3cwdDxEql08Y
[0.516, 0.882, 9, -5.863, 0.0408, 0.00267, 0.00216, 0.11, 0.892, 146.05] 5q9HIo8ez49UEKOvXZwoaW
[0.557, 0.432, 2, -7.467, 0.0273, 0.0764, 6.23e-06, 0.114, 0.414, 80.087] 6Rw3PvF8QOIlQ8zQLkTDBI
[0.503, 0.753, 4, -5.12, 0.0334, 0.000777, 0.000117, 0.469, 0.693, 116.056] 33LCbrZVq60D0HVIiU219F
[0.325, 0.828, 1, -9.636, 0.0344, 4.28e-05, 0.0933, 0.0858, 0.824, 111.289] 76lRuankApOCvZwYrdKhqE
[0.341, 0.779, 8, -9.239, 0.0413, 0.000283, 0.0481, 0.0918, 0.66, 108.32] 4LTPyRMM9hEEadSXFdrHBI
[0.341, 0.917, 10, -9.897, 0.0621, 0.00223, 0.138, 0.438, 0.358, 124.497] 6hnsgL0pFkkMR5GKYWXCA6
[0.268, 0.767, 11, -8.33, 0.0365, 0.00117, 0.0379, 0.143, 0.44, 180.159] 7iVSveE0BBWpnRqvCcxc2G
[0.544, 0.801, 8, -9.511, 0.0266, 0.000666, 0.0299, 0.344, 0.862, 92.525] 6QrPTOOlTPVAouZWE48tYP
[0.643, 0.68, 1, -8.552, 0.03, 0.0086, 0.272, 0.0148, 0.965, 135.816] 507AlPAFv3dIToycfWHwrY
[0.475, 0.399, 3, -10.672, 0.0286, 0.424, 0.714, 0.984, 0.462, 121.699] 7cmcFepTOHKMm3FDTbgFCg
[0.425, 0.891, 8, -9.74, 0.0442, 4.04e-05, 0.609, 0.258, 0.66, 124.32] 3Bd3uZ8D1hQZh5Zrkxbjb5
[0.471, 0.896, 8, -8.763, 0.0529, 0.000823, 0.00242, 0.145, 0.88, 123.414] 6xVPJ9DbwPoQoh3ZT4kOdH
[0.587, 0.544, 7, -14.29, 0.0356, 0.0321, 0.000279, 0.195, 0.619, 82.523] 3TfrrDX4qGwfi87rc2yuDt
[0.274, 0.856, 6, -9.095, 0.0455, 0.000434, 0.00633, 0.27, 0.74, 169.817] 6daLbH5rNIzpXNW8lfTRKl
[0.51, 0.914, 10, -8.256, 0.0368, 8.67e-06, 0.793, 0.308, 0.842, 125.766] 4wtYH18yXdKxDFuVcN7wC0
[0.472, 0.938, 7, -5.98, 0.0723, 0.000128, 0.0805, 0.0401, 0.6, 98.956] 5Rfpz0klBQxMH5S9OyS0UO
[0.532, 0.961, 10, -7.368, 0.0429, 0.000816, 0.553, 0.519, 0.473, 123.257] 2e5m5W5JNpsOXvgFO5z9CA
[0.467, 0.94, 8, -4.412, 0.0538, 0.000201, 0.139, 0.288, 0.61, 115.533] 0lqzdWLT0ABLLsEQmgR5fV
[0.461, 0.695, 7, -7.662, 0.0282, 0.0275, 0, 0.151, 0.371, 149.346] 2j9xf567RovYfYPmfDWgvG
[0.403, 0.887, 9, -6.453, 0.0486, 0.000402, 0.0091, 0.395, 0.724, 106.22] 5xLEE7uZ2AVoEKblUPtPzy
[0.309, 0.894, 11, -5.023, 0.0666, 0.00396, 0.00348, 0.11, 0.705, 185.158] 2zOaofBibh7p7y2K80kBs8
[0.519, 0.931, 9, -4.541, 0.0353, 0.000957, 0.0585, 0.24, 0.875, 124.933] 3HhXfYiCO3hWqrIEri9j7Z
[0.509, 0.881, 10, -6.544, 0.0638, 0.0085, 0.0181, 0.186, 0.684, 142.041] 0nQkTG3pffHYR3tsstJjP2
[0.327, 0.92, 9, -6.226, 0.107, 0.000654, 0.0445, 0.236, 0.358, 106.792] 2SqmrtrRqWtwVzVlOiETPR
[0.258, 0.896, 9, -6.219, 0.0493, 0.000715, 0.00311, 0.369, 0.587, 171.667] 2lGMX64vKYrvbAJt2qdlv4
[0.242, 0.938, 5, -3.942, 0.0481, 0.0015, 0.175, 0.268, 0.749, 105.915] 1YdzSZYqh8QgROUgAO3hzy
[0.256, 0.571, 9, -5.435, 0.0321, 0.0867, 0.222, 0.123, 0.522, 174.084] 5coAr6hbtIClpWhmGcpELw
[0.385, 0.939, 0, -5.043, 0.0639, 0.0155, 0.000916, 0.101, 0.834, 183.982] 3n5CYWornWnwfcrK5ztZLz
[0.64, 0.233, 4, -11.323, 0.0304, 0.152, 0.029, 0.121, 0.188, 70.558] 6sqJF7YPYAWFWKa4sEK9OF
[0.319, 0.925, 9, -6.991, 0.0508, 0.000139, 0.266, 0.442, 0.421, 100.224] 1efAUTxmvncvd6zqxWS0zG
[0.367, 0.769, 9, -7.258, 0.0317, 0.00032, 0.628, 0.0631, 0.7, 173.186] 1vcUlV02bvKQn6ryzZqDVL
[0.412, 0.676, 7, -7.341, 0.0266, 0.00596, 0.112, 0.209, 0.557, 155.431] 7GRq9NUgqhxPGUUksX02fk
[0.422, 0.942, 9, -6.008, 0.0534, 2.39e-05, 0.178, 0.634, 0.737, 132.465] 65GFU7z4zeQPtlJ7sycAEs
[0.327, 0.88, 9, -6.027, 0.0786, 1.74e-05, 0.447, 0.0323, 0.494, 109.685] 6DF6EcXBSNMP3HNz3z9yAf
[0.449, 0.935, 7, -6.944, 0.0531, 0.00213, 0.0558, 0.189, 0.675, 124.204] 4odmFL5rtjthDy6xM7eBrr
[0.384, 0.874, 7, -7.552, 0.0376, 0.000108, 0.0104, 0.122, 0.762, 112.207] 3N8YmS2jHNmziUhqTR7Wk4
[0.439, 0.59, 9, -8.649, 0.0287, 0.00565, 0.00418, 0.0953, 0.497, 167.928] 0FwVocdnxSgbEiBokgpfF3
[0.479, 0.797, 2, -6.811, 0.0271, 4.34e-05, 0.647, 0.0909, 0.822, 100.454] 0q0Tle4IWMsGtHnCK1o6IF
[0.405, 0.913, 7, -7.391, 0.0782, 0.00222, 0.218, 0.311, 0.601, 170.022] 5JkwarlZm4PnDFJG9mqtr3
[0.382, 0.925, 7, -5.587, 0.0642, 0.000377, 0.0448, 0.0248, 0.549, 94.542] 4vwO6Uv5lAbVe7PGfyENRK
[0.422, 0.866, 7, -6.752, 0.0447, 6.99e-05, 0.893, 0.031, 0.742, 120.948] 0qwYKEOXmaRmbXc6vEnEAt
[0.483, 0.804, 0, -8.889, 0.0871, 0.036, 0.000593, 0.367, 0.633, 135.396] 7p01sCiUvRMkMbmcaIVkSg
[0.531, 0.745, 7, -8.761, 0.0832, 0.181, 3.73e-05, 0.257, 0.797, 141.542] 6thHgs4ciBgeyAM590PBJ0
[0.426, 0.693, 8, -9.759, 0.0377, 0.0251, 0.0065, 0.101, 0.751, 126.804] 1oT20g6f8rvymheUIdFr19
[0.691, 0.56, 3, -11.889, 0.0299, 0.0782, 0.0906, 0.229, 0.894, 122.518] 14RdfvdyX9kJA6HkS1eE6L
[0.258, 0.472, 6, -9.883, 0.0334, 0.000951, 0.328, 0.267, 0.447, 173.52] 51IgFqmKmAyOrQUyjLbo33
[0.478, 0.961, 10, -12.465, 0.0506, 0.114, 0.859, 0.161, 0.768, 131.096] 1ZTdrHAfVVoij7fe3iFozS
[0.536, 0.718, 1, -8.051, 0.0486, 0.0628, 0.32, 0.182, 0.503, 121.041] 67m7a5m7m0BJO4mLND9y1c
[0.425, 0.594, 6, -9.311, 0.0367, 0.317, 0.00112, 0.0947, 0.681, 109.172] 4TSnmIHMAddoile3ZusYMc
[0.244, 0.684, 6, -7.493, 0.0563, 0.012, 0.252, 0.14, 0.478, 186.237] 3VLRGzhCMVuqhUbQpnNBDW
[0.605, 0.131, 6, -16.716, 0.0366, 0.54, 0.296, 0.206, 0.158, 113.004] 7vbrUZMfRt5gNYL3uhjhHP
[0.318, 0.772, 6, -8.423, 0.0406, 0.000538, 0.00199, 0.226, 0.817, 130.838] 5cvwznLKMjUJpJwvEnphLo
[0.447, 0.81, 4, -8.222, 0.0447, 0.000173, 0.031, 0.0631, 0.375, 110.967] 7bSeIy3zwWygMrVyVbfODf
[0.449, 0.587, 8, -10.373, 0.0312, 5.78e-05, 0.0158, 0.268, 0.945, 139.722] 0t4Ef0Z7BGIRtwoK8S8299
[0.65, 0.318, 8, -10.833, 0.0314, 0.285, 0.00485, 0.122, 0.397, 129.571] 3RpweV0fDRXshoP24WJ5Xf
[0.336, 0.941, 4, -8.606, 0.0455, 0.107, 0.00431, 0.316, 0.932, 172.333] 5DUi0QVP5Lgm7lwVE0r9ZP
[0.483, 0.716, 8, -8.317, 0.0322, 0.0392, 0.00703, 0.0487, 0.868, 116.27] 4hAULyI36HpqKkCLrG63kZ
[0.386, 0.811, 5, -10.033, 0.0378, 0.0249, 0.00248, 0.0945, 0.683, 98.526] 1VzEQAFYNt6yH8OPuzl5Vq
[0.295, 0.757, 11, -7.9, 0.0754, 0.0139, 0.0341, 0.973, 0.464, 166.274] 5B1iMaS6zZNp9LTMsz9E7L
[0.668, 0.165, 6, -12.045, 0.0385, 0.773, 1.13e-05, 0.0778, 0.511, 96.468] 6a5BxABPsPeEX60saeYMto
[0.427, 0.626, 8, -11.821, 0.0385, 0.0274, 0.00395, 0.106, 0.743, 126.877] 1a2iF9XymafjRk56q7oCxo
[0.256, 0.423, 6, -11.994, 0.035, 0.000788, 0.402, 0.25, 0.441, 173.27] 5MtN38MGEWJt60LwtBmFNP
[0.472, 0.942, 10, -14.562, 0.051, 0.109, 0.859, 0.155, 0.757, 131.202] 03NejRMxYMMCFo2Ylsia6l
[0.678, 0.493, 8, -13.782, 0.0302, 0.0882, 0.153, 0.264, 0.914, 122.627] 0nFZ2HQRnIxiwraCm2X6Uq
[0.513, 0.171, 8, -17.904, 0.0422, 0.775, 0.458, 0.139, 0.321, 118.461] 0h4jHdNzUrV9eGR2PT5R8c
[0.539, 0.12, 6, -14.916, 0.0322, 0.529, 0.0592, 0.109, 0.289, 102.702] 39sod67vZ21ZMHWg5sfbqW
[0.351, 0.899, 11, -9.625, 0.0471, 0.0226, 0.32, 0.941, 0.405, 86.384] 3XSbH0qDqeHoBv1aiLIXEW
[0.307, 0.894, 8, -9.824, 0.0706, 0.0101, 0.00704, 0.794, 0.535, 124.473] 344f4ULzc3kj1LCaw01GKg
[0.261, 0.613, 11, -9.778, 0.0414, 0.0231, 0.0867, 0.869, 0.402, 138.538] 12Brd1KzWDPmzgC5FaUZA2
[0.264, 0.805, 11, -9.688, 0.0745, 0.0079, 0.346, 0.905, 0.311, 109.141] 15qLlUz6hEgh6XpwtJoZeu
[0.568, 0.327, 3, -13.076, 0.0282, 0.22, 0.00317, 0.127, 0.425, 129.469] 125db6HkQqKHJMVB8mULlR
[0.582, 0.607, 0, -9.099, 0.0495, 0.188, 0.000909, 0.711, 0.598, 132.622] 3f5kxfFkRw9w0HQYydNXE0
[0.548, 0.64, 6, -6.82, 0.0302, 0.502, 1.01e-06, 0.182, 0.142, 69.591] 6sE3o6FJBPqpb3PINUZWx1
[0.807, 0.551, 4, -6.568, 0.0333, 0.00886, 0.000205, 0.267, 0.78, 93.006] 46qmhckPWhcfBhw4hagOOS
[0.498, 0.242, 9, -12.238, 0.0257, 0.835, 0.536, 0.133, 0.312, 153.744] 7utRJ4BeYx85khzP3lKoBX
[0.725, 0.73, 9, -6.514, 0.0299, 0.312, 0, 0.161, 0.805, 100.021] 0pEu81PfEP0L9u4iTY5zvI
[0.462, 0.796, 9, -6.202, 0.0322, 0.384, 0, 0.296, 0.824, 204.028] 618hiI74zBL8UVgAvfmkLj
[0.606, 0.568, 11, -5.294, 0.0421, 0.629, 0.00418, 0.116, 0.427, 77.067] 3gGKOVwsAVvwt9BcH3k18J
[0.699, 0.502, 9, -12.526, 0.0278, 0.0607, 0.0337, 0.317, 0.676, 105.266] 2c92VFZu2JBd8k16ExLRAm
[0.739, 0.473, 4, -12.629, 0.0322, 0.524, 0.00534, 0.958, 0.587, 75.288] 5nZax8mmBCb4UYnW6ibvTb
[0.667, 0.587, 2, -10.45, 0.0497, 0.271, 5.01e-06, 0.896, 0.691, 89.19] 0Se82Sof9IOUY4VdR9un2A
[0.537, 0.562, 0, -8.83, 0.0315, 0.218, 0.00258, 0.752, 0.523, 131.329] 64fZ1gcn7rEzbdibOP1inl
[0.59, 0.816, 0, -8.66, 0.0591, 0.17, 0.00447, 0.871, 0.599, 81.19] 6nYnjk9PeOKXyDmRtACgWo
[0.437, 0.535, 5, -11.177, 0.0558, 0.386, 0.0134, 0.726, 0.568, 187.839] 0VA1AEVgsyqoVyIY9egk1I
[0.551, 0.334, 7, -15.992, 0.0769, 0.646, 0.178, 0.865, 0.57, 87.375] 1rUI9dLlvBVwjTxaJxIRmJ
[0.75, 0.554, 0, -14.774, 0.0562, 0.499, 0, 0.311, 0.843, 124.75] 2dp14VWbIxOVNmaWKkVB1r
[0.441, 0.455, 10, -14.207, 0.0485, 0.62, 0.00187, 0.135, 0.918, 160.9] 2Mr1bGI2E10K7Mt1UJZ6Mw
[0.572, 0.348, 0, -13.454, 0.0293, 0.438, 0.000731, 0.235, 0.34, 73.303] 5MTsZG10E0hTvAkdioyPnw
[0.613, 0.934, 0, -3.711, 0.0342, 0.0406, 0.000313, 0.0882, 0.776, 107.273] 1TkliUZNnCeTjZMWPuUoPK
[0.598, 0.735, 2, -10.882, 0.0973, 0.44, 0.000215, 0.681, 0.615, 111.129] 58PSYdY0GFg0LFb2PxYk4T
[0.545, 0.32, 7, -10.569, 0.0362, 0.789, 0.216, 0.406, 0.329, 80.355] 0fNbhi6aOLCn5gVcKcGZus
[0.552, 0.772, 9, -8.885, 0.0357, 0.0555, 9.8e-06, 0.4, 0.874, 94.832] 4lkeB9a3NmLM38zXaQhuHz
[0.542, 0.588, 2, -9.268, 0.0665, 0.67, 0.158, 0.241, 0.881, 113.948] 3KSchPNSklO5McIqRH3qYX
[0.353, 0.921, 2, -5.64, 0.0758, 0.0488, 0.065, 0.314, 0.526, 145.589] 2FtX5tOFUVOyjcGQiuGR8f
[0.706, 0.871, 10, -9.184, 0.0833, 0.697, 0.0168, 0.294, 0.934, 157.902] 2nrO8u5FYQAhZvFDCjSbpp
[0.667, 0.945, 0, -8.489, 0.0753, 0.00146, 0.784, 0.432, 0.791, 148.998] 1hvYvO6ANKf6h2IzSZk80c
[0.79, 0.588, 9, -10.241, 0.0519, 0.0511, 0.0013, 0.29, 0.82, 142.573] 34d6n6HMfyOiQjudsxbfeh
[0.842, 0.397, 9, -10.779, 0.0393, 0.0372, 1.61e-05, 0.0725, 0.644, 88.922] 1sMlUYVSp6PqjrYDOKBPrH
[0.35, 0.491, 7, -10.381, 0.0416, 0.00139, 0.804, 0.337, 0.623, 175.077] 2T3mWbAqtVIW8p6E23HD5s
[0.863, 0.507, 2, -13.518, 0.0351, 0.154, 0.00159, 0.127, 0.886, 122.184] 6Aqdo2NI0hsoom3UpEWuLT
[0.695, 0.62, 9, -8.965, 0.0459, 0.0783, 0.00633, 0.113, 0.558, 114.49] 5fuMwHFFrme5gzjYRf5cI9
[0.629, 0.471, 1, -11.197, 0.0304, 0.314, 5.91e-06, 0.0936, 0.814, 121.039] 1G6ZoDvjFAReEI3R6kHZrm
[0.775, 0.499, 4, -7.181, 0.0415, 0.496, 0.0219, 0.114, 0.862, 121.056] 6f3OYG5R630tjwFIHIE7j2
[0.581, 0.75, 4, -8.456, 0.0378, 0.046, 0.00391, 0.434, 0.693, 116.156] 5rCGe4yc1W6BEOSBb48lW9
[0.677, 0.748, 8, -9.409, 0.0707, 0.164, 0.00014, 0.0956, 0.866, 120.846] 5dK6iw7TomKeooRXgNGAMM
[0.653, 0.818, 11, -6.375, 0.0638, 0.376, 1.64e-06, 0.0754, 0.798, 91.896] 1XcUn5PE9d42zWamWgRG2x
[0.67, 0.783, 10, -5.716, 0.032, 0.679, 6.99e-05, 0.0853, 0.747, 102.899] 4NkpAPa8vDpQTR9PBq9lPI
[0.517, 0.714, 10, -6.449, 0.0407, 0.089, 0.000597, 0.1, 0.605, 175.615] 67rN5YNUF6V4Cd79eCF7BA
[0.457, 0.781, 9, -6.148, 0.0286, 0.187, 5.59e-06, 0.147, 0.89, 156.001] 4kXNEzcZ3UFnH6wflKqahh
[0.535, 0.899, 0, -5.367, 0.0367, 0.00314, 0.000962, 0.791, 0.793, 142.857] 50ixRugLiSeiWk0LFUVD66
[0.673, 0.909, 9, -3.945, 0.0783, 0.207, 0.000149, 0.152, 0.918, 118.14] 2jHwPqETJFK24KjZ01Ghyv
[0.338, 0.612, 5, -5.66, 0.0314, 0.0358, 0.00351, 0.136, 0.317, 190.975] 0sZdrDLNTQnOPoztHQUVRg
[0.592, 0.892, 9, -3.042, 0.123, 0.191, 0.000157, 0.0984, 0.817, 162.117] 4QwZ3Sxi34kYaoGBxnFuf2
[0.438, 0.93, 6, -3.254, 0.0618, 0.00142, 5.81e-06, 0.0838, 0.461, 141.933] 2TxzeAlDwc04C0bNzc5maf
[0.589, 0.835, 2, -3.495, 0.0344, 0.183, 0.00159, 0.0985, 0.733, 79.998] 2ItX9fS3qXajBMePergAHc
[0.431, 0.638, 9, -7.138, 0.0272, 0.152, 0.00264, 0.177, 0.461, 144.051] 2Li0QwXDikN2wgOgCi6dll
[0.471, 0.859, 6, -5.656, 0.0296, 0.00516, 0.00749, 0.411, 0.534, 138.05] 0xZ7Ia3jIXlAgWYYDwvKRI
[0.315, 0.937, 4, -5.218, 0.0625, 0.00962, 0.000157, 0.296, 0.623, 170.11] 3W6K2CxGtf3mPyqApxBwba
[0.161, 0.873, 9, -5.519, 0.0685, 0.00959, 0.00141, 0.711, 0.727, 158.585] 75uhaVnrEZFtqgRsqPkHv0
[0.431, 0.638, 9, -7.138, 0.0272, 0.152, 0.00264, 0.177, 0.461, 144.051] 2Li0QwXDikN2wgOgCi6dll
[0.59, 0.593, 2, -7.466, 0.027, 0.043, 0.000619, 0.16, 0.306, 147.871] 6de7TUPgHBOPqwL05TNVGy
[0.503, 0.859, 2, -4.847, 0.0639, 0.0839, 0.0435, 0.348, 0.659, 107.975] 5TFMGUZhe182wJsceK1kHY
[0.428, 0.805, 7, -5.667, 0.0387, 0.0934, 3.92e-05, 0.146, 0.26, 145.908] 5QXRCU9QNAehaSqyezh8KW
[0.525, 0.879, 11, -4.927, 0.0469, 0.0582, 0.00396, 0.123, 0.842, 118.079] 1WaUYQOBDiYAi7MV4RTfCl
[0.262, 0.634, 4, -6.286, 0.033, 0.00458, 0.00171, 0.1, 0.337, 122.36] 6Rw9AnQ4ZAgukkC2r1xyzf
[0.478, 0.919, 2, -5.869, 0.0799, 0.0137, 0.0154, 0.155, 0.656, 122.95] 2CGkd42Xndwj8NFejw6kFR
[0.481, 0.826, 0, -5.289, 0.031, 0.00165, 0.000296, 0.494, 0.503, 143.099] 6UNkvwErJfzuzaD7LhkR96
[0.627, 0.608, 2, -6.157, 0.0248, 0.401, 0, 0.0881, 0.639, 95.965] 0RpxU1olb08fXvfR9cejYx
[0.289, 0.901, 7, -5.898, 0.155, 0.183, 3.42e-05, 0.287, 0.617, 109.135] 49kPFLAWTm2IsxZqwBYAgR
[0.531, 0.973, 9, -4.398, 0.0364, 0.000717, 0.786, 0.287, 0.926, 118.109] 6AJwx1GtMA6ZPGJSD0jvfT
[0.41, 0.891, 7, -5.448, 0.0718, 0.0448, 3.38e-05, 0.386, 0.535, 153.002] 2hRGljAd6TM6ad6D4lI42t
[0.401, 0.95, 7, -5.44, 0.127, 0.00272, 0.00678, 0.343, 0.393, 114.836] 0dpCC9mEaLKI3RP1QvsyEg
[0.507, 0.671, 9, -7.557, 0.0271, 0.359, 3.2e-06, 0.165, 0.55, 152.113] 1NEfEYDZXwF1Z44iAXuQuX
[0.391, 0.638, 7, -5.592, 0.0273, 0.0588, 0, 0.16, 0.551, 163.032] 0Gw1DXAOyu6baVErLu9X7r
[0.582, 0.805, 9, -5.267, 0.0301, 0.102, 3.14e-06, 0.271, 0.895, 144.047] 0Rxgdpe1zgZ6ZzHgxSaYEJ
[0.43, 0.814, 3, -5.079, 0.0511, 0.00956, 0.151, 0.0962, 0.711, 130.973] 0Nqdv0Zu3A33BhEpPwfaIk
[0.485, 0.148, 4, -14.95, 0.0472, 0.769, 0.0145, 0.0746, 0.383, 66.596] 6gNqTbfiinrGDjgrp3vdCR
[0.48, 0.104, 4, -20.295, 0.0877, 0.625, 0.153, 0.0857, 0.23, 181.198] 2yhLL9sVhNVQbD5lWFXlxd
[0.714, 0.0845, 8, -20.366, 0.361, 0.825, 0.00024, 0.385, 0.482, 119.656] 5dzgTYv7PnxQPapfheF4ux
[0.327, 0.322, 0, -14.951, 0.0482, 0.125, 0.245, 0.0841, 0.352, 186.734] 3fFT7RWQ9Zgj2Hoec3644S
[0.605, 0.363, 1, -10.541, 0.0414, 0.779, 0.0852, 0.118, 0.538, 114.067] 72X15O5Hil3UAUeOSe5eYn
[0.389, 0.108, 4, -16.247, 0.0637, 0.842, 0.653, 0.146, 0.11, 166.162] 5sQInKVdpo3XKKn5SAdT2n
[0.64, 0.264, 7, -10.722, 0.0406, 0.707, 0.00302, 0.0428, 0.707, 109.723] 0dvnJe67P2az384UkOm9KU
[0.406, 0.43, 5, -7.702, 0.0423, 0.67, 0.00205, 0.338, 0.417, 176.21] 4xfJSNaQN5eRUL78mor3nj
[0.539, 0.416, 4, -6.538, 0.0254, 0.719, 0, 0.132, 0.273, 72.15] 04CJvX6ueL0FevEE8H8246
[0.546, 0.044, 2, -17.623, 0.0483, 0.87, 0.771, 0.103, 0.326, 102.607] 251EBnu3bn7mnL5l89IkZt
[0.588, 0.144, 5, -17.882, 0.0338, 0.855, 0.000513, 0.129, 0.468, 97.182] 0wJRxU3w6jwuCtUi6FJeK9
[0.545, 0.444, 4, -8.989, 0.0619, 0.249, 0, 0.0896, 0.379, 82.596] 2hQBqQHWrEX0XBnULlDkma
[0.675, 0.379, 6, -10.295, 0.0265, 0.273, 0.0505, 0.101, 0.59, 97.873] 1BNpo855XfdTSbLEPT1tiF
[0.559, 0.209, 2, -13.566, 0.0354, 0.715, 3.1e-05, 0.113, 0.568, 144.084] 2NzFRBmd51ZRRnM050iHHt
[0.68, 0.393, 3, -9.983, 0.0328, 0.966, 0.00117, 0.112, 0.845, 72.16] 7qBhpHyTmWFdLGHKZY4FIl
[0.604, 0.412, 0, -11.564, 0.045, 0.867, 0.0237, 0.0751, 0.88, 142.58] 5ROWR8eKAWxojrrnzLyGfv
[0.75, 0.269, 7, -11.404, 0.0442, 0.724, 3.36e-05, 0.117, 0.558, 118.984] 2MGg4cIpTq01bQcnE8X8Ds
[0.352, 0.54, 7, -5.962, 0.0291, 0.205, 0.0563, 0.161, 0.54, 171.62] 4MU7gIQajZa1tpiMNL2kL9
[0.45, 0.391, 5, -9.524, 0.0344, 0.506, 0.0155, 0.092, 0.474, 187.397] 18zo8CgBYj45ATurtb4H4W
[0.552, 0.14, 4, -10.704, 0.0648, 0.72, 0.832, 0.13, 0.579, 91.456] 5yLkkk0MiWAW0xuHUWKlX2
[0.675, 0.308, 6, -8.081, 0.0348, 0.824, 3.75e-05, 0.0607, 0.69, 97.446] 4ghvDvK0tWXLfvG4znwpAe
[0.582, 0.191, 5, -19.464, 0.033, 0.867, 0.00752, 0.105, 0.341, 70.307] 4a11mgA6NtRrNK19yWx1Wh
[0.794, 0.251, 7, -15.17, 0.0832, 0.826, 0.00815, 0.141, 0.959, 108.445] 0VdV4ka3IsCmS4tgZjQQon
[0.316, 0.928, 11, -5.381, 0.0652, 0.599, 0.778, 0.363, 0.506, 107.982] 5Y1KXqKJN3GQvRYCWSvE4k
[0.402, 0.0982, 5, -19.814, 0.0401, 0.356, 0.194, 0.358, 0.191, 141.54] 56UsciEGCYrmCTSI3veuvC
[0.608, 0.486, 11, -6.566, 0.0365, 0.597, 0.00192, 0.101, 0.452, 74.259] 2RXXb2uTCzOKp1n76cqSP7
[0.737, 0.307, 0, -8.74, 0.0501, 0.668, 5.15e-06, 0.105, 0.527, 80.168] 1ZRz0wBAXFzjNzD7DmXzOn
[0.592, 0.51, 4, -5.923, 0.0733, 0.767, 2.39e-05, 0.105, 0.368, 73.536] 7epXc4BZQUG6OjJ69K6yAF
[0.439, 0.48, 2, -9.738, 0.0329, 0.508, 0.33, 0.126, 0.688, 104.962] 0UPsrU3VnEZMJQQX1T3Egg
[0.49, 0.372, 7, -9.589, 0.0636, 0.834, 0.0549, 0.244, 0.362, 173.533] 6Jn8qnYJvaCLuq0gg4Ksiu
[0.666, 0.421, 4, -8.553, 0.0421, 0.537, 0.0134, 0.112, 0.441, 79.919] 3OpDEJPWzv76Y9Q6ccLVE6
[0.732, 0.329, 9, -9.006, 0.0314, 0.938, 0.0369, 0.0669, 0.707, 102.114] 1zHxhqZZ9eOju22K8dS1JV
[0.425, 0.489, 0, -9.063, 0.0268, 0.0162, 0.000111, 0.106, 0.497, 96.777] 5ll3WCIvUPqcRVKqXBCxR2
[0.452, 0.483, 6, -8.919, 0.0799, 0.24, 0, 0.112, 0.474, 69.428] 7MFkmvySBDx4SHHIpHl4TZ
[0.678, 0.454, 10, -9.921, 0.0265, 0.484, 0.0513, 0.151, 0.543, 96.776] 6He1hej5HlbXjyghBkFDkq
[0.534, 0.446, 2, -10.323, 0.0261, 0.149, 0.0932, 0.0888, 0.685, 105.606] 1fyFJzJDgt3Xmvb4HgBAvA
[0.624, 0.369, 5, -10.742, 0.0282, 0.269, 0.0913, 0.105, 0.38, 98.542] 1dXlXS881jS9wQphrI4b5a
[0.586, 0.336, 7, -11.303, 0.0307, 0.253, 0.000223, 0.129, 0.692, 107.074] 7iCwvCrIfpx9ayCUXgVGSO
[0.395, 0.458, 0, -12.527, 0.0462, 0.419, 0.000132, 0.594, 0.474, 168.933] 3dwWMDLZlZxtkvTjVA5J1Z
[0.299, 0.553, 1, -9.755, 0.0402, 0.00212, 0.0129, 0.136, 0.575, 154.559] 60hDwZ15xq801EdHSB2FYn
[0.382, 0.537, 0, -10.517, 0.0343, 0.0939, 0.00563, 0.058, 0.671, 196.201] 0PSQoeol6jZFXFZZ3cT4BJ
[0.587, 0.38, 7, -9.17, 0.0273, 0.729, 0.00267, 0.123, 0.356, 82.566] 5zGCD8uXutwgpKmXYAVYDb
[0.504, 0.568, 0, -7.877, 0.0331, 0.64, 5.44e-06, 0.33, 0.489, 139.752] 7CnZwqjv4EgxVT0S17GVMM
[0.571, 0.479, 10, -13.164, 0.0276, 0.449, 0.285, 0.26, 0.826, 97.107] 53cOCw0PN0NqBz4PyEerkm
[0.533, 0.192, 5, -12.052, 0.032, 0.427, 0.241, 0.253, 0.303, 127.621] 18Pi5LPQoqGP3WfuVWWTjc
[0.568, 0.0102, 9, -17.902, 0.0886, 0.733, 0.118, 0.0754, 0.438, 82.464] 1cAvj1vIjepzwbZLIx4yKR
[0.575, 0.366, 9, -9.909, 0.047, 0.187, 0.0145, 0.0901, 0.487, 172.407] 4DHOVT26Oh9N0AffTCHASx
[0.369, 0.612, 1, -9.089, 0.0795, 0.627, 0.0636, 0.563, 0.647, 177.951] 20nQpaFVoEMA5aUGD8yn3i
[0.644, 0.382, 5, -9.77, 0.0354, 0.59, 0.00017, 0.106, 0.614, 72.353] 7GCC5Nq4gnImhyMeqULoi3
[0.491, 0.283, 4, -16.36, 0.0496, 0.419, 0.00504, 0.0846, 0.433, 71.695] 4BXmW7ySx3gXpKLrQBYMqI
[0.48, 0.338, 0, -15.961, 0.0527, 0.398, 0.00104, 0.178, 0.628, 102.676] 15jeLtVTCeotyTHlGcGsUO
[0.436, 0.539, 0, -10.955, 0.0314, 0.579, 0.000671, 0.0974, 0.35, 149.598] 5ycKlID6uuZJR6E0a29zFN
[0.606, 0.301, 0, -11.402, 0.0423, 0.545, 0.00194, 0.0419, 0.457, 100.979] 1i7nQGgwloILcp6ZftH2Qa
[0.492, 0.596, 2, -4.038, 0.0395, 0.97, 0.043, 0.284, 0.548, 86.952] 1TVtYIucWI5fqdQwwlZFR3
[0.527, 0.0566, 4, -19.528, 0.0706, 0.965, 0.188, 0.11, 0.275, 187.055] 6VXyqp5UEQx6B3QO1YFEZU
[0.393, 0.358, 5, -9.598, 0.0471, 0.33, 0.0313, 0.12, 0.598, 180.075] 4OGyibX2nayDVCUfFN4u8x
[0.545, 0.271, 0, -17.69, 0.0667, 0.767, 6e-06, 0.0728, 0.679, 113.963] 7lpsRa4kcNoxSHUDNDXpnn
[0.696, 0.532, 9, -7.869, 0.0458, 0.672, 0.00154, 0.103, 0.5, 101.989] 3jgkfxYX4nblzWhK0oNk6I
[0.404, 0.331, 9, -11.487, 0.0245, 0.518, 0.353, 0.0786, 0.247, 73.904] 3d5e9kJDkgc7Jum8d8xtrl
[0.61, 0.543, 5, -5.498, 0.0301, 0.482, 0.209, 0.156, 0.433, 130.965] 44FnSZip0XhEBR3l7rPeJ1
[0.48, 0.061, 0, -16.696, 0.0388, 0.976, 0.483, 0.125, 0.261, 138.439] 78WaOAO3xm45gOXqMhI09d
[0.501, 0.701, 7, -6.088, 0.0324, 0.0919, 0.072, 0.117, 0.608, 122.477] 3sHYNMaWmlnCRZmzWzpCW2
[0.576, 0.0968, 6, -19.439, 0.036, 0.546, 0.286, 0.226, 0.168, 113.232] 7zto61V8ySp03Qi6X1LU2X
[0.384, 0.449, 0, -8.153, 0.0282, 0.416, 0.00105, 0.107, 0.169, 104.615] 2XJBHxDHgimhJ67fzpp8Ip
[0.457, 0.449, 10, -12.013, 0.0596, 0.0451, 0.00203, 0.0887, 0.478, 170.242] 0LUEBWAnO3CGjASnVqqUkV
[0.479, 0.461, 7, -6.892, 0.046, 0.721, 0.0031, 0.136, 0.368, 66.311] 1qxvyvIFtWiV3QNkv17z10
[0.676, 0.249, 0, -13.598, 0.0349, 0.471, 0.00712, 0.128, 0.48, 79.828] 4xu0LW34dFEoHG1x65tQPx
[0.796, 0.149, 3, -17.885, 0.0414, 0.163, 0.0114, 0.081, 0.433, 73.953] 7sheAObhEOIqDY8YFu3HJf
[0.53, 0.669, 3, -6.907, 0.0273, 0.573, 6.06e-05, 0.057, 0.379, 77.134] 5x43Y3cKUlwnOlRWkb2IMJ
[0.529, 0.108, 7, -15.96, 0.0423, 0.889, 0.00727, 0.264, 0.213, 158.223] 6SVMrke6GfTo8VFWaDH8Yu
[0.677, 0.0841, 9, -20.242, 0.0591, 0.281, 0.014, 0.494, 0.463, 69.771] 6COKdVANVlvIPZVGG08nRt
