[0.446, 0.14, 3, -24.182, 0.0411, 0.995, 0.921, 0.117, 0.317, 82.353] 2CgiC7Vu2aYEwSVIfdSTlb
[0.185, 0.106, 9, -21.724, 0.0324, 0.99, 0.919, 0.0791, 0.0635, 62.988] 2LOJTeVqBAqHc6Nrlgue4p
[0.16, 0.0699, 8, -17.284, 0.0376, 0.951, 0.912, 0.198, 0.0394, 69.466] 01PWoapQmh8Mq8JKh1r3vM
[0.182, 0.0885, 7, -20.579, 0.0369, 0.946, 0.811, 0.109, 0.0768, 84.774] 7G7q2rf1HMfiOahGZa4W1M
[0.388, 0.07, 11, -21.793, 0.0499, 0.898, 0.859, 0.11, 0.0887, 103.771] 3Se5YJ4xMOyWJuhvyUTpY4
[0.253, 0.114, 7, -21.281, 0.0421, 0.955, 0.944, 0.11, 0.0386, 124.965] 2VX0Cv5YNRzWHhY7WOS9sy
[0.25, 0.0568, 8, -18.118, 0.0314, 0.986, 0.967, 0.144, 0.0385, 87.533] 2aCXpjQXhJlrYnMil7IpCA
[0.4, 0.0375, 1, -23.292, 0.0366, 0.991, 0.949, 0.108, 0.094, 121.836] 4u6YszxvyDjE9UoNCyJQmx
[0.405, 0.101, 9, -21.481, 0.0514, 0.974, 0.924, 0.0929, 0.0467, 130.117] 7EF5cPm1zN8Jvy4FvcQOee
[0.146, 0.2, 10, -16.453, 0.0433, 0.982, 0.046, 0.1, 0.0385, 89.693] 7nZjMVneZ7CjnyHVXgg89T
[0.245, 0.0942, 0, -20.079, 0.0395, 0.985, 0.893, 0.0631, 0.0713, 71.782] 3qslIzC1V8no9hJqgZbGY6
[0.309, 0.16, 0, -15.543, 0.0461, 0.993, 0.00637, 0.0717, 0.187, 83.363] 5216gy4oLFBfWWR16gNnjO
[0.404, 0.0731, 5, -25.042, 0.0321, 0.984, 0.953, 0.104, 0.0566, 107.382] 6pdG1mJfMjVlMQXSUq1fJF
[0.179, 0.0419, 10, -26.246, 0.0472, 0.954, 0.965, 0.0873, 0.0398, 123.096] 27Af1ceJMtusIKFbvU7uux
[0.325, 0.0117, 5, -36.026, 0.0343, 0.985, 0.558, 0.0498, 0.121, 79.583] 6vceV9VHmKKQkoj77VXcmF
[0.393, 0.0429, 9, -25.727, 0.0341, 0.992, 0.925, 0.0821, 0.0394, 135.405] 3CI3uK4pduq7bx1jJ6En6C
[0.13, 0.086, 10, -21.92, 0.0373, 0.932, 0.912, 0.108, 0.0375, 90.223] 5lm4e1vu0J9J4IO55pbfMD
[0.382, 0.0877, 8, -25.492, 0.0281, 0.991, 0.903, 0.0842, 0.355, 208.301] 0JruSpdh4AKhxTo2AigJFr
[0.312, 0.0268, 7, -26.537, 0.0369, 0.994, 0.885, 0.107, 0.188, 68.534] 5I6Fw45e8wOsNldU1kYPr4
[0.523, 0.0697, 10, -23.704, 0.0356, 0.952, 0.883, 0.0686, 0.165, 115.688] 4ymJo2WLb6jikYZHaZDdL9
[0.484, 0.0111, 0, -36.334, 0.0384, 0.995, 0.878, 0.0556, 0.2, 121.708] 1gU5jNTPxkrF52O7vUTWzR
[0.192, 0.0093, 9, -28.276, 0.0393, 0.981, 0.838, 0.103, 0.0835, 180.043] 4LRYAQpXT42pWVZPMUoYi3
[0.124, 0.0924, 11, -31.726, 0.0412, 0.996, 0.848, 0.0935, 0.135, 205.999] 42c1ppLBsSbUjFNDzYLY10
[0.223, 0.0696, 5, -23.768, 0.0314, 0.991, 0.933, 0.0671, 0.0411, 81.274] 3hmjyLEaO7UCLFAUWW1nS2
[0.174, 0.235, 1, -14.816, 0.0422, 0.228, 0.894, 0.113, 0.0347, 117.351] 58nQxSmiOEc6oK4kQyU7vo
[0.156, 0.0794, 10, -20.327, 0.0438, 0.95, 0.831, 0.11, 0.0382, 142.385] 1gM64EDLgEeJiI3I6SHee7
[0.326, 0.084, 5, -17.5, 0.0349, 0.635, 0.853, 0.177, 0.0373, 126.205] 0VcBeMHpiVgptTEE7Enxra
[0.296, 0.0366, 7, -25.697, 0.0557, 0.994, 0.926, 0.098, 0.123, 62.959] 7kRkjuaar6b0gTsuGKcyxA
[0.326, 0.0735, 0, -24.975, 0.0419, 0.991, 0.873, 0.0481, 0.0875, 135.209] 55U56qbqS1g1PaeyIznUjr
[0.421, 0.117, 2, -17.703, 0.04, 0.842, 0.948, 0.116, 0.181, 104.111] 1Wd7EwZcoAfCAEi9FF6G6b
[0.381, 0.0943, 0, -24.325, 0.04, 0.986, 0.915, 0.0906, 0.0794, 127.71] 0aNwdVJmeq9CSCEPsyCvXP
[0.362, 0.0434, 9, -28.494, 0.0348, 0.992, 0.931, 0.0852, 0.239, 68.745] 2qq1S79kRcKvlSdoEQjBud
[0.107, 0.108, 0, -25.875, 0.0387, 0.984, 0.814, 0.127, 0.0551, 74.655] 54QDxcAwYWEMmpzSlu4zdk
[0.358, 0.021, 2, -30.373, 0.0343, 0.994, 0.905, 0.099, 0.187, 128.271] 7843xDWfw6MVw0aS4epKjr
[0.232, 0.036, 0, -24.433, 0.0363, 0.994, 0.914, 0.135, 0.227, 75.339] 4etFxb4nyRQtri2tl1XvgM
[0.366, 0.336, 8, -17.407, 0.0367, 0.968, 0.934, 0.0891, 0.0542, 140.037] 6quyqbfWoWG9iXrtYl8yG2
[0.227, 0.189, 6, -17.856, 0.0532, 0.72, 0.678, 0.104, 0.144, 122.446] 4wEL6ZCwfaYdmeKR14MJVa
[0.377, 0.0133, 2, -30.351, 0.0381, 0.994, 0.912, 0.101, 0.177, 53.712] 0xv61fKrs5UBimNvddIsLy
[0.314, 0.0403, 1, -28.173, 0.0317, 0.991, 0.9, 0.0984, 0.132, 71.425] 0FvZ9QXKaHdjWtS0iTN6Xh
[0.324, 0.0313, 5, -29.435, 0.0482, 0.988, 0.936, 0.125, 0.145, 63.542] 4MvqWzm7BDfHKkms39axnn
[0.184, 0.00188, 1, -47.432, 0.046, 0.993, 0.95, 0.0629, 0.423, 176.782] 5qXvC0LU7KxQOnZeBvox5D
[0.345, 0.044, 7, -29.256, 0.0453, 0.982, 0.96, 0.221, 0.0675, 90.43] 4f8vOdxAoeFABjX5iFXUCb
[0.17, 0.0765, 1, -19.675, 0.0447, 0.948, 0.49, 0.292, 0.0311, 83.99] 1Ejta1pApjXZmGxubTtCl0
[0.39, 0.0741, 0, -21.717, 0.0433, 0.989, 0.907, 0.103, 0.0645, 151.276] 21ri6itwoIRqTs07LXMyDG
[0.287, 0.062, 0, -17.854, 0.0351, 0.979, 0.671, 0.207, 0.0754, 68.574] 6cRfHSHSxyggJIWZbpBxqk
[0.349, 0.00635, 0, -35.94, 0.0537, 0.992, 0.906, 0.0803, 0.0397, 134.841] 027tpuxpj1ZfP90POLrlDD
[0.414, 0.0579, 0, -26.103, 0.052, 0.991, 0.885, 0.104, 0.103, 71.324] 5112pCqKpRdWQ3tX6YkWO8
[0.202, 0.116, 7, -19.756, 0.0349, 0.936, 0.971, 0.338, 0.0371, 68.856] 5gbBbzBnuat3nBDZWNHusF
[0.393, 0.17, 9, -21.919, 0.0692, 0.995, 0.854, 0.105, 0.0691, 115.227] 1gVXTJVSekOTCH8hhibcqi
[0.157, 0.113, 5, -22.058, 0.0347, 0.875, 0.922, 0.315, 0.0396, 72.364] 0tfZ8IjxoSCxsd7X6qqVX7
[0.186, 0.0477, 4, -27.206, 0.0319, 0.846, 0.941, 0.102, 0.0374, 104.884] 3ZKbM5C96IEQJKYN4n2SMF
[0.151, 0.168, 10, -15.364, 0.0463, 0.711, 0.849, 0.123, 0.0327, 136.343] 7AbvvetUXOiLPiibxKWtu7
[0.701, 0.341, 1, -12.26, 0.0418, 0.499, 0.903, 0.359, 0.163, 105.513] 5xbuJuQsTVheVZvX2AJVIv
[0.173, 0.196, 6, -16.3, 0.0409, 0.976, 0.848, 0.123, 0.164, 109.119] 0NQ9NrEQx22mr2CJc2h5J6
[0.191, 0.0582, 8, -25.398, 0.0577, 0.961, 0.89, 0.0939, 0.0453, 132.617] 3weNRklVDqb4Rr5MhKBR3D
[0.231, 0.0297, 2, -31.544, 0.0579, 0.991, 0.878, 0.0742, 0.07, 131.413] 0Dkibk70FDp6t7eOZNemNQ
[0.443, 0.0691, 3, -27.58, 0.0416, 0.539, 0.694, 0.0601, 0.16, 130.674] 0R2kOvnM17JCwwwq2myAW6
[0.332, 0.131, 2, -26.78, 0.0501, 0.993, 0.912, 0.0955, 0.0742, 117.9] 3jPGemJdr95abo520vyvVk
[0.14, 0.217, 7, -15.304, 0.0352, 0.909, 0.855, 0.0689, 0.078, 88.381] 6KpO4neDXxGdiEgsivZieY
[0.375, 0.196, 10, -20.598, 0.05, 0.992, 0.947, 0.115, 0.194, 125.268] 6n8i47IAkRdFVYFxzxLiQD
[0.267, 0.0363, 2, -30.535, 0.0422, 0.993, 0.904, 0.119, 0.223, 160.045] 4ACzyC5Lb0VUW5qsm3Zazt
[0.335, 0.0706, 0, -16.374, 0.0369, 0.977, 0.691, 0.131, 0.0739, 67.009] 6ABZeBMG6Dd3c6X2kW5Wi4
[0.0807, 0.0802, 5, -24.139, 0.0427, 0.963, 0.965, 0.105, 0.0672, 173.224] 1AY4d64mg8FuKW176MWi2J
[0.177, 0.015, 3, -28.921, 0.0361, 0.988, 0.847, 0.0878, 0.171, 75.023] 46Ncxkdpa6gGLZaH9ikVMm
[0.37, 0.0235, 4, -32.271, 0.0478, 0.986, 0.954, 0.0646, 0.189, 83.766] 62Boz6NDFyOT3tKkSWis2E
[0.156, 0.0794, 10, -20.327, 0.0438, 0.95, 0.831, 0.11, 0.0382, 142.385] 5aFCZJRVTbK95cJ1ENnHMF
[0.146, 0.0641, 10, -21.12, 0.0428, 0.952, 0.525, 0.0962, 0.0342, 92.41] 5b8uxS5iKHTorFh7SIwymJ
[0.185, 0.176, 9, -25.343, 0.0359, 0.936, 0.898, 0.0814, 0.403, 179.795] 2JoLCGtgRTwZXrxULaVtbd
[0.0876, 0.119, 9, -18.943, 0.049, 0.918, 0.0763, 0.222, 0.0505, 49.378] 19L1OmgS3pk9cpHj7XElad
[0.137, 0.0329, 1, -26.605, 0.041, 0.953, 0.963, 0.102, 0.0339, 142.993] 26XHJDaqxt4E471ssBKKVI
[0.298, 0.0077, 1, -31.83, 0.0374, 0.988, 0.917, 0.105, 0.0947, 127.022] 2tZJ6oE1cONe55GwfJ3I5s
[0.606, 0.114, 1, -19.599, 0.046, 0.979, 0.86, 0.0783, 0.17, 97.766] 7KV4gqeMF7DHrGjPGbnL85
[0.307, 0.069, 8, -21.019, 0.0435, 0.994, 0.93, 0.0888, 0.188, 168.759] 71i1AEesJA8TwXd1qBzz5t
[0.209, 0.123, 9, -21.345, 0.0384, 0.602, 0.912, 0.0672, 0.037, 91.485] 64Kd6HESjGCc8eTfUYtBLV
[0.255, 0.149, 4, -21.943, 0.0294, 0.978, 0.893, 0.0972, 0.428, 166.196] 1Eh1a7Fv5C3BA77EkGl65N
[0.264, 0.252, 8, -18.983, 0.0373, 0.95, 0.893, 0.0889, 0.0577, 92.4] 40xxJjik5w27b35ZIIBkfP
[0.0717, 0.115, 4, -22.146, 0.038, 0.962, 0.955, 0.073, 0.0392, 77.77] 5ZQ31qlgo4S5U1WEjZCz1V
[0.13, 0.118, 10, -24.035, 0.0419, 0.93, 0.921, 0.0997, 0.0742, 144.865] 1yDyQjyjTHM0UwbRVrY1B9
[0.0614, 0.028, 7, -27.709, 0.0428, 0.958, 0.923, 0.0997, 0.0371, 209.662] 3DfjOvvz0r0FqT8Afu4CBr
[0.45, 0.00274, 9, -36.215, 0.0619, 0.996, 0.967, 0.0722, 0.0666, 131.059] 4spRh4pB3fg6CNQ8JWjmXS
[0.125, 0.125, 4, -19.739, 0.0379, 0.837, 0.915, 0.145, 0.088, 86.036] 4321rvwv73Gc5eSoFOhJnl
[0.487, 0.454, 8, -17.822, 0.032, 0.935, 0.904, 0.0739, 0.328, 134.314] 2s1wKbhLOlfzdQsXpKN4ka
[0.37, 0.0615, 2, -24.823, 0.0362, 0.988, 0.929, 0.0681, 0.453, 141.559] 6vwsDlsRIbOJNxvuekeSdp
[0.174, 0.178, 1, -18.717, 0.0362, 0.994, 0.861, 0.0737, 0.0347, 167.972] 4yLSpYlcO0jPPLTa3nW8zN
[0.183, 0.131, 1, -17.785, 0.0401, 0.785, 0.899, 0.121, 0.0543, 111.851] 4rl0Zp21AhOflFl6ttv6Ou
[0.668, 0.384, 6, -18.522, 0.379, 0.176, 2.88e-06, 0.0891, 0.284, 89.983] 1r3Jm8gqgP59RtoOO6fWCj
[0.317, 0.0107, 5, -22.298, 0.0349, 0.99, 0.945, 0.09, 0.112, 96.397] 5vblU89cAXIS7YPNegdWWp
[0.102, 0.13, 6, -20.582, 0.0599, 0.928, 0.915, 0.124, 0.0513, 61.244] 3ZkrfcH4zIIgiczosFAYw8
[0.381, 0.123, 5, -21.296, 0.046, 0.952, 0.899, 0.108, 0.0972, 78.875] 4ZI7KGfYT2SgENTj6BUSBL
[0.299, 0.126, 9, -18.584, 0.0363, 0.992, 0.728, 0.126, 0.13, 63.132] 4x5b6dtKt0TTyJGVXSOVNK
[0.0641, 0.454, 0, -5.604, 0.0349, 0.697, 0.0265, 0.375, 0.039, 70.208] 0NjUuJ7gujQ6W6ycGKNpjD
[0.162, 0.182, 0, -18.124, 0.0425, 0.959, 0.374, 0.217, 0.0393, 83.123] 5yAmVvFYLycnOFbVzChsDd
[0.443, 0.0581, 7, -26.01, 0.0511, 0.98, 0.94, 0.0983, 0.0395, 137.073] 1zBa2BoRLzDuOvazsO8edd
[0.318, 0.000899, 10, -38.905, 0.0512, 0.996, 0.959, 0.0952, 0.22, 68.211] 7uXvHGhRmxCBw2Y2vPCLcM
[0.285, 0.142, 10, -22.301, 0.046, 0.991, 0.929, 0.109, 0.155, 115.612] 5TtM1IoaHk51lLEaIOagSz
[0.301, 0.0089, 1, -30.804, 0.0371, 0.987, 0.907, 0.101, 0.0897, 127.536] 4yskDwSLhNmIQgWfUYWQAB
[0.236, 0.0755, 4, -25.027, 0.0335, 0.994, 0.934, 0.103, 0.0857, 69.973] 5HqPtpRG0LHzpl8yX4w9S0
[0.224, 0.187, 0, -18.866, 0.0488, 0.993, 0.932, 0.111, 0.523, 206.068] 1rlp0Err7DDPV4mu3iWCwX
[0.51, 0.000795, 6, -38.561, 0.204, 0.796, 0.119, 0.0836, 0.266, 80.145] 4VClaJxxiq0CpxrQ87tvOg
[0.329, 0.00942, 6, -26.826, 0.0511, 0.983, 0.924, 0.188, 0.0844, 66.015] 03zGu9ziuYPDwYHbnMxhwv
[0.122, 0.072, 8, -22.293, 0.0379, 0.908, 0.877, 0.0979, 0.0347, 94.394] 6gFqMcrcwBVrrQjYhjLMLn
[0.165, 0.0715, 4, -24.355, 0.0387, 0.796, 0.831, 0.148, 0.0374, 93.291] 7BQQowNaXnjw0krq9PYue3
[0.388, 0.00699, 6, -30.046, 0.0591, 0.995, 0.865, 0.0704, 0.178, 135.554] 2E2ZcKSwslNWXKSca1aqkL
[0.164, 0.0341, 6, -26.94, 0.0422, 0.978, 0.856, 0.198, 0.0394, 131.175] 1MxEUIsEkXOhBebEsYaZXg
[0.111, 0.0448, 2, -24.343, 0.0462, 0.922, 0.812, 0.0862, 0.0621, 173.978] 1vPWZVneNcz76giRQEa0W5
[0.0886, 0.0117, 2, -26.015, 0.0499, 0.981, 0.74, 0.0853, 0.0566, 77.7] 7Dabf9Vk0evKb9JL4eHC6n
[0.166, 0.00586, 6, -33.292, 0.0357, 0.995, 0.872, 0.109, 0.0598, 69.788] 3HOayxEquivKhDaRc9l1Cj
[0.0925, 0.0457, 2, -26.369, 0.0499, 0.856, 0.821, 0.0884, 0.0362, 78.925] 3X31TDT7kvluTnGOssVA2N
[0.175, 0.0184, 0, -31.739, 0.0435, 0.989, 0.897, 0.0954, 0.0364, 117.142] 4Wd0qEg7rImWrz4wbWIrRR
[0.253, 0.122, 2, -21.327, 0.0427, 0.905, 0.471, 0.107, 0.158, 58.359] 7rZ0Lygi79qzNqXdusSSeI
[0.124, 0.0313, 4, -20.671, 0.0381, 0.968, 0.934, 0.232, 0.0349, 92.37] 0wwC37keTGXqjR4ix9YXIc
[0.0752, 0.0349, 10, -25.049, 0.0462, 0.876, 0.911, 0.0778, 0.0337, 80.48] 1QQ0Y4ViI98F3pyLCOGqIO
[0.347, 0.0116, 3, -30.816, 0.0521, 0.985, 0.924, 0.098, 0.0893, 66.794] 7dVvHvoU6QHuRoTWW4ZXEI
[0.0922, 0.184, 2, -20.736, 0.0393, 0.824, 0.842, 0.123, 0.0601, 87.084] 37T8Yzm0lG2f4QnNq5rToV
[0.26, 0.0713, 11, -26.797, 0.0425, 0.943, 0.00158, 0.252, 0.211, 76.908] 721ET5AzEosr29OooV1qdR
[0.179, 0.113, 9, -29.237, 0.0359, 0.951, 0.936, 0.0959, 0.245, 85.841] 4leo4sXBbMbkwLc2yAFnhw
[0.154, 0.0258, 5, -28.215, 0.0345, 0.976, 0.935, 0.0947, 0.0792, 177.006] 2kijQNEioSzwqJdykRWGUt
[0.169, 0.0992, 5, -20.883, 0.0364, 0.897, 0.861, 0.184, 0.0365, 126.774] 5xI72mqcztSRaNVsTN21Ly
[0.0962, 0.0468, 6, -25.757, 0.0391, 0.964, 0.955, 0.108, 0.0315, 88.605] 33gBlnxfZlfgWKymVtXi88
[0.123, 0.0196, 5, -28.269, 0.0388, 0.856, 0.829, 0.0735, 0.0361, 84.782] 2u3I6UuXvji6AZXUkpkZsp
[0.0851, 0.0152, 5, -31.009, 0.039, 0.955, 0.665, 0.107, 0.0303, 84.559] 4jNDWIMBrOcqBT9vFhFWSW
[0.0845, 0.0311, 8, -29.175, 0.0431, 0.968, 0.859, 0.0952, 0.0323, 83.129] 5mvN9MMQk3mHYJoiEpJSm0
[0.463, 0.0568, 10, -23.772, 0.0379, 0.993, 0.913, 0.0893, 0.0694, 62.864] 6Qe8pZXBTpIrLFZpAyfUnA
[0.2, 0.0328, 0, -33.206, 0.0412, 0.995, 0.898, 0.0888, 0.591, 140.152] 5Qg5Y3aGV3ygFVMwQqUQZT
[0.311, 0.00402, 1, -36.839, 0.0619, 0.995, 0.877, 0.148, 0.258, 68.463] 5FIxhQE63EBbMvL0wAxviP
[0.171, 0.0979, 5, -24.351, 0.056, 0.972, 0.949, 0.064, 0.102, 65.502] 0psxXAVJMxLe5bS0idsGku
[0.252, 0.182, 8, -23.793, 0.0442, 0.71, 0.575, 0.266, 0.259, 65.362] 3VkgF1RYPmqiI5xqL5zgIT
[0.161, 0.0144, 7, -28.46, 0.0462, 0.984, 0.756, 0.105, 0.0487, 132.711] 2iddmr6q3lyKGwazMqE1DR
[0.177, 0.0559, 0, -25.046, 0.0429, 0.935, 0.898, 0.0891, 0.149, 82.05] 3WZPTy5FPchBkHoPbaioyt
[0.17, 0.0101, 7, -27.551, 0.0401, 0.908, 0.919, 0.209, 0.0869, 113.241] 4uXwF7sOtzTj8K7Vrn4DUt
[0.127, 0.0281, 0, -30.331, 0.0384, 0.896, 0.776, 0.113, 0.0549, 96.468] 2deJSpJ4Vc08Pf6KrBAZGh
[0.159, 0.0289, 9, -27.245, 0.0438, 0.985, 0.00906, 0.0579, 0.0385, 132.18] 0QYIy4oUaO5L8JcoPnkPmB
[0.272, 0.0679, 8, -19.768, 0.0408, 0.98, 0.515, 0.0722, 0.0637, 99.385] 2mGKB9WJg8vxNregGnpGXD
[0.263, 0.0273, 3, -25.346, 0.0356, 0.988, 0.913, 0.0869, 0.126, 77.817] 6wun9V8KGAaWKI2r4wcZKR
[0.198, 0.0588, 7, -23.357, 0.0546, 0.97, 0.944, 0.1, 0.336, 132.934] 3QG6u5HVioD4vl3ql8Y29I
[0.134, 0.0825, 4, -24.914, 0.0382, 0.951, 0.845, 0.148, 0.0374, 83.236] 59vFjmqKzSbDsYkn5fM9L5
[0.0906, 0.0335, 5, -29.393, 0.049, 0.753, 0.884, 0.13, 0.0333, 86.631] 3OxesuZBVP1NhecPDm601f
[0.513, 0.00658, 7, -34.956, 0.0518, 0.996, 0.958, 0.0922, 0.481, 137.592] 5pBFfnUp61gIrtxvRKnOir
[0.149, 0.0565, 2, -23.796, 0.0357, 0.966, 0.541, 0.0894, 0.0399, 81.665] 3CTYP6Ny6jY0bFIW0zoWdX
[0.169, 0.0236, 0, -30.263, 0.0436, 0.96, 0.942, 0.0947, 0.123, 81.501] 26GEW1Un07L9b39aed6LAs
[0.466, 0.00298, 5, -39.498, 0.0525, 0.994, 0.93, 0.0593, 0.332, 111.565] 1w8U6xJW7RH4LRMdckHeos
[0.0834, 0.0616, 9, -22.191, 0.0387, 0.975, 0.922, 0.0816, 0.0346, 84.021] 4iWjmhgGOIyOpiS7eUYwKZ
[0.19, 0.0157, 5, -28.801, 0.0374, 0.949, 0.224, 0.0718, 0.0344, 90.867] 7dnUttda12VYstOmUkpYHN
[0.245, 0.141, 5, -20.894, 0.034, 0.99, 0.867, 0.108, 0.0408, 81.166] 7IoDjknFxFwVHOlLseevBX
[0.139, 0.0158, 2, -27.947, 0.052, 0.959, 0.807, 0.128, 0.0342, 141.143] 6zwkjkANnDAxzUdkNoQZJI
[0.536, 0.00276, 1, -30.112, 0.0666, 0.995, 0.93, 0.0702, 0.0786, 130.059] 6Fh8binVYlfAp3E2LgwZ3P
[0.385, 0.0684, 4, -22.673, 0.0555, 0.995, 0.889, 0.0798, 0.0376, 131.753] 2kF9eo4iAL2SsADZaAXrB5
[0.0984, 0.042, 10, -25.159, 0.0454, 0.958, 0.665, 0.135, 0.032, 89.427] 6ZZ9TlzKIcQs6gbcWP6USV
[0.0973, 0.112, 7, -21.859, 0.0404, 0.204, 0.789, 0.277, 0.0428, 88.652] 2TvzBL1dQeE5xo8UMgRLWA
[0.151, 0.0549, 9, -25.435, 0.0489, 0.92, 0.395, 0.0851, 0.114, 172.468] 7c9tEw6ZERWtysWS6JHw0u
[0.255, 0.0765, 9, -25.702, 0.0379, 0.985, 0.873, 0.113, 0.0821, 81.142] 6yJvkqMlGM6YLrCZhcVonz
[0.2, 0.0784, 7, -25.988, 0.0493, 0.781, 0.796, 0.111, 0.146, 70.19] 2yBWFMs9JEdP7p6gFD5E0P
[0.142, 0.143, 10, -22.725, 0.0434, 0.914, 0.979, 0.197, 0.253, 86.88] 7afP0rR4DOVNVovjzMMcfv
[0.165, 0.0871, 10, -20.545, 0.0387, 0.935, 0.467, 0.148, 0.094, 138.906] 2plhSMg3xB5mIHkxXBV3yA
[0.0652, 0.0111, 5, -30.656, 0.0474, 0.962, 0.949, 0.0639, 0.0356, 72.923] 2Q0TwULCtPw5B4TO8zpKSL
[0.173, 0.0123, 0, -32.494, 0.0387, 0.986, 0.939, 0.105, 0.0525, 68.064] 6SUsMvLqXpx0kkdsKsRPYU
[0.0689, 0.0549, 10, -23.542, 0.0563, 0.884, 0.751, 0.122, 0.0378, 74.221] 3mnN1Pd1JILXTsGzueUNe6
[0.159, 0.0819, 2, -24.242, 0.0447, 0.947, 0.58, 0.238, 0.0449, 84.612] 17F8Kp3aCiK1D9n9nvwX6Y
[0.477, 0.0254, 9, -30.369, 0.033, 0.967, 0.776, 0.0721, 0.306, 82.479] 1NwdNFEGMdnrBiQuylBnoZ
[0.0663, 0.0852, 11, -21.573, 0.0379, 0.916, 0.773, 0.135, 0.134, 59.544] 4tpuozAhxNg07XF5LH6cvE
[0.416, 0.03, 7, -27.559, 0.0415, 0.944, 0.873, 0.0873, 0.112, 119.741] 3vFZUcy4JAWsOKIBKjlMYT
[0.144, 0.0811, 0, -27.585, 0.0446, 0.82, 0.737, 0.124, 0.123, 89.269] 1iNEMVYEqLKfhurMYQ7spe
[0.167, 0.0632, 3, -24.125, 0.0446, 0.942, 0.156, 0.171, 0.0397, 99.792] 12JxMQ41bUt1EbrDVBqYif
[0.266, 0.0228, 5, -29.752, 0.0479, 0.979, 0.852, 0.0962, 0.106, 115.153] 4EYqZtVB2wUW0xZUwJdSlI
[0.0857, 0.0291, 7, -29.909, 0.0507, 0.984, 0.376, 0.161, 0.0361, 74.705] 7sBDNXzdDqq3QtbAwHUkIZ
[0.143, 0.0237, 6, -28.168, 0.0492, 0.986, 0.935, 0.0702, 0.0365, 65.235] 19aj0O6MIfpURxj94CBZan
[0.158, 0.0594, 4, -26.237, 0.0411, 0.921, 0.934, 0.103, 0.0829, 140.206] 0TXFTf3e7ld90IyyQQqPbC
[0.306, 0.0767, 4, -27.592, 0.0439, 0.965, 0.871, 0.0567, 0.096, 125.357] 5JeK3gvJQj7cwZx4SgJKsL
[0.396, 0.03, 1, -25.365, 0.045, 0.994, 0.876, 0.0936, 0.0314, 66.183] 4PGRlp6P8yB8q7OJOWkC8G
[0.185, 0.0758, 6, -27.747, 0.0474, 0.991, 0.0313, 0.0804, 0.0383, 107.584] 2Tc2HKtS6LnRF67mzznPgn
[0.33, 0.00788, 1, -26.764, 0.0429, 0.991, 0.933, 0.071, 0.0768, 94.143] 4fWVb7lQveZ8p9jSmaDjVE
[0.0818, 0.0864, 1, -21.778, 0.0526, 0.892, 0.713, 0.122, 0.0366, 84.08] 0kfW5IbJbXtnmllRQoDZwh
[0.257, 0.0605, 2, -29.701, 0.0554, 0.992, 0.886, 0.0749, 0.136, 165.441] 6fYbJgDM7T9lPsbY1bdmS7
[0.193, 0.0757, 1, -21.478, 0.0403, 0.99, 0.888, 0.0936, 0.0388, 81.528] 5GG7CTNwQWncGx7EdjowMq
[0.088, 0.0065, 2, -37.729, 0.0497, 0.984, 0.981, 0.118, 0.0347, 166.07] 4efmHtCyDKvNoJFjz7Wsi6
[0.323, 0.133, 6, -25.742, 0.0339, 0.932, 0.921, 0.118, 0.0356, 100.387] 3FstZWj7DvbyvBMeY7bxRF
[0.409, 0.0138, 7, -24.188, 0.0973, 0.994, 0.916, 0.0939, 0.0523, 75.65] 1ezD3HeX1dXZXVec8GMBh0
[0.384, 0.0414, 11, -23.019, 0.0378, 0.992, 0.897, 0.0684, 0.0618, 71.224] 5Pl2CXDkaP6WEnJ0bpKGOm
[0.304, 0.0234, 7, -20.614, 0.0486, 0.973, 0.966, 0.106, 0.036, 76.412] 0AFstC2N5L31Nk48eGuSQv
[0.221, 0.126, 0, -25.367, 0.0447, 0.989, 0.897, 0.0769, 0.216, 133.564] 4i8ly7ffzWu8nfKLI8SZFj
[0.228, 0.146, 11, -16.619, 0.0305, 0.983, 0.874, 0.0705, 0.0371, 99.66] 5ycAlNKKSyb0EUS1kA5Ipd
[0.448, 0.111, 10, -20.606, 0.0353, 0.991, 0.898, 0.0974, 0.0755, 74.76] 6iL0pob2CNH1KNXPsSl9Fo
[0.326, 0.0993, 7, -22.496, 0.072, 0.988, 0.916, 0.108, 0.417, 137.274] 5mRrklQD0rvuN6sV10HfPn
[0.223, 0.183, 9, -20.917, 0.0491, 0.988, 0.918, 0.103, 0.186, 71.934] 7JcglYj6qk3QPQSXPR9UVk
[0.286, 0.13, 1, -18.939, 0.0396, 0.981, 0.947, 0.119, 0.219, 79.816] 0mH9l3C0C3WTV4AhusmsMy
[0.23, 0.217, 10, -13.464, 0.0386, 0.989, 0.892, 0.0844, 0.156, 157.084] 4eYaDRhiL5iesFp2EuoODr
[0.285, 0.00323, 1, -31.788, 0.0428, 0.989, 0.944, 0.0705, 0.0399, 65.585] 4IGX4UOFxzRcRUaxC6PlIz
[0.252, 0.0691, 2, -26.124, 0.0506, 0.988, 0.917, 0.0998, 0.249, 150.221] 63v692IwILVoaGYLuW9KNp
[0.169, 0.0161, 9, -31.034, 0.0442, 0.986, 0.86, 0.0805, 0.0573, 128.143] 0jOnZhF75V68VsBObWx2XO
[0.155, 0.192, 2, -17.664, 0.0398, 0.946, 0.883, 0.101, 0.0565, 104.978] 2fXvAWQlomB2ZUfHPSqi5S
[0.148, 0.00261, 6, -36.152, 0.0367, 0.991, 0.918, 0.111, 0.0762, 68.931] 1Uld5u6GAksDqd6K8xnmGS
[0.314, 0.02, 4, -31.319, 0.0427, 0.995, 0.885, 0.0868, 0.307, 105.15] 4FddKCeFq1J6ALw9ZZ2P8U
[0.23, 0.0762, 7, -21.831, 0.0461, 0.987, 0.768, 0.0714, 0.0783, 73.227] 5jjYKNzTE6iTWK6Xr6n3uj
[0.433, 0.00824, 10, -29.236, 0.0516, 0.995, 0.886, 0.0742, 0.0807, 62.597] 2xEVhZew6VihAm4buanz2P
[0.406, 0.00645, 7, -32.739, 0.0453, 0.994, 0.935, 0.0895, 0.111, 59.156] 6jZj45D2jdR6fMEb58TlSc
[0.378, 0.0156, 0, -24.81, 0.0636, 0.986, 0.64, 0.142, 0.305, 125.348] 3T8qOmff5srzOHa14uTfKA
[0.507, 0.19, 8, -15.628, 0.0639, 0.987, 0.907, 0.11, 0.118, 179.221] 3WDjj4qNiMlArMHZFt9WyQ
[0.14, 0.248, 7, -14.361, 0.0456, 0.964, 0.929, 0.109, 0.0786, 76.286] 1y2VTYeE7Glc4UQF9kvuzj
[0.401, 0.0133, 11, -31.385, 0.0447, 0.996, 0.899, 0.0921, 0.066, 102.819] 40pWXzf0b893V7qfuU8w88
[0.209, 0.00299, 2, -33.974, 0.0491, 0.992, 0.955, 0.104, 0.039, 66.685] 4b59u2E74KcDuyHCRBkf5v
[0.228, 0.00272, 0, -38.686, 0.0496, 0.973, 0.0926, 0.0774, 0.0738, 66.941] 28LqsmaDKXDDzqhiAYqLzZ
[0.408, 0.0293, 7, -28.517, 0.0614, 0.981, 0.889, 0.135, 0.439, 116.383] 31CvpPHo8u00TmTzmUKZIO
[0.43, 0.00236, 7, -35.495, 0.0794, 0.995, 0.932, 0.0926, 0.371, 173.332] 7vuj72WTNRJfNaOBU4dTh1
[0.444, 0.0337, 3, -25.403, 0.0464, 0.994, 0.947, 0.115, 0.136, 116.073] 3NuBDQAPmxUbcbjY9lDggG
[0.371, 0.0229, 0, -22.241, 0.0477, 0.993, 0.911, 0.11, 0.141, 72.21] 6ljcjizmdPBfA8ltCtpqzb
[0.453, 0.0385, 9, -28.125, 0.0392, 0.995, 0.908, 0.0797, 0.155, 97.682] 7JCmSCrBUS9sebn2FjxWKB
[0.292, 0.101, 7, -19.78, 0.0376, 0.966, 0.896, 0.115, 0.04, 84.421] 3R3fvU2tZkS37H0tYjiOyQ
[0.436, 0.103, 6, -21.921, 0.0551, 0.994, 0.942, 0.174, 0.116, 95.03] 0eN0X7wnKFSHGk1YVowa48
[0.418, 0.269, 5, -11.773, 0.0342, 0.984, 0.867, 0.0983, 0.168, 135.92] 06XspRiZpjqVdXVdJNVxzB
[0.327, 0.00563, 8, -36.248, 0.0374, 0.993, 0.882, 0.115, 0.048, 67.351] 46kSY1nOCYLJVmTuC6cuHD
[0.237, 0.205, 7, -17.381, 0.0459, 0.937, 0.948, 0.638, 0.0704, 79.707] 6kiUS9iifCJEucumjIIArI
[0.194, 0.144, 2, -21.586, 0.0501, 0.971, 0.922, 0.0967, 0.043, 172.819] 0DaLmo1JEiiob5yWevJNxH
[0.212, 0.0458, 5, -13.128, 0.0431, 0.996, 0.845, 0.11, 0.247, 76.854] 1EJ3Bt8YMSzZWHmZomDTef
[0.361, 0.062, 2, -27.905, 0.0439, 0.987, 0.931, 0.102, 0.363, 109.682] 06MWWxWRuBtYxcJP71tN0q
[0.337, 0.0101, 5, -35.036, 0.0448, 0.991, 0.715, 0.102, 0.141, 136.719] 485ieTlwT0v8RalwQUtl19
[0.376, 0.00579, 5, -31.615, 0.0576, 0.996, 0.944, 0.0882, 0.0369, 71.827] 6fA0ItjPMuHOlmkeVpwU2w
[0.455, 0.00887, 4, -32.354, 0.0536, 0.994, 0.9, 0.0668, 0.413, 74.616] 3Ivf7gyRe76ob9VW45ilJj
[0.281, 0.0131, 9, -28.85, 0.0361, 0.99, 0.921, 0.0875, 0.0741, 72.744] 3iGGRjfZXYoYqYxNEYYbBX
[0.374, 0.113, 7, -20.557, 0.0529, 0.992, 0.917, 0.106, 0.0419, 95.007] 4imyXxsul98cYFhQyN4D6y
[0.0829, 0.0107, 9, -39.295, 0.0435, 0.983, 0.106, 0.0607, 0.0328, 83.142] 2dz4Rdp2hxzGbFoEuzfkzn
[0.252, 0.193, 5, -17.863, 0.0447, 0.971, 0.949, 0.108, 0.184, 82.903] 35pO11yyhKYnOv9L8pLwa8
[0.193, 0.0973, 2, -20.387, 0.0381, 0.981, 0.836, 0.0886, 0.0377, 119.465] 0Z81WpSPWqDIJeh7NRqAKI
[0.254, 0.0163, 2, -28.818, 0.0451, 0.979, 0.101, 0.0872, 0.18, 73.977] 424Na7LnxGnIbBH4wAtX0H
[0.0513, 0.0642, 9, -30.474, 0.0467, 0.971, 0.881, 0.0769, 0.225, 73.831] 0uBN8MWZDnMsFEGOIeDz44
[0.218, 0.0474, 7, -27.844, 0.0403, 0.926, 0.785, 0.138, 0.152, 113.551] 79pNCP7uoLzufikP6QjTkV
[0.157, 0.0114, 1, -27.428, 0.0469, 0.98, 0.081, 0.0655, 0.0304, 135.001] 6WYAMMtzTa8J3EMqWz8mdL
[0.179, 0.158, 0, -17.727, 0.0426, 0.725, 0.828, 0.13, 0.0375, 72.207] 1eeRBdZ22KoULKkPmLK5Kc
[0.144, 0.0615, 1, -20.882, 0.0404, 0.989, 0.915, 0.0927, 0.0374, 76.286] 6d8j9f2dBHjsLURCsGO55B
[0.118, 0.0191, 2, -23.86, 0.0452, 0.988, 0.8, 0.0927, 0.0766, 90.678] 7adKM9jXaCfnXFxOeZf0OE
[0.567, 0.00775, 9, -39.695, 0.129, 0.996, 0.944, 0.0654, 0.381, 77.566] 4oOIflViMVttUskTUOSC3Y
[0.171, 0.0717, 0, -24.973, 0.0524, 0.839, 0.766, 0.131, 0.146, 76.582] 3vWrAdF7h3LN4skYdJydQD
[0.162, 0.0345, 4, -20.703, 0.0403, 0.978, 0.897, 0.181, 0.0355, 138.977] 5c3QaDCLg5clINbXr3rTME
[0.102, 0.032, 4, -26.785, 0.044, 0.98, 0.933, 0.079, 0.0368, 69.523] 6TedhhLVDmgASTFtvGDe0L
[0.151, 0.121, 4, -25.046, 0.0536, 0.799, 0.0851, 0.0775, 0.0726, 88.935] 30LiWXN5RbJWVWUYxe4k8s
[0.21, 0.365, 3, -15.199, 0.0527, 0.843, 0.636, 0.0943, 0.0828, 84.816] 2kvOUrXzIvXxBp5u9vtPIA
[0.355, 0.00863, 3, -32.914, 0.0443, 0.984, 0.883, 0.0835, 0.0993, 61.81] 1VNvsvEsUpuUCbHpVop1vo
[0.323, 0.095, 5, -24.055, 0.0325, 0.992, 0.927, 0.0844, 0.191, 71.763] 2fsTiOtTYVg3n9IbdkGHm0
[0.319, 0.0215, 1, -28.806, 0.0398, 0.991, 0.952, 0.118, 0.0386, 125.313] 3G98iZXs933j4EkqACWfka
[0.467, 0.0804, 1, -26.8, 0.0359, 0.996, 0.943, 0.0586, 0.27, 65.188] 4HurhDS1c82xpWcQC5MG0M
[0.344, 0.0671, 1, -26.195, 0.0393, 0.988, 0.924, 0.141, 0.0945, 96.787] 38J3F2EqXt9DnRstJiziTJ
[0.335, 0.0118, 1, -23.89, 0.0406, 0.992, 0.933, 0.085, 0.0805, 91.146] 1hkdjNP14UrxyvkwEpakCo
[0.267, 0.0498, 10, -24.831, 0.0303, 0.99, 0.91, 0.0838, 0.0565, 67.78] 73tgOJYR1gIU2JnfyQJ0Gy
[0.547, 0.00176, 9, -37.757, 0.0535, 0.991, 0.97, 0.0567, 0.323, 82.196] 3zX1ijw7jqHtJhPYQ0WkEc
[0.185, 0.00969, 7, -36.306, 0.042, 0.985, 0.947, 0.0668, 0.0719, 70.524] 3OBAwHBWCnCzZSBJ6NyKi3
[0.339, 0.0386, 11, -26.335, 0.0362, 0.994, 0.929, 0.09, 0.178, 89.628] 5RKeGMv0FDNpVNsRugr36b
[0.218, 0.127, 0, -25.815, 0.0294, 0.991, 0.894, 0.134, 0.284, 88.083] 1coT5r3maj41mmTQ9mpMV7
[0.353, 0.0638, 5, -27.987, 0.0362, 0.99, 0.878, 0.0992, 0.246, 64.486] 36Niy0WjIrdrUQX68a9NzJ
[0.311, 0.00292, 9, -31.242, 0.0852, 0.993, 0.855, 0.0549, 0.0373, 88.038] 2c72HzR6e6yorfAL7u4Ryd
[0.273, 0.00202, 4, -36.759, 0.0474, 0.994, 0.914, 0.0669, 0.0854, 99.591] 1B6llCrOy0eq6Q9IvJqqEo
[0.332, 0.0102, 3, -25.535, 0.0569, 0.992, 0.903, 0.0822, 0.0886, 133.251] 26dLer2TnM0LgDO1lvfMia
[0.307, 0.0455, 5, -23.641, 0.0353, 0.994, 0.928, 0.0795, 0.124, 81.206] 6BgxR3WhWeit4cgGsD12A9
[0.218, 0.0309, 8, -29.185, 0.0342, 0.988, 0.914, 0.0684, 0.206, 80.255] 5z5SH0uaDFJ45vjDwnRa5Y
[0.193, 0.13, 1, -24.58, 0.0384, 0.987, 0.901, 0.112, 0.447, 149.012] 7mE5NQBGsVXVrfgMRHu2Dl
[0.296, 0.00942, 8, -25.431, 0.0363, 0.989, 0.929, 0.129, 0.0686, 144.388] 747mu2Y93OprJsUDt5fNUT
[0.438, 0.0261, 5, -31.51, 0.0363, 0.996, 0.938, 0.0543, 0.202, 79.965] 6Gin3BYJoOe5yXP9CJSdp2
[0.297, 0.0323, 6, -27.971, 0.0354, 0.995, 0.854, 0.107, 0.237, 64.322] 6BxIlRV1m9Vvr4AKF2yhvk
[0.205, 0.0331, 1, -25.827, 0.0468, 0.992, 0.906, 0.0894, 0.0571, 73.04] 0NEjiiAq4dbHVb8nCd7smB
[0.388, 0.181, 4, -18.955, 0.0363, 0.991, 0.88, 0.113, 0.183, 97.002] 2boq1IG9MJwcVub4P32taR
[0.278, 0.0786, 8, -21.344, 0.033, 0.991, 0.886, 0.106, 0.0394, 104.076] 1darDqs89adxadkNzPt3kj
[0.274, 0.118, 4, -17.681, 0.0581, 0.993, 0.897, 0.0783, 0.0393, 67.836] 6nkf9ntJGgzhD4m8HqH07T
[0.478, 0.417, 1, -18.019, 0.0522, 0.98, 0.891, 0.177, 0.221, 112.965] 7dqPoVfpfxmq04P0F03Gv5
[0.277, 0.0285, 1, -29.174, 0.0367, 0.994, 0.916, 0.116, 0.067, 71.63] 4aWn88CO7BD0E7FRFsCUC5
[0.484, 0.00765, 8, -35.91, 0.037, 0.996, 0.952, 0.146, 0.0681, 62.071] 1UjZQEvBeW4uZzgSruCMgh
[0.312, 0.0102, 5, -37.982, 0.0583, 0.995, 0.929, 0.115, 0.075, 85.235] 1amSVPZYNVCGqZbitJt4Tf
[0.436, 0.0227, 10, -32.131, 0.0468, 0.992, 0.953, 0.108, 0.355, 93.761] 31U0JxuwHx7R0jvBjgEnhB
[0.443, 0.00152, 3, -29.331, 0.0544, 0.992, 0.932, 0.0869, 0.244, 66.901] 1UcTbPaDsGfKqtD8k8FFkK
[0.384, 0.0644, 1, -26.027, 0.0453, 0.971, 0.873, 0.113, 0.961, 108.087] 7mJwZB5Y3njumIABxU1djC
[0.153, 0.0221, 4, -30.328, 0.0445, 0.977, 0.93, 0.0585, 0.0374, 77.46] 2OxziEQaUt5MRXppGYXGpu
[0.384, 0.0888, 2, -29.178, 0.0353, 0.983, 0.931, 0.35, 0.868, 94.948] 3Invk8oVxwDdJa1civjfxU
[0.164, 0.0317, 8, -28.097, 0.0415, 0.977, 0.931, 0.115, 0.0529, 73.904] 5dqqdikUDVWsvsFfDRHTdW
[0.525, 0.0013, 4, -40.585, 0.0632, 0.994, 0.935, 0.0744, 0.159, 68.67] 7xHTi4yw4WeTZn19p8oUO4
[0.441, 0.00518, 0, -30.6, 0.0744, 0.995, 0.911, 0.0571, 0.0365, 114.757] 7dVSJcKJHYfRG7OURogSCo
[0.572, 0.027, 0, -23.495, 0.17, 0.959, 0.908, 0.0957, 0.578, 135.548] 03tepVofu8mjSPGkwbz1Ei
[0.394, 0.0028, 5, -32.394, 0.0795, 0.993, 0.908, 0.103, 0.086, 76.168] 597zNgApe7O8njVGeDlEzM
[0.516, 0.0517, 0, -25.25, 0.0823, 0.994, 0.928, 0.111, 0.237, 91.211] 3FWHzIqLpT1Di1tVVLlla6
[0.351, 0.0561, 1, -30.098, 0.0512, 0.992, 0.887, 0.0892, 0.241, 77.248] 6lLhU4avJ0kSQjqnhionrL
[0.484, 0.0116, 0, -21.64, 0.105, 0.989, 0.813, 0.0847, 0.217, 174.172] 45RKgL15AYYD73GkpP221v
[0.392, 0.132, 9, -21.764, 0.0493, 0.988, 0.91, 0.108, 0.317, 99.282] 1Y3LUG0ARo6xnabcDbR5SG
[0.386, 0.00687, 5, -42.056, 0.0452, 0.995, 0.953, 0.0917, 0.11, 69.865] 7tiqYTYwCV01loyJv5MJQG
[0.351, 0.054, 11, -17.171, 0.0851, 0.986, 0.864, 0.0989, 0.0334, 170.009] 6ga0mSF6KxZ92ItF2qxbC7
[0.58, 0.00652, 8, -31.759, 0.102, 0.994, 0.961, 0.102, 0.545, 122.415] 66bYYIFovXZzQpppHaYDOx
[0.323, 0.0378, 7, -26.356, 0.0469, 0.993, 0.887, 0.0808, 0.296, 177.1] 08O4lueP2pAn0L7One0zJy
[0.555, 0.00539, 6, -33.905, 0.377, 0.99, 0.88, 0.0948, 0.0839, 78.019] 4Dpy9sR6akQs6G8dFBEivh
[0.444, 0.0229, 4, -28.008, 0.0373, 0.995, 0.883, 0.0673, 0.0564, 67.967] 19Hj5RN5Qi56hriCvuaPrD
[0.509, 0.0578, 0, -18.6, 0.0399, 0.992, 0.904, 0.149, 0.0848, 74.618] 6i8PKmx0fN8WE542qNhTJn
[0.475, 0.079, 4, -19.344, 0.0545, 0.987, 0.891, 0.112, 0.076, 117.071] 2YAXtcWbt3SAYwRr2TkMQ5
[0.301, 0.00124, 4, -32.984, 0.0822, 0.994, 0.918, 0.0709, 0.111, 83.486] 3VD55OjUjb1RjPqBQopRV2
[0.604, 0.0535, 11, -25.065, 0.337, 0.98, 0.939, 0.0912, 0.489, 104.218] 353BMA5WVlMvTAMDI7HRFn
[0.222, 0.0052, 2, -43.214, 0.0438, 0.995, 0.955, 0.122, 0.0588, 69.475] 4ntZQuJ5KhjAjEu7hVeYP9
[0.461, 0.00223, 0, -23.642, 0.0796, 0.991, 0.95, 0.0792, 0.349, 176.358] 3TkvfMtYUg1dy5vjgxaJlE
[0.387, 0.00217, 4, -35.211, 0.0592, 0.995, 0.917, 0.0685, 0.039, 85.724] 1zmdG1GzXlmQukSBEV5LLI
[0.438, 0.0507, 7, -23.341, 0.0443, 0.986, 0.863, 0.131, 0.205, 95.695] 4evQRDAFs9xYRxrN49rlKD
[0.453, 0.00464, 0, -30.62, 0.106, 0.995, 0.914, 0.0645, 0.246, 136.664] 5opB6y8hHuwT1GT1f96oqm
[0.303, 0.185, 0, -20.44, 0.0594, 0.98, 0.934, 0.134, 0.254, 141.641] 5jZyAdyAGVd7CVPGblzWks
[0.504, 0.025, 7, -19.958, 0.187, 0.973, 0.866, 0.149, 0.181, 175.754] 1LajXgC4mPMchscdlrg5An
[0.408, 0.0467, 7, -21.969, 0.0547, 0.985, 0.873, 0.153, 0.16, 79.111] 5g10RDvNekt2qIkXBz0DIC
[0.394, 0.0645, 2, -24.765, 0.0437, 0.967, 0.902, 0.11, 0.131, 140.536] 7Mszr1pGu7JE7DdzJAD4oE
[0.349, 0.00866, 9, -41.801, 0.0431, 0.995, 0.936, 0.143, 0.057, 129.408] 59nOY0ir56NgMNrapTWKVh
[0.431, 0.104, 1, -18.765, 0.0476, 0.987, 0.896, 0.104, 0.0487, 66.06] 0oNHeWW2RRyoHOzkxisgme
[0.565, 0.00815, 11, -24.719, 0.0832, 0.992, 0.945, 0.108, 0.259, 151.194] 2OmZTfcpJ920qJGab3KMzu
[0.494, 0.0239, 0, -20.804, 0.044, 0.969, 0.865, 0.123, 0.538, 144.877] 6Ayn5H4Zffc6YUjCYjidhq
[0.226, 0.00647, 0, -32.287, 0.0364, 0.991, 0.893, 0.111, 0.0481, 63.015] 4lz0kc8sx6rRkSTPm9mSNV
[0.51, 0.142, 4, -20.839, 0.0641, 0.977, 0.764, 0.0692, 0.33, 101.294] 0qhMCM4W6Nl7xuc7lIZjG2
[0.597, 0.0581, 2, -21.727, 0.193, 0.98, 0.828, 0.084, 0.19, 125.454] 3aRoPyTkPy6isKg0l1qgGh
[0.344, 0.00516, 4, -34.225, 0.0494, 0.994, 0.917, 0.079, 0.0363, 68.017] 7GZ5dlvZp788nLONAqDFkQ
[0.432, 0.131, 1, -17.916, 0.0664, 0.993, 0.941, 0.104, 0.141, 74.024] 7CK4YSK5HuhPkkNhvtnLRz
[0.249, 0.0871, 0, -24.273, 0.0505, 0.985, 0.897, 0.125, 0.0965, 93.584] 035NXgM6YGi0JtxIYgWFnT
[0.621, 0.0419, 7, -18.11, 0.0541, 0.992, 0.89, 0.092, 0.3, 101.382] 1ET0xrPw2Ym5idxItWUQkO
[0.345, 0.141, 7, -20.892, 0.0464, 0.986, 0.939, 0.126, 0.304, 66.831] 3LtOJCwjbj6R1YvzP6qkh2
[0.534, 0.000393, 6, -38.471, 0.342, 0.994, 0.946, 0.107, 0.271, 132.9] 1aFWi4HV1Z4HnPrFjzzxX2
[0.487, 0.0159, 2, -28.739, 0.0718, 0.989, 0.384, 0.0959, 0.424, 83.483] 4nLbQ11euzUA6PuvEoCuUT
[0.29, 0.0325, 1, -27.959, 0.0383, 0.99, 0.857, 0.0498, 0.0889, 78.733] 10G2sCl5hHGplN2Si3rKV9
[0.523, 0.0017, 4, -31.307, 0.0704, 0.996, 0.971, 0.0792, 0.401, 130.031] 6nrmPnQ14tjJj6ORomUtp9
[0.377, 0.0718, 8, -19.762, 0.134, 0.98, 0.867, 0.0975, 0.233, 180.4] 0Lwn09k662WCVsxcLUb3iM
[0.374, 0.0301, 6, -23.865, 0.106, 0.983, 0.865, 0.105, 0.158, 174.412] 5NKOeftEl1VChPhKzttlzJ
[0.316, 0.0308, 4, -31.873, 0.0357, 0.97, 0.925, 0.123, 0.235, 94.136] 7MapUPmx6ySZlHCVWMBwL3
[0.526, 0.0438, 7, -23.709, 0.0691, 0.969, 0.843, 0.098, 0.0549, 72.451] 17Su48qC1uB3v5f5WxCfiT
[0.307, 0.135, 8, -19.661, 0.0589, 0.986, 0.887, 0.1, 0.135, 71.654] 1iDsv5k8gvjfATgLQ8j58m
[0.329, 0.00106, 2, -42.641, 0.0659, 0.99, 0.817, 0.0765, 0.0433, 78.977] 1UWN2Og6N8clwUFIlstp5e
[0.23, 0.0743, 6, -23.347, 0.0577, 0.984, 0.863, 0.1, 0.129, 82.641] 6GSNCvQGi9gWlJuZi8a3OI
[0.357, 0.0127, 2, -22.383, 0.0557, 0.994, 0.869, 0.0504, 0.156, 175.904] 52chuoEslZXj2CiHqRmv9b
[0.423, 0.14, 2, -20.029, 0.0524, 0.993, 0.902, 0.115, 0.12, 76.915] 4oqYBbCFgog3PxXro0GiHy
[0.315, 0.0962, 9, -22.351, 0.0347, 0.978, 0.921, 0.0786, 0.249, 212.205] 1cysDGZ9EkwvlzTFouJrvf
[0.478, 0.00324, 7, -43.946, 0.0419, 0.994, 0.957, 0.119, 0.559, 57.621] 1YNiZgchh7KkyzDUYDww9U
[0.611, 0.0255, 6, -22.159, 0.3, 0.985, 0.847, 0.182, 0.399, 93.284] 1U9ByA3s93dePskTtJ9xIO
[0.533, 0.00167, 9, -37.331, 0.071, 0.994, 0.898, 0.0666, 0, 74.122] 3ydCa0nsjNUrpuvoAYbHMn
[0.405, 0.135, 4, -21.669, 0.102, 0.989, 0.904, 0.126, 0.1, 173.754] 1ZBVO5mWfXOm6j7VcKbhy1
[0.332, 0.00853, 6, -29.421, 0.0345, 0.991, 0.949, 0.128, 0.0388, 77.239] 0maJphUpdkS98GMulkSgp5
[0.313, 0.0889, 1, -20.766, 0.049, 0.989, 0.923, 0.124, 0.383, 84.246] 6m3AJo2baFrIahyp1kDnwj
[0.333, 0.00403, 8, -32.337, 0.0771, 0.992, 0.946, 0.0762, 0.139, 76.666] 5h8xfPLth0isyv1YRzupGf
[0.386, 0.116, 4, -22.419, 0.0547, 0.988, 0.935, 0.105, 0.146, 86.055] 0Fjf3IoSqPZMrk7zXl2oh4
[0.43, 0.0274, 2, -22.733, 0.078, 0.983, 0.876, 0.088, 0.642, 142.865] 1spPcdBupTAJMKdOwCny00
[0.427, 0.104, 7, -21.546, 0.0584, 0.99, 0.942, 0.211, 0.111, 76.226] 6suLzEm3z5kdGnaCWloOkK
[0.531, 0.0125, 0, -17.457, 0.122, 0.992, 0.849, 0.0912, 0.391, 171.181] 6BppwJDNTWIJr8Lt2Dskmw
[0.391, 0.0642, 1, -21.543, 0.0376, 0.989, 0.883, 0.17, 0.151, 134.318] 3z3leskZnUft7Xtdv0KS6Z
[0.219, 0.00351, 6, -38.959, 0.0519, 0.994, 0.912, 0.0642, 0.169, 73.339] 5b7Pcrh76V13Lc7CZQv1zN
[0.45, 0.165, 2, -16.556, 0.0513, 0.987, 0.928, 0.127, 0.0553, 73.201] 7C5M4dtkHWxU53rXAP7giZ
[0.36, 0.0565, 4, -31.426, 0.0407, 0.993, 0.92, 0.101, 0.656, 95.509] 0fAcLxWSzz89P2OclAhzSH
[0.687, 0.09, 0, -16.972, 0.0693, 0.984, 0.705, 0.14, 0.527, 102.675] 6jKKGFGt5eiF5WX0qvX2cP
[0.347, 0.038, 7, -26.721, 0.0681, 0.99, 0.866, 0.101, 0.114, 85.353] 7u3Nq1yHps9UGIoORAcHFj
[0.396, 0.0054, 10, -33.558, 0.0422, 0.995, 0.929, 0.072, 0.0611, 68.88] 5s83Rvqt2rb303g3J0EcxC
[0.276, 0.116, 8, -21.646, 0.054, 0.989, 0.905, 0.095, 0.213, 96.96] 3XCsGBt88gRjDeQC26MhK5
[0.426, 0.00305, 2, -40.929, 0.0448, 0.994, 0.948, 0.101, 0.368, 86.689] 3x2iRtELdbzoX7KjqEaqb5
[0.529, 0.156, 4, -16.143, 0.0573, 0.987, 0.87, 0.113, 0.118, 108.305] 0q5M4Udey3eYycn0kdPwY6
[0.335, 0.0543, 4, -23.695, 0.0381, 0.991, 0.841, 0.108, 0.0385, 138.098] 6BrnerJc68wNojAMS5BFkw
[0.397, 0.0771, 3, -21.169, 0.0491, 0.995, 0.923, 0.103, 0.42, 68.367] 1OExcb13zNXf5EGjY4jfNb
[0.294, 0.194, 7, -20.188, 0.0465, 0.987, 0.904, 0.0977, 0.256, 134.695] 59HZRWfzJOce0KdZz2y0M2
[0.329, 0.00238, 5, -22.866, 0.0626, 0.965, 0.246, 0.0846, 0.355, 177.081] 01czUENsMatxvh33PXYwl4
[0.353, 0.255, 9, -17.82, 0.0577, 0.984, 0.895, 0.141, 0.215, 129.024] 7dkeoMfNaLLT7KXdCPB7JN
[0.459, 0.00545, 0, -45.186, 0.207, 0.995, 0.958, 0.137, 0.582, 66.001] 67RQZZm4Qqr8wU7vbf6oCk
[0.538, 0.605, 10, -16.833, 0.106, 0.984, 0.779, 0.11, 0.473, 145.564] 4jJyKkYUue2rxYQB4otccl
[0.381, 0.132, 7, -20.517, 0.0771, 0.966, 0.888, 0.0858, 0.215, 83.352] 02TEWpbeJfGFC6rIIfYXC4
[0.275, 0.0642, 9, -24.632, 0.036, 0.99, 0.931, 0.119, 0.187, 80.455] 7wliZqrYC6LVpT2Ztamxz7
[0.416, 0.217, 3, -14.955, 0.0453, 0.981, 0.886, 0.145, 0.0715, 69.454] 7rbIc15HCYm2xkzLAMZq98
[0.477, 0.00213, 2, -25.674, 0.0531, 0.987, 0.91, 0.0683, 0.0396, 64.604] 4L6tqbGKD1Da6BW7afxfhG
[0.496, 0.0852, 0, -18.056, 0.0552, 0.941, 0.87, 0.149, 0.374, 130.384] 7BYC6ZJWVT9RxsRtuHbgUx
[0.345, 0.0392, 1, -27.736, 0.052, 0.979, 0.926, 0.0919, 0.161, 84.989] 2mUVWbkIn3GkhbazQ5Y2VE
[0.378, 0.277, 3, -18.68, 0.0655, 0.956, 0.921, 0.183, 0.0756, 83.317] 5Rw7Xgd14MwXRZRTzLvU7j
[0.527, 0.126, 5, -18.867, 0.0603, 0.989, 0.903, 0.177, 0.571, 95.465] 1cDy6EKrzkqu8rfoEHZtcZ
[0.502, 0.18, 7, -22.16, 0.0388, 0.977, 0.904, 0.0828, 0.535, 92.024] 1BzFb2nEgWxiHNwBJK2SKU
[0.502, 0.00674, 4, -26.915, 0.0763, 0.994, 0.908, 0.0849, 0.0837, 79.497] 5rUZWSj81QUmNkVq23nujm
[0.462, 0.164, 3, -18.918, 0.124, 0.984, 0.914, 0.116, 0.126, 114.151] 0IJTSbHY8KMiossSwHftg4
[0.414, 0.0146, 6, -29.252, 0.0448, 0.99, 0.759, 0.0855, 0.183, 96.445] 3gKeKHpp7QoBRp8QyTXJ5r
[0.505, 0.03, 0, -24.738, 0.117, 0.988, 0.939, 0.0872, 0.122, 135.854] 1rixzldsbKD34Lh6WBuEcS
[0.363, 0.116, 0, -20.477, 0.0492, 0.993, 0.912, 0.155, 0.293, 146.64] 32dRY1qHQ1ZfzhOjfg2Ina
[0.525, 0.113, 5, -23.702, 0.0563, 0.995, 0.913, 0.103, 0.508, 134.431] 6yZV21EWAFjeAqm66MAMuq
[0.511, 0.131, 9, -16.863, 0.078, 0.972, 0.888, 0.116, 0.0957, 110.601] 3XwvJun0MEWV6Cu8D5ztpC
[0.222, 0.0159, 3, -25.586, 0.0555, 0.991, 0.89, 0.0975, 0.543, 178.686] 7eXe5CacYQqyj5Ekb5FCUA
[0.557, 0.118, 9, -21.674, 0.151, 0.978, 0.862, 0.0928, 0.473, 76.999] 5xNNEnHhg7dt65duiNlKui
[0.393, 0.0311, 2, -28.368, 0.0423, 0.987, 0.826, 0.0841, 0.214, 56.91] 4SiSXm5M63daunookiD9Fe
[0.349, 0.00201, 6, -33.656, 0.0486, 0.994, 0.896, 0.0971, 0.175, 126.279] 1BjoyAMJBUohQVuVUPeVTU
[0.447, 0.025, 2, -24.267, 0.0675, 0.995, 0.926, 0.119, 0.14, 125.918] 0R49bUdsqSFiYaCg914wAE
[0.312, 0.187, 4, -18.275, 0.0394, 0.979, 0.906, 0.135, 0.0897, 78.698] 4NUDXQpVw5nec2ZExLD89f
[0.397, 0.0321, 1, -23.403, 0.0492, 0.993, 0.96, 0.0999, 0.036, 81.369] 2m7Tsza700PgP389ekaX5M
[0.55, 0.127, 9, -21.579, 0.148, 0.983, 0.94, 0.0758, 0.358, 119.376] 4kjA1IVAoElsGTCHIQ9Fh5
[0.568, 0.0136, 6, -31.242, 0.581, 0.955, 0.55, 0.0912, 0.18, 138.96] 4ahUUz7AMCgVZ0HeLAE3ps
[0.549, 0.0503, 1, -21.627, 0.144, 0.976, 0.903, 0.0759, 0.132, 97.268] 1z7Rk7koAYM2EXpk0mLyjN
[0.358, 0.13, 7, -20.634, 0.0404, 0.991, 0.907, 0.132, 0.256, 105.384] 2FZzZEOIhKoaCSt5qCSGIY
[0.48, 0.0254, 2, -22.729, 0.0394, 0.995, 0.934, 0.136, 0.101, 133.082] 3rfvA228ZIAALCagvRi2YV
[0.477, 0.0209, 4, -20.296, 0.297, 0.979, 0.872, 0.114, 0.113, 78.937] 5ihQhOsCrnhmWc1o4662Qq
[0.536, 0.0862, 5, -20.729, 0.106, 0.994, 0.908, 0.15, 0.395, 129.433] 2mw4ZurAlU18axGEFW1uCA
[0.422, 0.00184, 1, -36.809, 0.0515, 0.992, 0.915, 0.0848, 0.0763, 104.82] 69WcbvJ6r5WFMTGluLFUmq
[0.424, 0.0429, 4, -28.133, 0.0613, 0.966, 0.608, 0.123, 0.259, 67.777] 7mBfPlV77hz5SyRgU0P5ga
[0.462, 0.0525, 6, -23.399, 0.111, 0.991, 0.882, 0.095, 0.694, 73.855] 4z7cK4bFLpPpJdjzWVJK7Q
[0.477, 0.0768, 7, -18.557, 0.095, 0.967, 0.908, 0.0883, 0.0885, 127.28] 73jBvHVjySwFPkxSZa6xSb
[0.587, 0.00318, 8, -32.958, 0.0869, 0.995, 0.968, 0.0835, 0.464, 65.11] 0EpjqwfKQ2IKLgELM7E2pX
[0.404, 0.0313, 10, -19.938, 0.0541, 0.986, 0.904, 0.11, 0.08, 73.819] 5Dn5wLvW1DrFA2rNgE5dwE
[0.35, 0.181, 0, -18.915, 0.043, 0.988, 0.899, 0.153, 0.181, 85.199] 6xKrQAtHqqTMWydiHXkW3P
[0.411, 0.00261, 1, -28.569, 0.0506, 0.992, 0.858, 0.0515, 0.0984, 117.122] 57uz4HFy8x5RlMejWvRSEO
[0.355, 0.119, 5, -18.839, 0.0498, 0.983, 0.898, 0.118, 0.115, 124.113] 2F4eIkZRKhyIIOAM3qLOJu
[0.499, 0.0993, 5, -20.271, 0.0585, 0.993, 0.846, 0.114, 0.358, 101.475] 4iCXYzDuGH1K7InOqzN6Tx
[0.461, 0.0376, 2, -21.629, 0.0413, 0.993, 0.924, 0.113, 0.182, 63.729] 5r0dJCB4hdwoD5Nv9oXoDi
[0.575, 0.00988, 1, -25.699, 0.104, 0.988, 0.93, 0.0935, 0.378, 79.55] 4C9FbQIpGuK8Yqr5lxrxmR
[0.309, 0.0435, 5, -19.791, 0.0479, 0.988, 0.928, 0.129, 0.484, 82.83] 4kGFR3QeYw0edwYZ9H5Xy8
[0.566, 0.0751, 6, -19.573, 0.0458, 0.989, 0.918, 0.118, 0.0974, 63.785] 6Hm2KXHekOF2uPMLbnXZx0
[0.601, 0.00166, 6, -29.126, 0.0752, 0.995, 0.942, 0.106, 0.277, 104.153] 7znzI2kF6iXgu1g88pRGet
[0.387, 0.0546, 0, -25.745, 0.0717, 0.991, 0.844, 0.139, 0.106, 60.016] 5xn42QXKfWKLATAWl0m0C4
[0.455, 0.0745, 6, -20.484, 0.0477, 0.992, 0.91, 0.179, 0.116, 74.486] 49bKbmY5L5bTefFVdEbis0
[0.4, 0.0155, 4, -27.11, 0.0427, 0.992, 0.931, 0.115, 0.192, 163.267] 2YPW5BwrneqeMk1M1v1kgG
[0.466, 0.0919, 6, -20.414, 0.0509, 0.988, 0.902, 0.126, 0.112, 77.263] 0A81bRY7mlnqwv0GinQf9J
[0.347, 0.176, 1, -23.188, 0.0511, 0.982, 0.961, 0.0876, 0.0447, 122.528] 0hwVfJLOcQvlZobOLaCN5A
[0.237, 0.015, 8, -33.829, 0.0426, 0.993, 0.874, 0.123, 0.141, 66.39] 5U2ij4TT4bioNVq6mQCqbE
[0.335, 0.17, 11, -20.601, 0.0432, 0.985, 0.831, 0.125, 0.151, 71.461] 5ss4dyP9F0bkCuFbL7wylV
[0.547, 0.108, 10, -22.116, 0.0737, 0.988, 0.893, 0.0926, 0.428, 73.663] 58WarhwtAtRBwCSG3fZha6
[0.516, 0.0387, 2, -25.468, 0.0487, 0.996, 0.943, 0.0724, 0.135, 70.13] 5Ps6npGkidLGxn5zBhos8u
[0.573, 0.0999, 7, -17.416, 0.0554, 0.974, 0.876, 0.112, 0.384, 134.746] 5n1lWZVdKRkkZhuyIDBjP6
[0.49, 0.0884, 8, -27.581, 0.0505, 0.994, 0.853, 0.177, 0.599, 99.52] 3uCU5CN92ASMF1ocOgfFoJ
[0.336, 0.0823, 0, -19.742, 0.0397, 0.991, 0.905, 0.107, 0.0758, 119.723] 033TU0k87yOx41h2UIyVae
[0.253, 0.157, 7, -21.807, 0.0422, 0.988, 0.87, 0.15, 0.215, 142.685] 5aSBaYby0s1iBM4eF9lPr6
[0.372, 0.0015, 4, -41.446, 0.085, 0.992, 0.931, 0.0827, 0.0691, 72.657] 2Ti3DbAZNGRpxb4UZA7bSE
[0.477, 0.0873, 0, -20.652, 0.0459, 0.989, 0.89, 0.112, 0.362, 87.194] 1WK64vAeM4RfLImdumGXLq
[0.349, 0.00751, 0, -33.351, 0.0393, 0.996, 0.865, 0.108, 0.0689, 107.856] 5UimgHyQCtkoEk2CVwAI2j
[0.339, 0.104, 7, -17.502, 0.058, 0.96, 0.88, 0.2, 0.337, 181.867] 0KHOM703YLuv8cu9DYMHkC
[0.283, 0.309, 6, -19.82, 0.043, 0.988, 0.828, 0.135, 0.81, 154.175] 20sijJurnRj8ezLhsUkw2D
[0.304, 0.0645, 11, -23.289, 0.0548, 0.98, 0.925, 0.0751, 0.05, 103.703] 7rOrsRJMSI8B97gpzoFsbn
[0.385, 0.13, 3, -17.412, 0.0538, 0.985, 0.906, 0.121, 0.0782, 69.161] 1928IvGle8TUxcZ2UWbkGZ
[0.396, 0.00413, 7, -38.837, 0.0394, 0.996, 0.948, 0.107, 0.329, 66.386] 2aYJcfEYfxoGDwDV7JTgiC
[0.435, 0.213, 2, -21.353, 0.0745, 0.988, 0.922, 0.173, 0.35, 122.643] 54RxJDh03App31O4yxqn6y
[0.379, 0.00369, 6, -35.661, 0.0454, 0.988, 0.814, 0.0752, 0.0364, 70.196] 3vSkDjOSOVgNUGjWDiPw63
[0.447, 0.12, 7, -22.619, 0.079, 0.971, 0.841, 0.0679, 0.207, 83.666] 3yKjp0TAevEv626gh2wMO5
[0.563, 0.000727, 8, -22.512, 0.599, 0.989, 0.956, 0.089, 0.341, 129.074] 2hou2Zp13wFwrRO2kKZR5j
[0.459, 0.0973, 8, -20.985, 0.043, 0.982, 0.966, 0.133, 0.252, 85.051] 3LyqOqAQHLjR5wbCdEXt0h
[0.399, 0.001, 1, -40.698, 0.0547, 0.99, 0.879, 0.0808, 0.11, 111.673] 3i8NSfH7eOdZeBY1E1eZ0M
[0.409, 0.0305, 7, -18.092, 0.0622, 0.994, 0.937, 0.105, 0.179, 171.849] 4tHFzri5rD0v08crun8JGJ
[0.437, 0.0848, 8, -15.796, 0.0539, 0.988, 0.9, 0.114, 0.127, 63.996] 1vOUKMAfyKp2WBHLt2TEpi
[0.215, 0.00585, 7, -33.938, 0.0403, 0.995, 0.926, 0.131, 0.0676, 62.296] 1teOoJVpui5pLQCnTJw6ee
[0.476, 0.123, 0, -21.662, 0.0598, 0.989, 0.695, 0.142, 0.239, 121.174] 5xN3h3nSIuKGI2gto7A0cA
[0.342, 0.15, 1, -21.463, 0.0502, 0.987, 0.916, 0.0558, 0.538, 84.237] 20urqfpsR53FH6R230C3zE
[0.415, 0.0361, 0, -24.668, 0.0859, 0.99, 0.912, 0.106, 0.146, 167.841] 4jtdEAAd9xWwEX6wSx9p9Y
[0.307, 0.0808, 8, -28.22, 0.0587, 0.983, 0.887, 0.119, 0.236, 131.162] 3v0OypCQ53z3edxyUoTek4
[0.42, 0.233, 9, -15.258, 0.0437, 0.958, 0.899, 0.228, 0.119, 137.524] 0zgamqgl0JOLqg7TjsZvLK
[0.313, 0.0687, 0, -19.514, 0.0447, 0.979, 0.927, 0.112, 0.224, 182.531] 2qbJOe75oj6mH89kb481Af
[0.328, 0.0463, 7, -24.896, 0.0693, 0.994, 0.913, 0.147, 0.331, 118.991] 7rbVqasw9H1MUmvBNevIQZ
[0.281, 0.00558, 10, -27.497, 0.0614, 0.994, 0.908, 0.0765, 0.0399, 79.226] 687p50vP9rflKHBREtKQOf
[0.512, 0.0494, 1, -25.056, 0.107, 0.993, 0.923, 0.0733, 0.165, 119.372] 2OHqPi1YOsCmuoYSunORMv
[0.707, 0.0036, 8, -27.23, 0.413, 0.993, 0.955, 0.11, 0.312, 63.971] 1IIJnMukbf54Ze2ZgK7pGu
[0.445, 0.102, 9, -19.439, 0.0446, 0.985, 0.887, 0.119, 0.143, 107.285] 4dkELnYrxSJK0x42hSDAmw
[0.585, 0.000549, 1, -39.408, 0.597, 0.995, 0.955, 0.132, 0.18, 132.291] 0dGiMPar62D7w5OK7Jymic
[0.351, 0.0727, 5, -22.094, 0.0479, 0.976, 0.841, 0.0973, 0.4, 173.285] 1pOfw702Qn1ivZfOQvX9IF
[0.425, 0.147, 2, -18.55, 0.0447, 0.984, 0.927, 0.069, 0.158, 125.647] 0mCyqgHkYuXP0slLWrtlCJ
[0.636, 0.0482, 10, -27.549, 0.0935, 0.995, 0.947, 0.094, 0.138, 74.138] 08QxsY4rQo71YyrDyDAlzm
[0.429, 0.121, 0, -17.242, 0.0349, 0.927, 0.91, 0.112, 0.412, 84.637] 0XM3wWLgBYfMy2OxIqB1Zu
[0.45, 0.052, 0, -27.862, 0.0443, 0.986, 0.907, 0.137, 0.153, 111.867] 4e8ohMHpfAHqCbTehEdhM4
[0.443, 0.00271, 2, -40.712, 0.0432, 0.988, 0.627, 0.0631, 0.0578, 127.608] 1SRWueGfUYNcJLNC6djBTy
[0.47, 0.19, 10, -14.157, 0.0451, 0.979, 0.918, 0.123, 0.254, 78.983] 5Ts4lBKBv14Im4P0VXhyyi
[0.641, 0.0165, 1, -22.439, 0.166, 0.988, 0.857, 0.164, 0.484, 70.336] 7bZ849Jen2GuAzjYqaeN71
[0.388, 0.0223, 9, -17.778, 0.381, 0.981, 0.848, 0.106, 0.0754, 67.091] 2BT5otzZpcrNO2WurDx6h6
[0.332, 0.109, 9, -16.767, 0.0828, 0.956, 0.911, 0.0792, 0.151, 66.12] 59ylIxlU1n3lvnYIClEjkV
[0.341, 0.196, 0, -19.075, 0.0513, 0.988, 0.937, 0.153, 0.177, 151.429] 5mK0pkZ6KyWSm9aQ4g9e2I
[0.398, 0.108, 3, -19.153, 0.0472, 0.994, 0.911, 0.189, 0.295, 171.831] 34LEB7ne3uCdHpX2LGCF1I
[0.353, 0.237, 7, -19.715, 0.0648, 0.986, 0.853, 0.059, 0.201, 125.908] 0DFLfPK2PW3DtsB8Oeskxa
[0.341, 0.000825, 8, -39.799, 0.0593, 0.99, 0.967, 0.111, 0.124, 130.343] 4lauCupOhk6CmVfKWGnbSZ
[0.506, 0.0568, 7, -19.094, 0.0515, 0.99, 0.919, 0.123, 0.0827, 101.298] 7kNhpNLhUjAXIsGV5bQaEt
[0.419, 0.187, 11, -18.982, 0.0657, 0.99, 0.939, 0.129, 0.534, 193.466] 0g7hd0EnKS4fWi1WA1GUX4
[0.474, 0.0311, 6, -25.217, 0.353, 0.99, 0.921, 0.108, 0.115, 92.822] 6F6KCjCN5Nc7mmkEI2f6pm
[0.574, 0.0573, 2, -27.493, 0.113, 0.995, 0.945, 0.0809, 0.372, 63.433] 0O7pkPro3WGZ1ThrXWV0mN
[0.557, 0.135, 6, -27.939, 0.268, 0.989, 0.92, 0.112, 0.157, 126.902] 6ZXKWH6Xs7GqqI4hMWThRq
