[0.839, 0.922, 0, -3.166, 0.0568, 0.0215, 0.00936, 0.0548, 0.328, 122.986] 6quwZWSOygVjpaTG84whzq
[0.682, 0.889, 11, -5.125, 0.0717, 0.0431, 0.00652, 0.592, 0.845, 126.173] 2dJyoz4FU3yDrkH6ObwKpo
[0.552, 0.978, 6, -4.398, 0.0519, 0.00129, 0.102, 0.234, 0.308, 125.993] 32JXzKaBhI8ntnKg3rW84v
[0.833, 0.886, 11, -6.767, 0.0573, 0.000431, 0.00451, 0.11, 0.604, 122.025] 4cWafPsRizm6woL5j4HNTD
[0.635, 0.878, 0, -4.753, 0.07, 0.0103, 0.538, 0.338, 0.414, 125.002] 0uif0Lvh62KQ8GIFY594M7
[0.76, 0.964, 2, -5.844, 0.0576, 0.00182, 0.7, 0.0974, 0.641, 125.0] 6ho0GyrWZN3mhi9zVRW7xi
[0.496, 0.966, 2, -3.568, 0.0407, 0.00611, 0.953, 0.0671, 0.0615, 126.017] 14xRN4tmWY5ZY7bTNmMUos
[0.659, 0.963, 0, -5.934, 0.0972, 0.078, 0.0308, 0.128, 0.452, 122.021] 0aVgtoMX4a2Av4l4WL56ll
[0.786, 0.887, 11, -3.886, 0.0518, 0.0263, 0.812, 0.338, 0.682, 126.982] 0fbXFYtHPpq5fVNRGjxZrC
[0.838, 0.88, 7, -6.3, 0.044, 0.0023, 0.332, 0.0447, 0.743, 121.997] 064PIXni8eIfwYocDoCBUD
[0.531, 0.987, 11, -3.744, 0.0538, 0.00125, 0.612, 0.376, 0.542, 126.002] 1CUkfvM95YZCPlHxeU6laS
[0.824, 0.931, 7, -3.834, 0.259, 0.00476, 0.000673, 0.52, 0.663, 123.998] 4TTgSI6H0ha8j16xuB8dmQ
[0.613, 0.961, 6, -4.252, 0.0312, 0.0133, 0.0212, 0.213, 0.166, 128.012] 1ndptsbP6s7WV3fTnp1j74
[0.718, 0.944, 1, -5.041, 0.0386, 0.00518, 0.477, 0.114, 0.354, 125.004] 122vZqxDr7xtRuNhZZPUda
[0.726, 0.959, 2, -4.421, 0.0717, 0.0121, 0.0886, 0.0437, 0.691, 126.019] 0VPTpC1ZLQRoz1n06mksVZ
[0.664, 0.8, 1, -6.587, 0.0448, 0.000861, 0.163, 0.0832, 0.318, 123.994] 7dX17Wj6NWLALffTQURbNa
[0.789, 0.692, 3, -5.966, 0.0475, 0.001, 0.861, 0.0505, 0.774, 121.998] 7nionv2ijjqUlg9m5iWPTc
[0.592, 0.946, 2, -4.863, 0.0618, 0.00051, 0.397, 0.329, 0.1, 125.964] 26VQvcUzPMLc1Jd8oDEbfl
[0.582, 0.953, 5, -6.113, 0.0567, 0.00136, 0.00197, 0.324, 0.12, 138.025] 0yrlRdgnfEFvk5zlZ9yCKy
[0.568, 0.968, 7, -3.772, 0.109, 0.0004, 0.397, 0.0954, 0.313, 125.998] 2D5Fi0jgFCo2kWJ84wAxWb
[0.782, 0.979, 5, -1.817, 0.0663, 0.184, 0.624, 0.326, 0.935, 127.922] 3PDWPFwYvEGlgcAgDP1ZCs
[0.612, 0.997, 7, -5.191, 0.0646, 0.0031, 0.803, 0.0992, 0.537, 124.999] 4zv8V2UNbkgX2uR038ABQB
[0.624, 0.981, 2, -3.482, 0.0517, 0.000881, 0.536, 0.263, 0.12, 124.986] 32EaabySpIHuWe0XUGFKbI
[0.675, 0.894, 9, -4.982, 0.0821, 0.000156, 0.00856, 0.112, 0.844, 123.995] 6JhJ3Qiw7sWE74MmSTbwkK
[0.571, 0.937, 2, -2.682, 0.0336, 0.0997, 0.496, 0.125, 0.512, 125.027] 0tgbSxoFjZ20MjfoKwWevV
[0.657, 0.976, 6, -3.842, 0.0437, 0.171, 0.0315, 0.318, 0.794, 125.983] 0XS2z0E0ox7F4JHYKKR4wK
[0.921, 0.773, 0, -3.478, 0.0863, 0.00718, 0.00591, 0.0412, 0.715, 124.012] 5UUqlmt2e0wNioe94eGWaF
[0.6, 0.997, 4, -3.011, 0.0758, 0.0659, 0.813, 0.428, 0.257, 124.997] 2HuHEKWdKWAvsU2lNeqcep
[0.671, 0.91, 0, -3.621, 0.1, 0.00196, 0.0316, 0.171, 0.413, 128.036] 6fIgsZFtGXiIvxb2Y6oCc7
[0.715, 0.87, 3, -3.303, 0.0494, 0.00975, 0.0927, 0.0829, 0.305, 125.008] 4pD9SWYlUlzj47sUkWtAxp
[0.733, 0.688, 6, -9.025, 0.0518, 0.00897, 0.624, 0.325, 0.342, 121.998] 5fzLwHFGmKeAgQ2cQ2bNXG
[0.619, 0.951, 10, -3.403, 0.0409, 0.007, 0.00054, 0.194, 0.38, 126.067] 3H2IvML3Xi2Tqa7E4PcrTI
[0.562, 0.886, 11, -7.436, 0.129, 0.00194, 0.94, 0.637, 0.0628, 122.977] 6afz6WNkVxp0q3anZU72bh
[0.813, 0.983, 1, -5.515, 0.153, 0.00177, 0.546, 0.502, 0.77, 125.007] 3fDgxdcf0jeJgGiZJGUmyK
[0.617, 0.959, 11, -3.08, 0.048, 0.0144, 0.024, 0.121, 0.134, 127.036] 2SPoL0khkn8lcyE4krvzPx
[0.823, 0.909, 1, -4.508, 0.0635, 0.00779, 0.0407, 0.126, 0.787, 124.025] 6ZvLKwgPKlyZtDPkTWjPI7
[0.847, 0.934, 9, -5.381, 0.0442, 0.00783, 0.494, 0.0797, 0.863, 126.035] 01fVbxyW9y2oKdXvg56uE5
[0.82, 0.745, 9, -4.921, 0.0717, 0.034, 0.317, 0.291, 0.579, 124.992] 3wGCJz3Ay0tLt3JdkjVzmB
[0.736, 0.892, 1, -4.323, 0.0697, 0.00139, 2.17e-05, 0.0703, 0.636, 126.029] 59RSFDVkDSqpGvQKq9GeSR
[0.563, 0.954, 7, -1.835, 0.0283, 0.119, 0.168, 0.27, 0.788, 128.014] 3b0cJPguhWOh2hjY6Lu192
[0.645, 0.976, 8, -3.501, 0.0675, 0.000354, 0.732, 0.603, 0.187, 125.995] 5lkM38TASr1795sDzw3vrK
[0.699, 0.805, 0, -7.309, 0.0771, 0.0145, 0.234, 0.0425, 0.322, 124.011] 0JQGZ9tXOaXHnca75JDz3J
[0.449, 0.922, 2, -2.988, 0.0656, 0.00021, 0.000725, 0.335, 0.0778, 125.973] 6vlbmCS43mCdivqF8bG5hS
[0.67, 0.968, 8, -2.515, 0.056, 0.0778, 0.209, 0.317, 0.399, 125.991] 7uObfbegIGow74NAVBCnRV
[0.733, 0.944, 8, -4.676, 0.11, 0.0187, 0.751, 0.173, 0.385, 122.989] 7rEOUR7AmXcgd32WG5duJh
[0.56, 0.942, 6, -8.487, 0.0469, 0.000413, 0.775, 0.0448, 0.199, 126.009] 67WR838RMqdlmZ11Vj38Ca
[0.824, 0.745, 11, -5.49, 0.0755, 0.0467, 3.29e-05, 0.198, 0.888, 125.013] 29vo9RUjxgZWXWGTpD8f4m
[0.763, 0.949, 0, -5.993, 0.129, 0.0183, 0.777, 0.141, 0.395, 125.015] 4d5NcfD8r5HPmGFzgXA1i3
[0.8, 0.843, 4, -1.611, 0.0633, 0.00596, 0.119, 0.108, 0.644, 124.989] 2AUHVjR5lhg6GcztbGvRkc
[0.679, 0.985, 7, -3.357, 0.0617, 0.102, 0.0107, 0.33, 0.462, 124.953] 19VVmenPRBEdWwg0Vp2lKh
[0.507, 0.883, 2, -5.043, 0.118, 0.0503, 1.86e-05, 0.382, 0.219, 125.989] 592JiALLj5xL5Z6LuMmaOV
[0.789, 0.876, 0, -4.008, 0.176, 0.0457, 0.0339, 0.168, 0.518, 124.956] 1ro5Ed57wMiQKtMTpCII1P
[0.643, 0.991, 4, -1.903, 0.0865, 0.00623, 0.7, 0.88, 0.649, 124.068] 2CHMS3AzBb1nyWODwtBc1z
[0.666, 0.855, 11, -5.318, 0.236, 0.222, 0, 0.502, 0.769, 125.943] 2xbRwcylUnX881qaqf5ZZJ
[0.686, 0.896, 5, -3.955, 0.0471, 0.00351, 0.432, 0.178, 0.135, 124.043] 5A6yOHdtgbq4js4JGKMbAM
[0.794, 0.901, 2, -3.843, 0.0507, 0.000767, 0.744, 0.307, 0.0915, 122.968] 1yaISGEoawvX2l6cU7M13n
[0.761, 0.794, 9, -5.742, 0.0753, 0.103, 0.286, 0.211, 0.526, 126.048] 6oaCicr0hkHHqRGpTGcQLC
[0.626, 0.981, 2, -5.834, 0.0473, 0.00416, 0.933, 0.299, 0.748, 123.998] 0BSra68rArc3aX2KurwAcI
[0.687, 0.95, 6, -2.207, 0.05, 0.00168, 0.0909, 0.137, 0.754, 125.995] 7ldPymaWejHsTROyvyPDuT
[0.635, 0.948, 9, -2.634, 0.133, 0.0276, 0.00609, 0.339, 0.649, 126.028] 2a6SWs9rXmVF6ibhelRqkV
[0.725, 0.817, 8, -5.356, 0.102, 0.00729, 0.0337, 0.135, 0.652, 128.014] 4rntZMI526VCgIA76HEoew
[0.649, 0.889, 0, -2.959, 0.132, 0.0177, 1.1e-05, 0.0907, 0.299, 123.99] 64pTtwiDSYx4Y8ozBc38jo
[0.599, 0.929, 4, -3.817, 0.0746, 0.00339, 0.00421, 0.501, 0.141, 130.027] 3Uop3symAjwE1isIxJyaOP
[0.693, 0.983, 8, -3.078, 0.0513, 0.00323, 0.728, 0.0973, 0.882, 124.013] 78VziAIFfOUy9nuvgWaq0s
[0.684, 0.816, 10, -5.211, 0.0322, 0.0181, 0, 0.0222, 0.702, 121.993] 4M8x1TR36VMQMFMbGCdoyA
[0.692, 0.968, 5, -3.421, 0.0477, 0.00322, 0.835, 0.0587, 0.657, 124.961] 5aPnEh3RxVzijJpWi5mFQY
[0.635, 0.969, 7, -3.673, 0.0459, 0.00121, 0.121, 0.347, 0.313, 126.011] 4HT4huUGfK42hGRY1rEcz6
[0.603, 0.931, 8, -3.967, 0.0722, 0.00594, 0.141, 0.257, 0.544, 125.021] 1v07K6OsaUuhyqf9Z2KBOk
[0.707, 0.954, 7, -4.257, 0.145, 0.0227, 1.29e-06, 0.214, 0.746, 123.975] 5FMWSXfAfHAKwzXDekfEua
[0.638, 0.881, 3, -4.157, 0.0433, 0.0155, 0.0158, 0.24, 0.207, 124.976] 4R83vyqZAR3ZVotFnwMa4r
[0.606, 0.945, 1, -2.567, 0.0907, 0.000639, 0.000774, 0.0816, 0.494, 125.987] 6lEAYlnuzxr0HHzdzXjBmx
[0.874, 0.714, 2, -4.592, 0.0503, 0.000582, 0.857, 0.382, 0.608, 125.014] 0Jrt8JXIO1FnPxlBGcbSUN
[0.787, 0.863, 9, -4.173, 0.0492, 0.000947, 0.617, 0.103, 0.821, 124.036] 1ZhpOYEE0nGcn0k7Ai7DK1
[0.642, 0.942, 10, -5.463, 0.0771, 0.00395, 0.878, 0.314, 0.182, 124.004] 2pNtIGopqr4wFDhpc9uAMC
[0.684, 0.994, 2, -6.641, 0.0676, 0.0036, 0.9, 0.305, 0.284, 125.0] 721boqcO9Pn5gdbTbvYeVR
[0.51, 0.962, 9, -4.044, 0.0557, 0.00422, 0.00116, 0.587, 0.359, 129.944] 7GkVQ8u2hJ1xMTSTqVZj2M
[0.778, 0.933, 9, -5.719, 0.214, 0.00195, 0.807, 0.602, 0.535, 124.993] 4oXT61OL4mDPRXbjq2d7b1
[0.663, 0.951, 5, -7.527, 0.138, 2.59e-05, 0.91, 0.292, 0.0396, 128.154] 5dpHUPhXfwtEG1yQO1xGXH
[0.651, 0.854, 5, -4.167, 0.0574, 0.497, 0, 0.122, 0.571, 129.893] 5Nzph7bpgv2GNh2DcVX29T
[0.669, 0.931, 1, -3.385, 0.0388, 0.0938, 0.764, 0.0526, 0.25, 126.06] 6OYjreGuIk79v0n5IvIy96
[0.729, 0.998, 0, 0.042, 0.0693, 0.000641, 0.244, 0.0586, 0.732, 126.016] 1NQcFF1frcwdZZGhaMEYH4
[0.717, 0.944, 1, -5.041, 0.0386, 0.00518, 0.477, 0.113, 0.354, 124.993] 6tr6I3YJnHUqKHfJXnm4jk
[0.604, 0.897, 10, -3.678, 0.0641, 0.00041, 0.838, 0.327, 0.588, 102.053] 4BiiDQtijdt0WdtiyIPhnO
[0.805, 0.943, 11, -6.503, 0.0563, 0.000749, 0.868, 0.679, 0.856, 126.0] 4gnH8nfdJfN115QAzzUc3E
[0.624, 0.876, 6, -6.948, 0.0369, 0.000804, 0.0434, 0.415, 0.273, 121.986] 6Fvcfc6yiU97h2ir2B9cR5
[0.659, 0.956, 6, -3.302, 0.035, 0.00204, 0.0148, 0.375, 0.357, 125.998] 6wAtKnPKFvyCEoP9uDGDQ0
[0.772, 0.936, 1, -4.99, 0.0563, 0.0218, 0.0119, 0.304, 0.642, 124.973] 2V73TUbn12fdxAWYPIo0be
[0.839, 0.965, 1, -0.131, 0.0809, 0.118, 0.212, 0.0873, 0.0392, 123.975] 5qpKrG0B24tgBzg1aDNkM7
[0.74, 0.992, 3, -3.008, 0.134, 0.00818, 0.875, 0.333, 0.263, 124.982] 25G3DUBDmLK44e5wF0W4bl
[0.897, 0.934, 2, -4.854, 0.201, 0.0466, 0.807, 0.277, 0.477, 128.011] 4f7zOPXtf4DKqAWgT3FD6x
[0.653, 0.91, 10, -3.36, 0.0566, 0.0079, 0, 0.318, 0.0921, 126.047] 57p8CBvPOxrvyCbn6ttl5r
[0.612, 0.628, 2, -6.754, 0.0752, 0.0358, 0.00898, 0.193, 0.434, 125.043] 5Nu5Uyoauauy9LFePYL1Z3
[0.872, 0.663, 9, -8.834, 0.0759, 0.00389, 0.0725, 0.834, 0.304, 126.019] 1tRLXy4R5YDnwATpNIkz1R
[0.783, 0.957, 11, -5.993, 0.0385, 0.000163, 0.843, 0.316, 0.432, 126.023] 4grSCKzUQcypbNq26xQFGS
[0.675, 0.823, 1, -6.534, 0.0887, 0.0131, 0.0147, 0.0981, 0.131, 125.995] 5TLCWDk3OqCe9mTPEJFbgU
[0.743, 0.931, 10, -8.115, 0.0502, 0.000353, 0.926, 0.118, 0.503, 126.0] 6zNCNMqkT7pCpmV4q6Z7F3
[0.732, 0.941, 11, -6.817, 0.127, 0.00328, 0.88, 0.0624, 0.259, 124.006] 7v5T0J6hKyCUHNi7WVcIeB
[0.873, 0.752, 8, -7.983, 0.0507, 0.000351, 0.837, 0.435, 0.271, 128.005] 6AE3rM46lkz2LeJ9hESMkS
[0.668, 0.878, 4, -7.931, 0.0409, 0.00071, 0.823, 0.11, 0.0906, 126.001] 4OznHZcacATlaRTVtFGipp
[0.706, 0.785, 1, -8.901, 0.0394, 0.000658, 0.788, 0.0391, 0.236, 125.306] 1j5BvC67aRkHaqX93G0Et4
[0.772, 0.972, 7, -8.636, 0.0586, 0.000373, 0.909, 0.0788, 0.04, 128.001] 6JyecpuIbAjVz0pIqhsQKP
[0.715, 0.943, 1, -7.175, 0.0394, 0.00128, 0.785, 0.051, 0.362, 124.998] 0VdfzITs0Z8QGfMrGsEva6
[0.801, 0.937, 0, -7.197, 0.0444, 0.000174, 0.936, 0.0826, 0.426, 126.011] 2bwOVUDNy401PVWZ3NcQPv
[0.8, 0.744, 0, -10.596, 0.0548, 0.000626, 0.915, 0.0866, 0.454, 125.0] 2TQYGgXdTf1Ne7cTbPKNT2
[0.707, 0.865, 1, -11.126, 0.0523, 0.00633, 0.874, 0.201, 0.439, 126.011] 1CliW2Z02UB0WyBA0A5d2p
[0.713, 0.862, 11, -6.48, 0.0637, 0.00182, 0.893, 0.458, 0.322, 124.963] 0yz4UPbRj34EyTqtSAQ1Md
[0.676, 0.916, 7, -5.863, 0.0537, 0.000235, 0.846, 0.405, 0.41, 127.984] 6yK08jE8fj0TB6gy22fr1s
[0.562, 0.63, 9, -11.424, 0.0365, 0.00139, 0.85, 0.103, 0.114, 143.978] 2QxsG9A4mi2KGy1sLoBzKW
[0.719, 0.819, 6, -7.301, 0.0415, 0.00636, 0.704, 0.0562, 0.198, 126.019] 5GmmdaAnlz8vnxVKdSskm6
[0.79, 0.688, 2, -7.714, 0.0794, 0.00252, 0.885, 0.108, 0.15, 125.314] 24EeugGPP8Ag47QCBuanBM
[0.808, 0.678, 1, -9.171, 0.0972, 0.000155, 0.92, 0.0672, 0.772, 125.004] 6LpYVIbnOpRkhsiaTcdI1h
[0.922, 0.808, 5, -5.691, 0.25, 0.00833, 0.751, 0.196, 0.336, 126.005] 3Op0xltWSIgTa0LqoTXHYM
[0.762, 0.959, 2, -7.529, 0.0387, 0.000152, 0.901, 0.0656, 0.618, 126.01] 0Kp7NQg6sbY8FECT8ZJEPq
[0.855, 0.674, 5, -11.657, 0.0572, 0.0216, 0.82, 0.099, 0.28, 125.039] 3aD3tHLhWow2X5XAXE1JGa
[0.708, 0.669, 8, -11.273, 0.0391, 0.00146, 0.867, 0.117, 0.129, 125.994] 44KvFpn58C3cWJmli791aA
[0.806, 0.989, 8, -5.91, 0.0623, 0.00178, 0.928, 0.086, 0.852, 123.652] 4hlZzkyITnQRtLgtEfmV32
[0.74, 0.867, 0, -8.263, 0.049, 0.00241, 0.864, 0.109, 0.117, 126.025] 2RYXIub6galQu4eHYfCLoS
[0.803, 0.778, 7, -4.987, 0.0615, 0.00174, 0.907, 0.0902, 0.426, 128.027] 26I2U2wbHCZNoWLD4ACasZ
[0.682, 0.855, 7, -7.138, 0.0302, 5.91e-06, 0.924, 0.0801, 0.144, 130.001] 4oidv15NPdO7Ax82QjDcPS
[0.793, 0.989, 6, -10.621, 0.0474, 3.31e-06, 0.945, 0.104, 0.39, 126.015] 6HFBaq9J7G5ZBS1EGqJtQY
[0.539, 0.889, 5, -5.929, 0.156, 0.0153, 0.0637, 0.44, 0.32, 126.022] 3LalV7baoBmRiB8PMA6bA8
[0.837, 0.753, 11, -4.865, 0.0535, 7.22e-05, 0.797, 0.0692, 0.332, 126.0] 3eFwl2FMib4h0HNpqF91XR
[0.688, 0.858, 7, -7.648, 0.0431, 0.00195, 0.88, 0.318, 0.139, 128.033] 5CRUYbExDj1jaqhhY0oxrQ
[0.767, 0.938, 11, -11.033, 0.0599, 0.00221, 0.887, 0.585, 0.774, 139.842] 1VCNfG8FfBSDZQkFKz2qkZ
[0.703, 0.96, 5, -6.235, 0.278, 0.0591, 0.0752, 0.188, 0.298, 126.003] 1pkLPZ5MmmsiSt213WOxsz
[0.803, 0.9, 11, -6.417, 0.0569, 0.0518, 0.86, 0.0911, 0.306, 127.983] 4WJbgaoVOyizfxj0dlRdu4
[0.672, 0.856, 6, -8.97, 0.0499, 0.0121, 0.6, 0.0514, 0.678, 129.338] 7E41UKPKRvMdXnpiEuoYyD
[0.766, 0.78, 1, -9.35, 0.074, 0.00249, 0.911, 0.103, 0.0579, 124.997] 4aqsKyM7czAPQIumTf0XKk
[0.629, 0.998, 1, -6.39, 0.0488, 0.000121, 0.856, 0.286, 0.913, 127.444] 6N6VS0yRACdJwG839iY5Vy
[0.797, 0.886, 1, -8.238, 0.0582, 0.00484, 0.858, 0.0528, 0.37, 129.99] 3PjLW7c8SL5i1WqJG7maxx
[0.715, 0.963, 1, -10.108, 0.086, 0.0474, 0.899, 0.108, 0.56, 123.005] 6dI1yZ58tGBEzKocklczBz
[0.592, 0.936, 1, -5.657, 0.0371, 0.00561, 0.701, 0.0389, 0.844, 131.001] 6uPLjp4knbyjBc50u4lAoR
[0.675, 0.958, 6, -5.973, 0.0494, 0.00117, 0.806, 0.307, 0.283, 130.508] 6ID8zijDANRAp4n6N5k5rI
[0.755, 0.899, 1, -7.782, 0.0483, 2.59e-05, 0.903, 0.127, 0.243, 130.012] 7u9e6dKWM2A4h6vontrBGo
[0.724, 0.491, 7, -15.004, 0.0934, 0.00465, 0.907, 0.21, 0.21, 123.0] 4LTmLIB3PUjcm0XSXtE7Gb
[0.489, 0.827, 0, -5.69, 0.0335, 0.00178, 0.907, 0.339, 0.0773, 140.02] 0AEnyamjee0dmiGL0l2l9F
[0.618, 0.618, 5, -13.988, 0.0338, 0.0045, 0.912, 0.133, 0.62, 132.028] 5JvKl4fucGIshoTKu5UUAb
[0.797, 0.718, 9, -8.61, 0.0706, 0.00287, 0.876, 0.135, 0.316, 128.012] 7DT2Kd7r6CzuHtUZT4RMI1
[0.605, 0.888, 0, -6.366, 0.0412, 0.0134, 0.96, 0.312, 0.673, 132.481] 0xbaUTWWSmOEu1niJxQLDj
[0.811, 0.81, 8, -10.173, 0.0654, 0.00769, 0.923, 0.079, 0.766, 125.003] 2Pl2dzHTebjxzjz5qmvokQ
[0.8, 0.69, 10, -10.183, 0.128, 3.45e-05, 0.937, 0.0933, 0.0566, 126.012] 23HtC3q5aDK3Ld09qHca6h
[0.503, 0.948, 7, -5.646, 0.0456, 0.00298, 0.207, 0.361, 0.409, 133.278] 1KvXcGONuPcyjWtZGdRDGz
[0.839, 0.922, 0, -3.166, 0.0568, 0.0215, 0.00936, 0.0548, 0.328, 122.986] 6quwZWSOygVjpaTG84whzq
[0.682, 0.889, 11, -5.125, 0.0717, 0.0431, 0.00652, 0.592, 0.845, 126.173] 2dJyoz4FU3yDrkH6ObwKpo
[0.552, 0.978, 6, -4.398, 0.0519, 0.00129, 0.102, 0.234, 0.308, 125.993] 32JXzKaBhI8ntnKg3rW84v
[0.833, 0.886, 11, -6.767, 0.0573, 0.000431, 0.00451, 0.11, 0.604, 122.025] 4cWafPsRizm6woL5j4HNTD
[0.635, 0.878, 0, -4.753, 0.07, 0.0103, 0.538, 0.338, 0.414, 125.002] 0uif0Lvh62KQ8GIFY594M7
[0.76, 0.964, 2, -5.844, 0.0576, 0.00182, 0.7, 0.0974, 0.641, 125.0] 6ho0GyrWZN3mhi9zVRW7xi
[0.496, 0.966, 2, -3.568, 0.0407, 0.00611, 0.953, 0.0671, 0.0615, 126.017] 14xRN4tmWY5ZY7bTNmMUos
[0.659, 0.963, 0, -5.934, 0.0972, 0.078, 0.0308, 0.128, 0.452, 122.021] 0aVgtoMX4a2Av4l4WL56ll
[0.786, 0.887, 11, -3.886, 0.0518, 0.0263, 0.812, 0.338, 0.682, 126.982] 0fbXFYtHPpq5fVNRGjxZrC
[0.838, 0.88, 7, -6.3, 0.044, 0.0023, 0.332, 0.0447, 0.743, 121.997] 064PIXni8eIfwYocDoCBUD
[0.531, 0.987, 11, -3.744, 0.0538, 0.00125, 0.612, 0.376, 0.542, 126.002] 1CUkfvM95YZCPlHxeU6laS
[0.824, 0.931, 7, -3.834, 0.259, 0.00476, 0.000673, 0.52, 0.663, 123.998] 4TTgSI6H0ha8j16xuB8dmQ
[0.613, 0.961, 6, -4.252, 0.0312, 0.0133, 0.0212, 0.213, 0.166, 128.012] 1ndptsbP6s7WV3fTnp1j74
[0.718, 0.944, 1, -5.041, 0.0386, 0.00518, 0.477, 0.114, 0.354, 125.004] 122vZqxDr7xtRuNhZZPUda
[0.726, 0.959, 2, -4.421, 0.0717, 0.0121, 0.0886, 0.0437, 0.691, 126.019] 0VPTpC1ZLQRoz1n06mksVZ
[0.664, 0.8, 1, -6.587, 0.0448, 0.000861, 0.163, 0.0832, 0.318, 123.994] 7dX17Wj6NWLALffTQURbNa
[0.789, 0.692, 3, -5.966, 0.0475, 0.001, 0.861, 0.0505, 0.774, 121.998] 7nionv2ijjqUlg9m5iWPTc
[0.592, 0.946, 2, -4.863, 0.0618, 0.00051, 0.397, 0.329, 0.1, 125.964] 26VQvcUzPMLc1Jd8oDEbfl
[0.582, 0.953, 5, -6.113, 0.0567, 0.00136, 0.00197, 0.324, 0.12, 138.025] 0yrlRdgnfEFvk5zlZ9yCKy
[0.568, 0.968, 7, -3.772, 0.109, 0.0004, 0.397, 0.0954, 0.313, 125.998] 2D5Fi0jgFCo2kWJ84wAxWb
[0.782, 0.979, 5, -1.817, 0.0663, 0.184, 0.624, 0.326, 0.935, 127.922] 3PDWPFwYvEGlgcAgDP1ZCs
[0.612, 0.997, 7, -5.191, 0.0646, 0.0031, 0.803, 0.0992, 0.537, 124.999] 4zv8V2UNbkgX2uR038ABQB
[0.624, 0.981, 2, -3.482, 0.0517, 0.000881, 0.536, 0.263, 0.12, 124.986] 32EaabySpIHuWe0XUGFKbI
[0.675, 0.894, 9, -4.982, 0.0821, 0.000156, 0.00856, 0.112, 0.844, 123.995] 6JhJ3Qiw7sWE74MmSTbwkK
[0.571, 0.937, 2, -2.682, 0.0336, 0.0997, 0.496, 0.125, 0.512, 125.027] 0tgbSxoFjZ20MjfoKwWevV
[0.657, 0.976, 6, -3.842, 0.0437, 0.171, 0.0315, 0.318, 0.794, 125.983] 0XS2z0E0ox7F4JHYKKR4wK
[0.921, 0.773, 0, -3.478, 0.0863, 0.00718, 0.00591, 0.0412, 0.715, 124.012] 5UUqlmt2e0wNioe94eGWaF
[0.6, 0.997, 4, -3.011, 0.0758, 0.0659, 0.813, 0.428, 0.257, 124.997] 2HuHEKWdKWAvsU2lNeqcep
[0.671, 0.91, 0, -3.621, 0.1, 0.00196, 0.0316, 0.171, 0.413, 128.036] 6fIgsZFtGXiIvxb2Y6oCc7
[0.715, 0.87, 3, -3.303, 0.0494, 0.00975, 0.0927, 0.0829, 0.305, 125.008] 4pD9SWYlUlzj47sUkWtAxp
[0.733, 0.688, 6, -9.025, 0.0518, 0.00897, 0.624, 0.325, 0.342, 121.998] 5fzLwHFGmKeAgQ2cQ2bNXG
[0.619, 0.951, 10, -3.403, 0.0409, 0.007, 0.00054, 0.194, 0.38, 126.067] 3H2IvML3Xi2Tqa7E4PcrTI
[0.562, 0.886, 11, -7.436, 0.129, 0.00194, 0.94, 0.637, 0.0628, 122.977] 6afz6WNkVxp0q3anZU72bh
[0.813, 0.983, 1, -5.515, 0.153, 0.00177, 0.546, 0.502, 0.77, 125.007] 3fDgxdcf0jeJgGiZJGUmyK
[0.617, 0.959, 11, -3.08, 0.048, 0.0144, 0.024, 0.121, 0.134, 127.036] 2SPoL0khkn8lcyE4krvzPx
[0.823, 0.909, 1, -4.508, 0.0635, 0.00779, 0.0407, 0.126, 0.787, 124.025] 6ZvLKwgPKlyZtDPkTWjPI7
[0.847, 0.934, 9, -5.381, 0.0442, 0.00783, 0.494, 0.0797, 0.863, 126.035] 01fVbxyW9y2oKdXvg56uE5
[0.82, 0.745, 9, -4.921, 0.0717, 0.034, 0.317, 0.291, 0.579, 124.992] 3wGCJz3Ay0tLt3JdkjVzmB
[0.736, 0.892, 1, -4.323, 0.0697, 0.00139, 2.17e-05, 0.0703, 0.636, 126.029] 59RSFDVkDSqpGvQKq9GeSR
[0.563, 0.954, 7, -1.835, 0.0283, 0.119, 0.168, 0.27, 0.788, 128.014] 3b0cJPguhWOh2hjY6Lu192
[0.645, 0.976, 8, -3.501, 0.0675, 0.000354, 0.732, 0.603, 0.187, 125.995] 5lkM38TASr1795sDzw3vrK
[0.699, 0.805, 0, -7.309, 0.0771, 0.0145, 0.234, 0.0425, 0.322, 124.011] 0JQGZ9tXOaXHnca75JDz3J
[0.449, 0.922, 2, -2.988, 0.0656, 0.00021, 0.000725, 0.335, 0.0778, 125.973] 6vlbmCS43mCdivqF8bG5hS
[0.67, 0.968, 8, -2.515, 0.056, 0.0778, 0.209, 0.317, 0.399, 125.991] 7uObfbegIGow74NAVBCnRV
[0.733, 0.944, 8, -4.676, 0.11, 0.0187, 0.751, 0.173, 0.385, 122.989] 7rEOUR7AmXcgd32WG5duJh
[0.56, 0.942, 6, -8.487, 0.0469, 0.000413, 0.775, 0.0448, 0.199, 126.009] 67WR838RMqdlmZ11Vj38Ca
[0.824, 0.745, 11, -5.49, 0.0755, 0.0467, 3.29e-05, 0.198, 0.888, 125.013] 29vo9RUjxgZWXWGTpD8f4m
[0.763, 0.949, 0, -5.993, 0.129, 0.0183, 0.777, 0.141, 0.395, 125.015] 4d5NcfD8r5HPmGFzgXA1i3
[0.8, 0.843, 4, -1.611, 0.0633, 0.00596, 0.119, 0.108, 0.644, 124.989] 2AUHVjR5lhg6GcztbGvRkc
[0.679, 0.985, 7, -3.357, 0.0617, 0.102, 0.0107, 0.33, 0.462, 124.953] 19VVmenPRBEdWwg0Vp2lKh
[0.507, 0.883, 2, -5.043, 0.118, 0.0503, 1.86e-05, 0.382, 0.219, 125.989] 592JiALLj5xL5Z6LuMmaOV
[0.789, 0.876, 0, -4.008, 0.176, 0.0457, 0.0339, 0.168, 0.518, 124.956] 1ro5Ed57wMiQKtMTpCII1P
[0.643, 0.991, 4, -1.903, 0.0865, 0.00623, 0.7, 0.88, 0.649, 124.068] 2CHMS3AzBb1nyWODwtBc1z
[0.666, 0.855, 11, -5.318, 0.236, 0.222, 0, 0.502, 0.769, 125.943] 2xbRwcylUnX881qaqf5ZZJ
[0.686, 0.896, 5, -3.955, 0.0471, 0.00351, 0.432, 0.178, 0.135, 124.043] 5A6yOHdtgbq4js4JGKMbAM
[0.794, 0.901, 2, -3.843, 0.0507, 0.000767, 0.744, 0.307, 0.0915, 122.968] 1yaISGEoawvX2l6cU7M13n
[0.761, 0.794, 9, -5.742, 0.0753, 0.103, 0.286, 0.211, 0.526, 126.048] 6oaCicr0hkHHqRGpTGcQLC
[0.626, 0.981, 2, -5.834, 0.0473, 0.00416, 0.933, 0.299, 0.748, 123.998] 0BSra68rArc3aX2KurwAcI
[0.687, 0.95, 6, -2.207, 0.05, 0.00168, 0.0909, 0.137, 0.754, 125.995] 7ldPymaWejHsTROyvyPDuT
[0.635, 0.948, 9, -2.634, 0.133, 0.0276, 0.00609, 0.339, 0.649, 126.028] 2a6SWs9rXmVF6ibhelRqkV
[0.725, 0.817, 8, -5.356, 0.102, 0.00729, 0.0337, 0.135, 0.652, 128.014] 4rntZMI526VCgIA76HEoew
[0.649, 0.889, 0, -2.959, 0.132, 0.0177, 1.1e-05, 0.0907, 0.299, 123.99] 64pTtwiDSYx4Y8ozBc38jo
[0.599, 0.929, 4, -3.817, 0.0746, 0.00339, 0.00421, 0.501, 0.141, 130.027] 3Uop3symAjwE1isIxJyaOP
[0.693, 0.983, 8, -3.078, 0.0513, 0.00323, 0.728, 0.0973, 0.882, 124.013] 78VziAIFfOUy9nuvgWaq0s
[0.684, 0.816, 10, -5.211, 0.0322, 0.0181, 0, 0.0222, 0.702, 121.993] 4M8x1TR36VMQMFMbGCdoyA
[0.692, 0.968, 5, -3.421, 0.0477, 0.00322, 0.835, 0.0587, 0.657, 124.961] 5aPnEh3RxVzijJpWi5mFQY
[0.635, 0.969, 7, -3.673, 0.0459, 0.00121, 0.121, 0.347, 0.313, 126.011] 4HT4huUGfK42hGRY1rEcz6
[0.603, 0.931, 8, -3.967, 0.0722, 0.00594, 0.141, 0.257, 0.544, 125.021] 1v07K6OsaUuhyqf9Z2KBOk
[0.707, 0.954, 7, -4.257, 0.145, 0.0227, 1.29e-06, 0.214, 0.746, 123.975] 5FMWSXfAfHAKwzXDekfEua
[0.638, 0.881, 3, -4.157, 0.0433, 0.0155, 0.0158, 0.24, 0.207, 124.976] 4R83vyqZAR3ZVotFnwMa4r
[0.606, 0.945, 1, -2.567, 0.0907, 0.000639, 0.000774, 0.0816, 0.494, 125.987] 6lEAYlnuzxr0HHzdzXjBmx
[0.874, 0.714, 2, -4.592, 0.0503, 0.000582, 0.857, 0.382, 0.608, 125.014] 0Jrt8JXIO1FnPxlBGcbSUN
[0.787, 0.863, 9, -4.173, 0.0492, 0.000947, 0.617, 0.103, 0.821, 124.036] 1ZhpOYEE0nGcn0k7Ai7DK1
[0.642, 0.942, 10, -5.463, 0.0771, 0.00395, 0.878, 0.314, 0.182, 124.004] 2pNtIGopqr4wFDhpc9uAMC
[0.684, 0.994, 2, -6.641, 0.0676, 0.0036, 0.9, 0.305, 0.284, 125.0] 721boqcO9Pn5gdbTbvYeVR
[0.51, 0.962, 9, -4.044, 0.0557, 0.00422, 0.00116, 0.587, 0.359, 129.944] 7GkVQ8u2hJ1xMTSTqVZj2M
[0.778, 0.933, 9, -5.719, 0.214, 0.00195, 0.807, 0.602, 0.535, 124.993] 4oXT61OL4mDPRXbjq2d7b1
[0.663, 0.951, 5, -7.527, 0.138, 2.59e-05, 0.91, 0.292, 0.0396, 128.154] 5dpHUPhXfwtEG1yQO1xGXH
[0.651, 0.854, 5, -4.167, 0.0574, 0.497, 0, 0.122, 0.571, 129.893] 5Nzph7bpgv2GNh2DcVX29T
[0.669, 0.931, 1, -3.385, 0.0388, 0.0938, 0.764, 0.0526, 0.25, 126.06] 6OYjreGuIk79v0n5IvIy96
[0.729, 0.998, 0, 0.042, 0.0693, 0.000641, 0.244, 0.0586, 0.732, 126.016] 1NQcFF1frcwdZZGhaMEYH4
[0.717, 0.944, 1, -5.041, 0.0386, 0.00518, 0.477, 0.113, 0.354, 124.993] 6tr6I3YJnHUqKHfJXnm4jk
[0.604, 0.897, 10, -3.678, 0.0641, 0.00041, 0.838, 0.327, 0.588, 102.053] 4BiiDQtijdt0WdtiyIPhnO
[0.805, 0.943, 11, -6.503, 0.0563, 0.000749, 0.868, 0.679, 0.856, 126.0] 4gnH8nfdJfN115QAzzUc3E
[0.624, 0.876, 6, -6.948, 0.0369, 0.000804, 0.0434, 0.415, 0.273, 121.986] 6Fvcfc6yiU97h2ir2B9cR5
[0.659, 0.956, 6, -3.302, 0.035, 0.00204, 0.0148, 0.375, 0.357, 125.998] 6wAtKnPKFvyCEoP9uDGDQ0
[0.772, 0.936, 1, -4.99, 0.0563, 0.0218, 0.0119, 0.304, 0.642, 124.973] 2V73TUbn12fdxAWYPIo0be
[0.839, 0.965, 1, -0.131, 0.0809, 0.118, 0.212, 0.0873, 0.0392, 123.975] 5qpKrG0B24tgBzg1aDNkM7
[0.74, 0.992, 3, -3.008, 0.134, 0.00818, 0.875, 0.333, 0.263, 124.982] 25G3DUBDmLK44e5wF0W4bl
[0.897, 0.934, 2, -4.854, 0.201, 0.0466, 0.807, 0.277, 0.477, 128.011] 4f7zOPXtf4DKqAWgT3FD6x
[0.653, 0.91, 10, -3.36, 0.0566, 0.0079, 0, 0.318, 0.0921, 126.047] 57p8CBvPOxrvyCbn6ttl5r
[0.612, 0.628, 2, -6.754, 0.0752, 0.0358, 0.00898, 0.193, 0.434, 125.043] 5Nu5Uyoauauy9LFePYL1Z3
[0.744, 0.726, 1, -4.675, 0.0463, 0.0399, 0, 0.374, 0.687, 121.985] 6e0CvGZf7CouOpYF8toXHC
[0.698, 0.792, 1, -3.583, 0.0418, 0.0296, 3.9e-05, 0.0925, 0.333, 125.976] 43IWqSUbgHujwQ6YFGVPth
[0.726, 0.722, 5, -7.007, 0.0456, 0.173, 1.03e-05, 0.141, 0.345, 113.92] 7Feaw9WAEREY0DUOSXJLOM
[0.791, 0.565, 5, -3.933, 0.0439, 0.0623, 0, 0.156, 0.181, 99.961] 5icOoE6VgqFKohjWWNp0Ac
[0.614, 0.897, 7, -3.918, 0.0762, 0.0621, 0, 0.178, 0.453, 124.029] 6MYshGKhcheOSGquz6NKbC
[0.784, 0.595, 2, -6.816, 0.0413, 0.00476, 0.00727, 0.059, 0.183, 124.019] 0ywzvARVqoxQOJpaswRe9E
[0.524, 0.913, 3, -3.069, 0.05, 0.106, 0.000131, 0.177, 0.644, 123.936] 3ajiUFrVUHsmU5F2pv3kzd
[0.664, 0.632, 11, -8.224, 0.0545, 0.0699, 0, 0.13, 0.272, 110.055] 2hS8mSOGpdSj2QHbyyb3bB
[0.623, 0.84, 9, -5.446, 0.123, 0.0173, 0, 0.363, 0.539, 123.068] 7AkLPOwjju8taQCJCaIUts
[0.773, 0.699, 1, -5.982, 0.0958, 0.488, 3.6e-06, 0.0814, 0.513, 104.941] 4BiiOzZCrXEzHRLYcYFiD5
[0.679, 0.909, 1, -2.929, 0.105, 0.0334, 0, 0.269, 0.819, 119.885] 1hr5Y2i4NlE3LPvQZ9Q5Ao
[0.802, 0.645, 5, -6.181, 0.0715, 0.272, 0, 0.119, 0.376, 100.001] 6nDKrPlXdpomGBgAlO7UdP
[0.604, 0.73, 0, -7.787, 0.0628, 0.0502, 0, 0.343, 0.469, 123.948] 7CMesIwo5IMDysKrqWfepb
[0.578, 0.786, 9, -4.665, 0.13, 0.232, 0.000106, 0.122, 0.347, 105.945] 2wOVXsIRIoniqipE9I5ZVx
[0.654, 0.874, 6, -3.885, 0.0543, 0.169, 1.77e-06, 0.134, 0.542, 119.85] 0GRoERSBBky3YgdKW2w2Vc
[0.675, 0.894, 9, -4.982, 0.0821, 0.000156, 0.00856, 0.112, 0.844, 123.995] 6JhJ3Qiw7sWE74MmSTbwkK
[0.771, 0.768, 11, -7.773, 0.0451, 0.0266, 1.26e-05, 0.426, 0.607, 125.023] 29R1IMTTbDDA3VNlk6UEW5
[0.609, 0.523, 1, -12.649, 0.0796, 0.00959, 0.000155, 0.15, 0.342, 127.977] 3ZqKbMO9UasuKgQeGT7QZS
[0.665, 0.91, 6, -5.334, 0.0344, 0.0139, 0.396, 0.059, 0.522, 122.025] 2lKp8yuDUKYGjRFxazX25P
[0.684, 0.95, 1, -2.588, 0.0809, 0.0207, 1.25e-06, 0.105, 0.436, 125.974] 3Mong1BzxMKwTZ0SbfLdcQ
[0.728, 0.848, 5, -6.248, 0.185, 0.0427, 4.49e-06, 0.118, 0.612, 124.993] 4R7ZSlYoJOIaxHJFHszQCR
[0.724, 0.702, 7, -4.622, 0.0429, 0.0648, 0.000256, 0.121, 0.688, 106.044] 3Y7a0typ6ik1KscmebXd6D
[0.524, 0.806, 1, -3.447, 0.406, 0.197, 0, 0.101, 0.45, 115.172] 3O0e0LHTpza0rYVDbZfQ4r
[0.633, 0.854, 0, -4.046, 0.0432, 0.0382, 2.83e-05, 0.434, 0.659, 126.026] 7FDaS1k08rwMoAThmzUkOZ
[0.733, 0.839, 1, -2.84, 0.0335, 0.0145, 0.000187, 0.162, 0.471, 126.009] 0byab45cmZntz74RxcASrf
[0.678, 0.747, 10, -5.289, 0.165, 0.0395, 0, 0.174, 0.516, 120.002] 3TjLsDgL0bTbSQIF6M5Ki8
[0.606, 0.934, 7, -5.524, 0.0482, 0.00384, 0.000154, 0.0945, 0.18, 130.088] 3Qo418FH9pAHApAzOF8hfI
[0.743, 0.93, 4, -3.821, 0.0766, 0.0106, 1.52e-05, 0.111, 0.562, 122.022] 3faZ2pjQRByXR9UWWPV9vr
[0.588, 0.697, 3, -4.744, 0.0372, 0.186, 0.000219, 0.103, 0.225, 125.157] 3Lv3frZVXU7Q0JEFvLIzWW
[0.816, 0.833, 5, -5.972, 0.0511, 0.126, 9.09e-06, 0.0625, 0.793, 122.032] 508lUjbGcPrL0CfvHC7UvI
[0.742, 0.838, 3, -2.758, 0.0476, 0.339, 0, 0.0595, 0.694, 128.022] 49ziHtycEUnbFQtE8e8slt
[0.69, 0.862, 2, -4.154, 0.0944, 0.0611, 1.85e-05, 0.238, 0.453, 121.975] 6AZ21kPj2a0INgf3uCviVu
[0.607, 0.952, 1, -4.711, 0.0337, 0.0122, 5.5e-05, 0.302, 0.144, 126.017] 14NutpUNAYWbWFS7zUHCxk
[0.59, 0.888, 5, -2.851, 0.0765, 0.0216, 0, 0.487, 0.288, 126.094] 1FlIzyCvRFQUE4pc7PiaIo
[0.688, 0.688, 3, -5.84, 0.0357, 0.3, 0, 0.0982, 0.451, 114.011] 0WVAQaxrT0wsGEG4BCVSn2
[0.747, 0.751, 6, -5.053, 0.0342, 0.0283, 3.71e-05, 0.498, 0.772, 113.001] 2YyVBV0klw0T6EvSVkCpuW
[0.75, 0.81, 0, -4.607, 0.0572, 0.0917, 1.59e-05, 0.111, 0.48, 120.038] 1BmdqDrBU5eohtRwHBls6C
[0.7, 0.872, 10, -5.896, 0.0666, 0.121, 7.08e-06, 0.103, 0.761, 125.03] 7FjZU7XFs7P9jHI9Z0yRhK
[0.664, 0.967, 1, -2.055, 0.0757, 0.0883, 2.42e-05, 0.175, 0.609, 125.943] 0xARbGHzPT1o5t1sFlmyO2
[0.611, 0.835, 6, -4.107, 0.139, 0.167, 0, 0.107, 0.672, 102.023] 4Cy5f4JsH1yoeGks7FnoHw
[0.605, 0.854, 11, -4.128, 0.0488, 0.0673, 0, 0.54, 0.165, 124.024] 3cJEgWbsBmGkvXz906tgut
[0.654, 0.723, 1, -6.141, 0.179, 0.16, 0, 0.119, 0.617, 101.983] 5Fjp9RR9mwtQHKACnqew5o
[0.775, 0.867, 4, -7.388, 0.204, 0.0158, 0.0117, 0.0355, 0.565, 128.956] 3uXHSf9sSIpOJWuC1H8DiU
[0.663, 0.905, 1, -3.781, 0.0511, 0.0325, 0, 0.333, 0.397, 125.996] 1zzOMDmkRZy0g9f4JTAZKn
[0.792, 0.724, 11, -5.108, 0.0362, 0.219, 0, 0.0911, 0.429, 109.984] 3ccIZSRn5I2zcWkpdO9gZB
[0.645, 0.795, 1, -5.439, 0.0343, 0.0334, 1.05e-05, 0.089, 0.424, 127.959] 1gwwks3lIsvJq5pDJ82fKK
[0.633, 0.873, 6, -6.558, 0.0674, 0.000104, 0.345, 0.0629, 0.385, 125.014] 4fRnkr0K8vIbddaiEyacIF
[0.559, 0.727, 10, -5.713, 0.0802, 0.0827, 7.74e-05, 0.334, 0.339, 130.039] 5aDTpnZ2AjkVV4YoYnT486
[0.689, 0.854, 0, -4.398, 0.0938, 0.0982, 0, 0.119, 0.387, 163.858] 1sJ7vemhgnNGgh82JD8niJ
[0.539, 0.849, 0, -3.878, 0.121, 0.0323, 0, 0.3, 0.148, 126.024] 2t59XucZRKTSOcKVZriQAL
[0.677, 0.848, 7, -6.14, 0.0741, 0.0154, 0.00111, 0.277, 0.469, 125.068] 3K4ywyPCdpF9evoL7Z3z1b
[0.715, 0.788, 6, -4.271, 0.066, 0.0874, 0, 0.195, 0.372, 110.041] 27dtcjTLGUeR9mw1cwF6mn
[0.699, 0.861, 4, -3.09, 0.173, 0.0589, 2.64e-06, 0.0794, 0.315, 125.942] 1Cfws8y490Zpsqsyeme6V1
[0.376, 0.922, 9, -3.516, 0.195, 0.00368, 1.3e-05, 0.359, 0.454, 123.62] 4Q88Jn7W1Cjr8CJ4oZo1Hi
[0.651, 0.833, 1, -3.356, 0.172, 0.0214, 0, 0.14, 0.443, 155.051] 0u695M7KyzXaPIjpEbxOkB
[0.746, 0.557, 1, -6.722, 0.0542, 0.103, 0.0036, 0.138, 0.324, 111.961] 0GfS3y8Jd7SHWd9R51s7Fo
[0.721, 0.745, 1, -4.31, 0.127, 0.15, 0, 0.334, 0.541, 125.088] 749MvEtNXKsgfq5trXJUbk
[0.702, 0.814, 0, -7.51, 0.0841, 0.107, 3.03e-05, 0.374, 0.503, 121.993] 4YaU1EjXIkdRdkOI4cCZys
[0.775, 0.872, 6, -4.194, 0.0469, 0.033, 0.0579, 0.298, 0.379, 122.994] 5sdb5pMhcK44SSLsj1moUh
[0.407, 0.789, 7, -4.229, 0.282, 0.17, 0, 0.126, 0.687, 92.933] 6xUy203RnyyOfbqf96Nven
[0.732, 0.877, 1, -3.253, 0.131, 0.0991, 0, 0.103, 0.65, 121.998] 6DrjofzZm5s8xpMn4IBMyI
[0.621, 0.948, 11, -1.638, 0.0653, 0.293, 9.68e-05, 0.423, 0.366, 125.014] 65wuiIF1OifeUmyZCsHeCY
[0.877, 0.721, 9, -2.96, 0.0568, 0.0383, 0.355, 0.225, 0.225, 122.003] 0fOxkxw7FKXuzNs64bsmyb
[0.585, 0.772, 10, -6.619, 0.196, 0.714, 6.97e-06, 0.113, 0.364, 99.565] 1gnKUue6F9gXXHQshCBwEs
[0.679, 0.88, 3, -5.462, 0.053, 0.00577, 0.0875, 0.0725, 0.582, 125.005] 2Bs3q5N4EfJ1dWrFHWHpls
[0.684, 0.818, 4, -4.477, 0.128, 0.0469, 3.39e-06, 0.119, 0.336, 123.938] 1mC2UjWt25Oixtqu7C6suL
[0.684, 0.744, 0, -6.473, 0.035, 0.000362, 0.00189, 0.548, 0.169, 124.025] 3ZKaajpnNifBZiNo9UidG8
[0.717, 0.752, 0, -6.933, 0.065, 0.251, 0.000468, 0.0802, 0.14, 123.97] 7b4vbqgzMhbFa0wdjfftQJ
[0.389, 0.864, 4, -2.032, 0.0518, 0.0887, 0, 0.705, 0.441, 121.323] 5Mq7ntOR1DsoLiBzunBqHp
[0.625, 0.804, 1, -6.219, 0.151, 0.0521, 0, 0.302, 0.567, 124.971] 5KsdfLLbAkncvkvtHavfLd
[0.776, 0.849, 0, -4.557, 0.0628, 0.00193, 0.285, 0.109, 0.534, 121.981] 2Bms4pXVpPeaoiHAnZwFcA
[0.711, 0.875, 5, -4.762, 0.112, 0.132, 0, 0.637, 0.554, 118.065] 6fhCQcU6XAMN706TtxdGvl
[0.673, 0.596, 10, -7.891, 0.0354, 0.166, 0, 0.11, 0.19, 123.969] 3Kuu5vASpXK8oRsxOvau6P
[0.652, 0.85, 8, -4.895, 0.057, 0.0125, 6.89e-06, 0.292, 0.63, 128.952] 7fDl4zv4qyjVnD3E0N1Bd7
[0.616, 0.835, 6, -3.706, 0.0964, 0.22, 4.5e-05, 0.0279, 0.571, 117.863] 6B9cqNooxIyPfr3P5EB8LA
[0.699, 0.837, 9, -2.273, 0.125, 0.122, 7.67e-05, 0.119, 0.542, 126.029] 3XmDsBbjzSArIMWGcNrQhU
[0.754, 0.824, 5, -2.453, 0.039, 0.0506, 7.92e-06, 0.108, 0.613, 116.978] 53hNIcq8OLj9OUNvQ4ulFM
[0.563, 0.547, 4, -6.482, 0.0389, 0.196, 0, 0.0705, 0.257, 127.011] 4v9cky86ATQINpjhPxuNaj
[0.408, 0.979, 1, -1.501, 0.136, 0.00267, 0.00338, 0.238, 0.315, 124.569] 0w6kxpXufsj7lUk79Nw9cX
[0.772, 0.707, 0, -7.031, 0.0507, 0.0521, 3.96e-06, 0.0719, 0.403, 112.032] 5tjpOTsbVVbqWRQuymGnuy
[0.563, 0.902, 7, -5.922, 0.413, 0.0424, 7.26e-05, 0.131, 0.298, 127.255] 13opctvyVx5lDygtSuEk5j
[0.822, 0.749, 1, -6.038, 0.0406, 0.021, 0.00246, 0.0962, 0.67, 124.042] 309SiwzPSY8X0byeZZR7uZ
[0.636, 0.602, 1, -5.546, 0.0345, 0.0176, 0.000179, 0.0818, 0.291, 122.021] 2EHVjRFRSsXQaHAsys74Us
[0.628, 0.83, 10, -7.079, 0.0312, 0.0148, 0.509, 0.0959, 0.313, 123.084] 54S9I0mFQswfzVXmlhlI5m
[0.63, 0.978, 2, -5.622, 0.258, 0.011, 0.00431, 0.108, 0.448, 123.976] 32EkWfqZiDOkRyMLeDcSnr
[0.808, 0.986, 7, -7.189, 0.0572, 0.000996, 0.163, 0.0708, 0.553, 124.007] 765BEt0voHwV4ZeNUDDCuX
[0.721, 0.996, 0, -3.205, 0.0748, 0.00282, 0.899, 0.0292, 0.604, 124.976] 62z7b4CeyJU91f0uOmaVzO
[0.758, 0.975, 2, -6.664, 0.0666, 0.045, 0.854, 0.341, 0.211, 122.991] 0MaKfDxmMzfFxsK3ASWHZ3
[0.725, 0.974, 0, -5.365, 0.0638, 0.0025, 0.173, 0.13, 0.597, 122.99] 273mQVagZbcrzlE8OdUKS6
[0.841, 0.903, 10, -7.142, 0.0692, 0.000813, 0.559, 0.0407, 0.777, 124.967] 71K287FPbgjKfLlMmbJiBS
[0.567, 0.865, 10, -6.21, 0.0391, 0.0901, 0.832, 0.113, 0.432, 123.996] 1m5LFnPGNRXBeNvxWKN7Yc
[0.566, 0.954, 6, -4.678, 0.0376, 0.00411, 0.0257, 0.0943, 0.887, 125.967] 3rTZinXSSEZhexNLwPhpjr
[0.782, 0.912, 10, -5.893, 0.0366, 0.000182, 0.874, 0.103, 0.242, 124.997] 1jecX0W9PFxHXjYvfR64xL
[0.79, 0.918, 2, -4.268, 0.0394, 0.000899, 0.92, 0.113, 0.669, 125.005] 5tUCCbHktLiVH8h1qpZ5m5
[0.809, 0.852, 9, -7.409, 0.0901, 0.00108, 0.852, 0.0412, 0.571, 127.009] 21wPzeEo0Q9tetXqU364LE
[0.662, 0.985, 0, -6.242, 0.0623, 0.0145, 0.289, 0.0804, 0.582, 124.007] 2pTDErs1Wckk9K6NfU0RaR
[0.571, 0.812, 1, -9.367, 0.0454, 0.013, 0.661, 0.0831, 0.449, 124.998] 4s2aIdeNhy2nuS4JmMzONS
[0.875, 0.905, 0, -6.283, 0.0771, 0.000169, 0.602, 0.34, 0.856, 123.028] 2OoterSr22HgslWmfBJd4b
[0.573, 0.967, 2, -1.515, 0.0552, 0.00158, 0.868, 0.0338, 0.833, 123.023] 2wkmvqR7VGZeLPLJZqrFSz
[0.947, 0.703, 7, -7.443, 0.182, 0.0376, 0.879, 0.613, 0.673, 123.014] 438gWn6n7rjCOfIBgeFZhG
[0.721, 0.869, 7, -4.248, 0.0934, 0.00554, 0.858, 0.638, 0.177, 121.999] 7LXdg3iX7AbWSIk5dSbGIu
[0.92, 0.749, 10, -5.279, 0.11, 0.00028, 0.13, 0.0859, 0.396, 127.002] 6y29f6pS1rBiPbOszUW3Pk
[0.582, 0.926, 5, -7.141, 0.0498, 0.00628, 0.433, 0.147, 0.328, 125.984] 6iXOZA34071xJtPQc8JwnX
[0.641, 0.964, 7, -4.286, 0.0411, 0.00817, 0.0417, 0.657, 0.387, 124.007] 5gWlRVgoaBCNoTL0J1wNDq
[0.681, 0.898, 1, -5.507, 0.0358, 0.107, 0.345, 0.0374, 0.142, 124.985] 0cnzLNSWGzMja9ARqfsj7w
[0.804, 0.944, 9, -7.618, 0.0424, 0.000224, 0.874, 0.0167, 0.665, 124.007] 70uBgkSeatOYUNi6OnBIk1
[0.662, 0.883, 0, -6.634, 0.0318, 0.000188, 0.908, 0.107, 0.499, 126.008] 5COZ5Lw1OatQYOY4qhUT2x
[0.719, 0.88, 9, -7.946, 0.0469, 0.00103, 0.648, 0.212, 0.47, 124.001] 6DHxvh0ysZGyJf37jWlwXI
[0.732, 0.805, 7, -7.807, 0.0432, 0.0157, 0.151, 0.0901, 0.646, 124.005] 64xGbjWj2jzvmibF91QBwO
[0.838, 0.88, 7, -6.3, 0.044, 0.0023, 0.332, 0.0447, 0.743, 121.997] 064PIXni8eIfwYocDoCBUD
[0.801, 0.992, 0, -4.912, 0.0761, 0.000259, 0.892, 0.0671, 0.358, 125.0] 2WBNsOwujbVm9vFjXR9Pns
[0.677, 0.891, 11, -6.606, 0.0824, 0.00615, 0.0311, 0.0932, 0.51, 125.002] 3ZACGUC4UcTnATx68FP1P5
[0.904, 0.835, 7, -8.122, 0.151, 0.0497, 0, 0.328, 0.792, 121.988] 2rrmzOrxVJKqDp0Q71JVm0
[0.749, 0.82, 11, -7.119, 0.0717, 0.0002, 0.878, 0.123, 0.555, 125.003] 1df0MFPcTfNnnlriIyFdVp
[0.8, 0.855, 3, -5.903, 0.0685, 0.000529, 0.3, 0.15, 0.956, 124.975] 5u3ztMViQw0OxNBaeoRIC0
[0.743, 0.952, 1, -5.471, 0.064, 0.0127, 0.18, 0.12, 0.766, 123.983] 3gwGg0KDHH7mb468aPtNQk
[0.808, 0.865, 0, -8.074, 0.0582, 0.0061, 0.887, 0.0304, 0.915, 126.045] 6Se798tmrohtxfWEOljxLV
[0.75, 0.87, 7, -6.846, 0.0432, 3.94e-06, 0.909, 0.0773, 0.303, 126.012] 7v5s3IhXqr4cykKdPIziHD
[0.719, 0.937, 11, -3.718, 0.0394, 0.0775, 0.739, 0.722, 0.183, 125.006] 0MohhaKyjH8w8XAc2zHXGB
[0.716, 0.976, 11, -8.117, 0.0462, 0.00447, 0.915, 0.0381, 0.175, 125.006] 6JZmkwDSRkuBczDSYsl2uY
[0.808, 0.742, 7, -7.46, 0.0726, 0.000208, 0.918, 0.0819, 0.375, 126.022] 1an7E6838jxXThwY0h3UVG
[0.77, 0.945, 1, -9.704, 0.0579, 0.00185, 0.913, 0.046, 0.197, 123.009] 3qLxPY2rLaWuM5IcSrpmog
[0.79, 0.802, 4, -6.322, 0.1, 0.00109, 0.909, 0.0597, 0.246, 126.001] 3Pnmnu3rmlAbOd4VtBH3En
[0.713, 0.849, 0, -7.774, 0.0344, 0.0036, 0.095, 0.159, 0.0589, 122.026] 5cMvewMmwJGdROHCDEFh9j
[0.856, 0.947, 10, -4.887, 0.0567, 0.00197, 0.822, 0.181, 0.602, 123.971] 2kRHlVflRGoFxXjZPQ07xy
[0.651, 0.887, 7, -8.083, 0.0649, 0.00127, 0.244, 0.111, 0.304, 128.013] 3aWb11RT6t4VqNIj4PvDUA
[0.649, 0.947, 4, -4.578, 0.0453, 0.0246, 0.198, 0.0673, 0.677, 124.005] 3KdeV5Z2S5iFJjdLdfsKYc
[0.799, 0.888, 7, -7.486, 0.0592, 0.000415, 0.399, 0.236, 0.633, 126.986] 4YMtgq26DFzEazwpGcAHUp
[0.743, 0.953, 6, -5.505, 0.0539, 0.0601, 0.752, 0.146, 0.488, 124.981] 1gbK7eOB0s1Y3bBpBsYX5P
[0.788, 0.898, 11, -5.93, 0.0348, 0.0367, 0.4, 0.0645, 0.764, 121.991] 2Rsn3b2wzflcjX0pXcZFdj
[0.675, 0.713, 11, -6.871, 0.0346, 0.0965, 0.43, 0.0853, 0.929, 123.999] 58EBmg7pg5VFnOttLTICRj
[0.774, 0.996, 8, -5.825, 0.0601, 0.000555, 0.875, 0.0892, 0.777, 124.984] 4ESuaCYT4mXDRCy5cCsSGY
[0.758, 0.888, 7, -7.716, 0.0434, 0.00216, 0.74, 0.133, 0.698, 122.023] 69CODZhMwCcQLvZLI59fiQ
[0.846, 0.78, 2, -7.334, 0.0546, 1.13e-05, 0.916, 0.0441, 0.45, 125.0] 7H6Ugccq5TkLK22eONFDpH
[0.691, 0.929, 11, -6.815, 0.0583, 0.000304, 0.899, 0.751, 0.93, 125.988] 5Z8ZzDdEogEtu3KXi7pQPo
[0.805, 0.672, 7, -12.866, 0.0943, 0.000952, 0.873, 0.0515, 0.0747, 124.016] 23k95CIO8Qp1jEn82bhK45
[0.803, 0.926, 9, -9.117, 0.0731, 0.0061, 0.893, 0.107, 0.65, 124.991] 5tNZGSbQUOO6WRLY1pAGEt
[0.713, 0.954, 9, -5.014, 0.0548, 0.000312, 0.55, 0.0929, 0.338, 125.995] 1iByWVgwuRbuYna4vpFQru
[0.742, 0.95, 0, -6.607, 0.0617, 0.0159, 0.778, 0.512, 0.497, 121.951] 0w9dbnzgWqCXrIgd7MWa9c
[0.744, 0.787, 7, -8.871, 0.0735, 5.35e-05, 0.0956, 0.19, 0.414, 124.032] 0hipdEMB9MrSRTj42A0FCK
[0.808, 0.972, 5, -6.065, 0.0489, 0.00126, 0.894, 0.0546, 0.193, 124.985] 509IdhS6V17sbPi5qK6J9T
[0.613, 0.844, 4, -4.882, 0.168, 0.134, 1.39e-06, 0.329, 0.185, 125.14] 4v4SJXyl7Vv5JVLEp9nu6u
[0.805, 0.826, 1, -5.856, 0.0594, 1.25e-05, 0.924, 0.0556, 0.38, 123.992] 5ivNaz5QJrbJ0pv2wdkPWc
[0.89, 0.849, 8, -6.278, 0.174, 0.0283, 0.898, 0.125, 0.719, 124.968] 6PPGICsLR5O7fQFShQa02T
[0.843, 0.804, 0, -7.154, 0.0949, 0.000774, 0.627, 0.0488, 0.153, 125.999] 5OPa4vCV928S2pZUkyuZCC
[0.677, 0.946, 3, -6.019, 0.0345, 0.0016, 0.705, 0.0806, 0.435, 120.989] 1D75fNIiR2dbm9lHdMy8Oh
[0.748, 0.959, 7, -6.937, 0.072, 0.00143, 0.894, 0.0745, 0.707, 123.002] 68kMQyo80N8Gc9otkopKIZ
[0.792, 0.868, 7, -5.268, 0.0483, 1.7e-05, 0.916, 0.063, 0.221, 124.999] 24IrP2JO8TBzMospzX3t5x
[0.853, 0.695, 1, -5.844, 0.0682, 0.000257, 0.919, 0.0933, 0.087, 126.005] 5yh5n1yIZsC7Fvlf6xsygr
[0.731, 0.878, 0, -7.314, 0.0756, 0.00692, 0.693, 0.0897, 0.569, 127.993] 3D2dkgBRruCPPXty0XRwQe
[0.849, 0.978, 9, -7.105, 0.0918, 0.000167, 0.907, 0.0659, 0.264, 125.002] 23hllCR1vQASFqvlGha1eD
[0.876, 0.814, 10, -5.205, 0.0756, 0.000198, 0.672, 0.0745, 0.503, 121.997] 5LR6tBItEYd4574ly38mjo
[0.84, 0.74, 2, -8.198, 0.0435, 0.000785, 0.774, 0.0838, 0.582, 124.995] 5RFaAmjvkuH4NjHDh8hBgb
[0.794, 0.869, 0, -4.607, 0.0518, 0.00698, 0.269, 0.0722, 0.828, 123.996] 1Hm9NXu4nCSxMJswKKuy8s
[0.802, 0.964, 11, -6.793, 0.0624, 0.000368, 0.849, 0.0638, 0.288, 124.996] 4zvmPK5kd8lH8md0dhDKb1
[0.881, 0.857, 8, -8.755, 0.0908, 0.0187, 0.118, 0.29, 0.252, 125.007] 7nD4wp62vXdun7movA45TJ
[0.679, 0.988, 11, -6.298, 0.0437, 0.00591, 0.32, 0.045, 0.928, 125.029] 7KNcQgXXEPr84HW300jnID
[0.612, 0.997, 7, -5.191, 0.0646, 0.0031, 0.803, 0.0992, 0.537, 124.999] 4zv8V2UNbkgX2uR038ABQB
[0.734, 0.96, 3, -6.49, 0.12, 0.000744, 0.6, 0.072, 0.736, 124.002] 0CTDvMU93cLuBpwLxw6m6r
[0.704, 0.991, 11, -6.104, 0.0388, 0.00385, 0.902, 0.0856, 0.211, 124.997] 1Rz1Cjmo8hWPuCk2IiC1VY
[0.646, 0.902, 7, -6.505, 0.0428, 0.00043, 0.906, 0.0663, 0.293, 125.001] 5XrQLG0F2A5BsF6KfzGpL6
[0.78, 0.913, 6, -5.658, 0.0622, 0.000974, 0.91, 0.0679, 0.514, 125.002] 4EQjn3wQB0NneCRzENqm53
[0.659, 0.859, 7, -5.504, 0.0846, 0.0038, 0.95, 0.0721, 0.214, 125.009] 1OzCaGpWfO64SI1MPOHBU6
[0.754, 0.838, 0, -6.09, 0.044, 0.00653, 0.0325, 0.245, 0.316, 124.987] 56I4OIGTDhBmX8ZSJJDf1k
[0.673, 0.725, 1, -7.083, 0.0406, 0.0185, 0.00244, 0.0819, 0.734, 123.997] 4fPsf2LSiixPICs8dvhZbq
[0.634, 0.901, 5, -4.517, 0.05, 3.36e-05, 0.877, 0.0582, 0.319, 126.993] 43lzy6sfViFn4dGqDs0ony
[0.773, 0.939, 5, -6.357, 0.0474, 0.00147, 0.732, 0.141, 0.928, 125.015] 0TA4F4TBPqGI37yNVWZ3qu
[0.728, 0.913, 11, -6.865, 0.0679, 0.00459, 0.425, 0.0491, 0.553, 124.998] 26xW0lqwFci1qvXlaNtQOZ
[0.803, 0.872, 0, -8.496, 0.0579, 0.00029, 0.862, 0.0545, 0.91, 122.996] 62l9fbEcMUc4N1z3HDUTiU
[0.802, 0.859, 2, -7.371, 0.0518, 0.00145, 0.318, 0.0851, 0.964, 124.973] 3xYlKnx3G4uWiOxDy8IZ0u
[0.764, 0.922, 8, -5.744, 0.103, 0.00525, 0.193, 0.699, 0.465, 124.987] 2sBuB5zkLgKO1h1IddaDFE
[0.781, 0.665, 0, -6.428, 0.0378, 0.00827, 0.0823, 0.0949, 0.308, 122.988] 0YrKBTS8QVwupu9OyhwtQa
[0.707, 0.796, 11, -5.43, 0.0346, 0.0132, 0.534, 0.167, 0.534, 121.988] 7cqWPcQL8FTpfeAI2IIfAe
[0.782, 0.98, 1, -4.446, 0.0629, 0.000792, 0.21, 0.155, 0.603, 125.014] 1hc2Dfx1Sprm8SRHRKbmd0
[0.633, 0.787, 10, -5.724, 0.0269, 0.0119, 0.285, 0.0669, 0.255, 124.982] 2BXzimZvrg8j789MeB2JDe
[0.805, 0.996, 1, -6.71, 0.0551, 0.00206, 0.915, 0.0328, 0.847, 126.015] 4MhKFQtzMoFzAng21uopFZ
[0.745, 0.898, 4, -5.346, 0.221, 0.0419, 0.0413, 0.157, 0.0985, 124.013] 5UzwuWCVFzMo9FoUsoyOxs
[0.606, 0.945, 4, -5.557, 0.041, 0.031, 0.0999, 0.0262, 0.567, 124.024] 54ty4QimLwpueRKbrvayWY
[0.594, 0.989, 7, -5.45, 0.0428, 0.0038, 0.84, 0.0517, 0.615, 124.036] 7euJT1QaiIOhp2JfRtmFqe
[0.696, 0.84, 7, -9.756, 0.0498, 0.00128, 0.656, 0.0549, 0.187, 123.993] 14TBFboUEW228l2Je3tANp
[0.781, 0.849, 0, -7.608, 0.0558, 0.0135, 0.319, 0.0473, 0.865, 125.035] 2TidWebXQUsifZfm87MT8P
[0.807, 0.905, 1, -8.735, 0.0511, 0.168, 0.936, 0.087, 0.46, 125.006] 2Qt5JhMNVGjyCbgujIlAHT
[0.742, 0.791, 8, -9.131, 0.305, 0.26, 0.405, 0.133, 0.836, 124.951] 1bEr5cfKzCJPsRAx97nDfB
[0.672, 0.915, 2, -6.708, 0.0592, 0.0674, 0.942, 0.0855, 0.372, 122.966] 1B89dglefjYMvJkLOEwfD1
[0.842, 0.896, 11, -8.503, 0.0653, 0.0138, 0.855, 0.102, 0.385, 126.013] 1frjBLyKqV2jk1g78027l9
