[0.574, 0.758, 1, -5.029, 0.0621, 0.0969, 0, 0.395, 0.492, 144.111] 5JEx7HbmvHQQswJCsoo9rA
[0.694, 0.852, 7, -5.34, 0.257, 0.0882, 0, 0.334, 0.377, 107.178] 575NJxNUVDqwJGdzBrlLbv
[0.541, 0.468, 10, -4.039, 0.362, 0.404, 3.65e-06, 0.358, 0.69, 95.266] 1WSGTYKLEpKfNQYYW5Oymt
[0.746, 0.767, 1, -2.907, 0.0374, 0.0601, 1.07e-05, 0.0859, 0.773, 94.007] 19hh7DkfRBrpRGYfKlw7jb
[0.652, 0.897, 7, -4.481, 0.036, 0.293, 0, 0.0722, 0.475, 114.033] 1wsLHgXJ4SKIfd5ePSX1hD
[0.588, 0.67, 0, -6.439, 0.0473, 0.0104, 3.33e-06, 0.338, 0.505, 118.159] 5N4erncE7kuUccm7zEmwzk
[0.703, 0.748, 1, -6.047, 0.0435, 0.123, 0, 0.0642, 0.625, 111.943] 2jZIfoe48eUeOEnP9Ho4h2
[0.753, 0.498, 2, -5.61, 0.0504, 0.551, 0, 0.0706, 0.927, 89.95] 1A6OTy97kk0mMdm78rHsm8
[0.745, 0.693, 2, -5.479, 0.034, 0.339, 0, 0.123, 0.248, 98.039] 2XWjPtKdi5sucFYtVav07d
[0.601, 0.775, 0, -4.612, 0.0473, 0.269, 0, 0.0883, 0.483, 119.964] 6jreFSOTUAViWjKyzOC4Kg
[0.757, 0.832, 4, -3.318, 0.0758, 0.0384, 0.00241, 0.661, 0.386, 125.894] 5vsRm2aCBl5T2qdpvwtrf6
[0.739, 0.742, 7, -4.586, 0.0329, 0.0227, 1.39e-06, 0.229, 0.659, 124.016] 05mAIVLkIWc2d1UBYZBCp8
[0.678, 0.729, 8, -4.188, 0.137, 0.0658, 0, 0.303, 0.643, 99.895] 7jr3iPu4O4bTCVwLMbdU2i
[0.673, 0.71, 8, -6.744, 0.0324, 0.00277, 0, 0.55, 0.54, 110.017] 5yNEdBlZMxpcVtGKz5NFk5
[0.673, 0.687, 6, -5.295, 0.0623, 0.269, 0, 0.181, 0.524, 96.964] 2qfEcCkEo5NscA9GL7ER72
[0.687, 0.792, 5, -2.749, 0.0452, 0.191, 0, 0.167, 0.671, 100.015] 2dpaYNEQHiRxtZbfNsse99
[0.6, 0.535, 4, -7.043, 0.107, 0.648, 4.7e-06, 0.162, 0.269, 71.912] 0CZ8lquoTX2Dkg7Ak2inwA
[0.842, 0.734, 1, -5.065, 0.0588, 0.0427, 0, 0.106, 0.952, 137.958] 4y3OI86AEP6PQoDE6olYhO
[0.503, 0.741, 4, -5.128, 0.047, 0.579, 1.49e-06, 0.0712, 0.458, 88.335] 4keoy2fqgwGnbWlm3ZVZFa
[0.693, 0.575, 9, -6.998, 0.0801, 0.374, 0, 0.252, 0.492, 117.999] 14sOS5L36385FJ3OL8hew4
[0.423, 0.857, 10, -3.441, 0.275, 0.0316, 0, 0.0555, 0.655, 180.01] 59D6pNWyn8UXPpos5fbAqm
[0.662, 0.844, 8, -5.495, 0.0669, 0.00295, 4.78e-05, 0.525, 0.763, 145.007] 3D1rlKmZdpYUeMtRRLNawc
[0.688, 0.738, 5, -4.829, 0.0405, 0.00875, 3.89e-05, 0.257, 0.251, 111.022] 2qTAYXYc6U3a1VkWtTBXJQ
[0.639, 0.685, 9, -4.571, 0.049, 0.105, 0, 0.143, 0.363, 110.041] 1xobJHNsdoBQAJ2cgSfHVu
[0.717, 0.872, 11, -3.279, 0.0357, 0.0162, 1.99e-06, 0.205, 0.61, 120.026] 6lD9nDl7jBUSIPDMAMZjuD
[0.693, 0.594, 6, -7.323, 0.0469, 0.0123, 6.25e-05, 0.0764, 0.565, 96.973] 4FtGhkcEHma8WjuzFYSr2o
[0.592, 0.691, 3, -8.354, 0.196, 0.156, 9.78e-06, 0.418, 0.0796, 99.976] 63SevszngYpZOwf63o61K4
[0.647, 0.853, 8, -4.516, 0.0904, 0.0615, 0, 0.062, 0.618, 103.846] 01k24g94i1JvkFLQmVEdCd
[0.607, 0.74, 4, -4.793, 0.172, 0.0829, 0, 0.105, 0.219, 108.05] 54l9GJGQ1UCFKe2tzt1Vxt
[0.659, 0.738, 4, -5.072, 0.0477, 0.118, 0, 0.115, 0.481, 127.95] 2lYTJK94hb0fd1LQtb6Dhk
[0.708, 0.701, 0, -5.196, 0.0328, 0.031, 0, 0.392, 0.504, 120.932] 1hSOt9IeshMkuKP9ri4hOf
[0.494, 0.496, 0, -11.2, 0.142, 0.0236, 0, 0.0569, 0.377, 88.176] 0Bp1hCBkBhqrFqumpNoqkX
[0.732, 0.922, 6, -1.829, 0.0975, 0.0348, 0, 0.146, 0.589, 120.033] 0v3BMLcwUmAwyqJaf5997o
[0.596, 0.854, 7, -5.114, 0.463, 0.0169, 0, 0.124, 0.152, 120.274] 55S2PQgSMYAhgoTCcGCDfw
[0.892, 0.507, 0, -8.282, 0.378, 0.704, 3.14e-05, 0.109, 0.695, 143.96] 6tsOcBnaKgzK22yEiqRh8P
[0.782, 0.651, 6, -4.889, 0.117, 0.0601, 0, 0.0907, 0.65, 122.028] 2s4fNa1Rqam7rGCSn9Gj1j
[0.689, 0.505, 0, -6.389, 0.0933, 0.158, 0, 0.138, 0.312, 99.017] 6xTU6B6nFwKKTSZ9ySXS80
[0.756, 0.675, 7, -6.479, 0.0755, 0.00767, 0.000909, 0.0535, 0.34, 98.092] 71HJ6PCDao3hcgOEUX8M22
[0.61, 0.87, 2, -4.012, 0.0693, 0.00299, 0, 0.064, 0.523, 125.014] 33npucdtC2uQou2OM2KmRQ
[0.783, 0.537, 9, -2.921, 0.0749, 0.278, 0, 0.229, 0.392, 113.977] 447yWcDPg1ddgcHBLGpJC0
[0.688, 0.539, 0, -8.587, 0.0353, 0.127, 4.16e-05, 0.116, 0.207, 115.964] 4x0pNOZ5r6kJMjsvsoliBm
[0.701, 0.458, 1, -7.749, 0.0836, 0.00407, 0.000151, 0.045, 0.482, 102.967] 1YHT1FZv5t3ZFLsVPuy6Rq
[0.575, 0.571, 1, -7.906, 0.0439, 0.0558, 0, 0.0912, 0.449, 105.049] 15kQGEy89K8deJcZVFEn0N
[0.669, 0.801, 8, -5.445, 0.136, 0.268, 0, 0.0594, 0.541, 109.919] 4PkIDTPGedm0enzdvilLNd
[0.612, 0.54, 8, -5.886, 0.0338, 0.361, 5.82e-06, 0.102, 0.197, 121.952] 2rvsMBNzzIgp1bd9AXANu7
[0.69, 0.784, 1, -4.653, 0.032, 0.323, 0, 0.203, 0.669, 106.066] 3u1S1OmAUhx5DRlLrXqyp3
[0.838, 0.609, 8, -5.865, 0.0446, 0.442, 1.99e-06, 0.0742, 0.609, 102.988] 5FUlm1KaB15evWbYRYbZ05
[0.707, 0.674, 1, -5.578, 0.177, 0.0901, 0, 0.115, 0.928, 95.02] 3gFgp6Ofp808Kc2qLQiN5e
[0.638, 0.642, 7, -4.422, 0.0639, 0.00153, 4.07e-06, 0.0826, 0.676, 165.984] 7aHUol3Vz9xHm4Yot2dSKi
[0.688, 0.688, 3, -5.84, 0.0357, 0.3, 0, 0.0982, 0.451, 114.011] 0kHyKhJMukHEPfeh8s7rdM
[0.815, 0.518, 7, -6.594, 0.0897, 0.223, 0, 0.104, 0.877, 151.891] 1tNJrcVe6gwLEiZCtprs1u
[0.541, 0.468, 10, -4.039, 0.362, 0.404, 3.65e-06, 0.358, 0.69, 95.266] 1WSGTYKLEpKfNQYYW5Oymt
[0.567, 0.696, 9, -5.416, 0.301, 0.456, 0, 0.113, 0.544, 92.061] 2n48BjaFSczfeIG3HaIaPv
[0.797, 0.93, 11, -3.37, 0.0455, 0.0636, 0.000123, 0.951, 0.907, 123.985] 2VBYFWgwIlJjyzidPTHQqp
[0.707, 0.771, 11, -4.371, 0.0821, 0.0342, 1.79e-06, 0.0684, 0.609, 94.035] 7vSm2hckpPHTrIHpqmqOze
[0.807, 0.887, 1, -4.311, 0.0361, 0.016, 0.000503, 0.0811, 0.606, 122.015] 5itOtNx0WxtJmi1TQ3RuRd
[0.673, 0.687, 6, -5.295, 0.0623, 0.269, 0, 0.181, 0.524, 96.964] 2qfEcCkEo5NscA9GL7ER72
[0.758, 0.519, 0, -5.832, 0.0362, 0.116, 0, 0.183, 0.417, 92.99] 0BWx2N8CosqHVKkofenY3R
[0.844, 0.644, 11, -6.273, 0.0479, 0.0828, 0, 0.113, 0.591, 122.061] 7njKgVl3AnLflRad38o7AG
[0.66, 0.788, 0, -5.844, 0.0374, 0.00464, 0, 0.179, 0.494, 120.048] 1pfgsjmxVZhoZpeDx6POKv
[0.842, 0.734, 1, -5.065, 0.0588, 0.0427, 0, 0.106, 0.952, 137.958] 4y3OI86AEP6PQoDE6olYhO
[0.611, 0.835, 6, -4.107, 0.139, 0.167, 0, 0.107, 0.672, 102.023] 4Cy5f4JsH1yoeGks7FnoHw
[0.46, 0.8, 1, -3.584, 0.05, 0.289, 6.16e-06, 0.121, 0.553, 102.46] 4NSW0Km5ZG60L8FthUebPJ
[0.453, 0.833, 11, -4.248, 0.068, 0.1, 0, 0.0847, 0.609, 125.535] 1eSGjhgBHh8zhJ44eHtvhP
[0.685, 0.691, 9, -4.673, 0.0864, 0.058, 5.62e-06, 0.136, 0.302, 92.95] 7wjprvfscpUNacftNovfQO
[0.835, 0.734, 5, -4.978, 0.211, 0.192, 0, 0.231, 0.667, 105.012] 0pkfyhvGnYHoSwGvRS36Gh
[0.749, 0.814, 5, -3.769, 0.0404, 0.156, 0, 0.0673, 0.715, 119.964] 1oLSje4Ot5qRUq8FqYeXOl
[0.591, 0.705, 9, -6.519, 0.079, 0.381, 0.000116, 0.131, 0.27, 121.799] 3y3brCCecHC3Db18aIOnny
[0.6, 0.573, 10, -5.875, 0.0308, 0.166, 0, 0.0746, 0.341, 101.948] 1OxU6TiQJFoN2omiXtR12i
[0.745, 0.825, 0, -5.413, 0.0748, 0.0697, 0, 0.168, 0.744, 99.98] 0KrMQAuuOptU5H7MIyiGIm
[0.645, 0.862, 11, -4.757, 0.0965, 0.0923, 0, 0.192, 0.798, 119.991] 5KawlOMHjWeUjQtnuRs22c
[0.441, 0.66, 5, -3.335, 0.0508, 0.0265, 0, 0.351, 0.765, 177.718] 6JEqJbL1brIBySspoKU2CL
[0.669, 0.801, 8, -5.445, 0.136, 0.268, 0, 0.0594, 0.541, 109.919] 4PkIDTPGedm0enzdvilLNd
[0.688, 0.729, 4, -6.56, 0.0573, 0.437, 0.00369, 0.0928, 0.469, 110.055] 7aQeWViSfRWSEwtJD86Eq0
[0.756, 0.574, 10, -7.192, 0.0326, 0.284, 1.26e-06, 0.336, 0.431, 107.945] 5I6VTSLvliukuJtShBIm5W
[0.514, 0.618, 11, -4.585, 0.0317, 0.175, 0, 0.117, 0.401, 84.259] 0i0wnv9UoFdZ5MfuFGQzMy
[0.816, 0.754, 11, -2.75, 0.111, 0.0361, 0, 0.217, 0.533, 99.966] 7uH27oIt4a6cIFCA8ZPcyG
[0.755, 0.606, 2, -6.435, 0.0313, 0.548, 0, 0.128, 0.617, 101.003] 5LVCtUQQOr1JmwdUufLaw7
[0.67, 0.672, 1, -3.469, 0.0923, 0.192, 5.13e-05, 0.0926, 0.643, 165.075] 7KY4hAPXXg9aeYczem8JBo
[0.647, 0.795, 1, -3.548, 0.0372, 0.0635, 0, 0.188, 0.409, 127.992] 4Tvw0lweq9l2JPQKFbpbBQ
[0.554, 0.786, 9, -4.288, 0.0491, 0.0024, 0, 0.148, 0.358, 120.057] 67H8U1DqJMTv9vCg7P95uR
[0.584, 0.726, 1, -4.604, 0.0371, 0.14, 0, 0.0984, 0.398, 106.979] 2JVwsN6viHjR9t5pCPQ4Br
[0.684, 0.677, 6, -4.034, 0.0464, 0.0754, 0, 0.133, 0.595, 130.141] 0uUNN1nSoUx1A4fkDCWDQ7
[0.802, 0.803, 4, -5.428, 0.153, 0.0572, 1.06e-06, 0.269, 0.339, 118.997] 02rbSCTm2smTIZ6d8im2NP
[0.709, 0.574, 11, -6.796, 0.0507, 0.322, 0, 0.108, 0.275, 96.967] 4tIIRx9NG4Nyu53Xt9e8C3
[0.737, 0.496, 6, -7.605, 0.426, 0.281, 0, 0.211, 0.541, 176.023] 0922QmPCA8PuDb19cXKKw3
[0.52, 0.881, 1, -2.308, 0.296, 0.126, 0, 0.143, 0.711, 111.928] 6QuMW8fEXeSqmD0R9ihCJX
[0.782, 0.438, 4, -9.443, 0.0312, 0.45, 3.69e-06, 0.168, 0.561, 100.037] 1mrbHxd94wZnyv7nsF2EFt
[0.581, 0.818, 11, -4.412, 0.0591, 0.0648, 2.63e-06, 0.153, 0.191, 117.972] 4rTZbEQtDtlZZW1Ag9Umbk
[0.581, 0.779, 11, -3.657, 0.0435, 0.0824, 0, 0.159, 0.308, 119.954] 5cHxiejMwH4wLYJAQGQ3Vs
[0.764, 0.752, 8, -3.713, 0.0711, 0.18, 0, 0.0701, 0.698, 100.066] 6JqpFboOH2bq9pzaYbkKBn
[0.509, 0.689, 1, -4.929, 0.102, 0.0209, 0, 0.301, 0.297, 170.087] 4n7jnSxVLd8QioibtTDBDq
[0.715, 0.832, 0, -4.08, 0.0502, 0.0324, 0, 0.112, 0.66, 91.006] 4Sib57MmYGJzSvkW84jTwh
[0.595, 0.78, 6, -5.618, 0.0379, 0.022, 0.00767, 0.271, 0.516, 169.911] 6bFaDrdNesocJTk6iMy0fa
[0.324, 0.859, 5, -3.204, 0.248, 0.0023, 1.47e-06, 0.36, 0.259, 176.059] 4hHUlFX74mSbMcbRNy5GI2
[0.638, 0.719, 8, -4.44, 0.131, 0.0218, 4.74e-06, 0.153, 0.44, 100.056] 47Mw10WRIWBH8OewdwDegP
[0.645, 0.563, 2, -5.155, 0.0663, 0.0285, 0, 0.15, 0.555, 107.885] 1jY7v9jG7kuUOGT9vVR6vs
[0.69, 0.852, 4, -5.989, 0.0408, 0.0155, 3.62e-05, 0.121, 0.48, 129.916] 3huJOOwXX3zOgdHCbhVTJn
[0.703, 0.829, 5, -4.964, 0.0335, 0.00092, 1.43e-05, 0.0972, 0.902, 122.098] 5nyR10uysfZhx3RuTaPbo1
[0.696, 0.793, 2, -4.504, 0.0402, 0.0116, 0.000783, 0.0626, 0.374, 110.061] 16MCjtjOSAnWAAAmQWHP9u
[0.771, 0.768, 11, -7.773, 0.0451, 0.0266, 1.26e-05, 0.426, 0.607, 125.023] 29R1IMTTbDDA3VNlk6UEW5
[0.741, 0.689, 4, -4.946, 0.0447, 0.0305, 0, 0.112, 0.655, 110.06] 7y7fPt0Tbv7IW4NLjrIpG4
[0.684, 0.816, 10, -5.211, 0.0322, 0.0181, 0, 0.0222, 0.702, 121.993] 4M8x1TR36VMQMFMbGCdoyA
[0.677, 0.744, 10, -6.806, 0.0295, 0.0404, 0.00016, 0.074, 0.631, 124.08] 5p1ex0pXv6jSPJ6QbumQpD
[0.79, 0.728, 2, -3.534, 0.097, 0.00611, 1.91e-06, 0.0827, 0.638, 120.021] 2n675wYwoWe0F5jOXlmfcR
[0.618, 0.805, 7, -3.807, 0.0407, 0.0213, 8.68e-05, 0.339, 0.452, 120.004] 1zqks8BVVv9Qlbs6l0CHwq
[0.742, 0.722, 4, -3.443, 0.0405, 0.173, 0, 0.4, 0.581, 103.472] 72rMovcXnFRHQHDXBFnzvb
[0.585, 0.782, 1, -4.101, 0.0897, 0.269, 0, 0.156, 0.521, 121.908] 33CfD8UkDEcSdAP9j4QpUY
[0.802, 0.803, 4, -5.428, 0.153, 0.0572, 1.06e-06, 0.269, 0.339, 118.997] 02rbSCTm2smTIZ6d8im2NP
[0.556, 0.684, 7, -8.183, 0.14, 0.0666, 0.275, 0.237, 0.076, 123.903] 0AR1NRcYkm2vhostE502BU
[0.646, 0.836, 0, -7.479, 0.0405, 0.00358, 0.00203, 0.275, 0.307, 126.911] 0c2r4R6A5eSz1yqrSvMkmj
[0.698, 0.81, 0, -5.032, 0.0367, 0.426, 0, 0.136, 0.678, 109.055] 6CLg9uosQhXPoVKYBqI1xT
[0.625, 0.808, 6, -5.102, 0.0488, 0.0166, 4.17e-05, 0.238, 0.67, 125.005] 6kL42isZlqNerWADyGT2Cu
[0.673, 0.737, 0, -5.709, 0.0279, 0.0198, 6.62e-06, 0.0869, 0.498, 119.984] 4VQk1NgfaQkzeyZkLMgyPK
[0.581, 0.818, 11, -4.412, 0.0591, 0.0648, 2.63e-06, 0.153, 0.191, 117.972] 4rTZbEQtDtlZZW1Ag9Umbk
[0.623, 0.681, 7, -3.49, 0.0268, 0.139, 0, 0.0946, 0.453, 121.98] 0wGxHftiB6j0SDzrFkF2G7
[0.732, 0.909, 10, -4.572, 0.0547, 0.0745, 0.00254, 0.26, 0.407, 123.94] 43hmlDW4H4NHdvy6Cf60XD
[0.768, 0.657, 11, -6.277, 0.0533, 0.0948, 0.0122, 0.205, 0.657, 121.98] 4rCKHlHS5G3xLl7gplAZO6
[0.686, 0.61, 0, -7.882, 0.0731, 0.0249, 1.81e-05, 0.123, 0.291, 105.002] 1CNCmckkTkCoJ8FsuwwL7t
[0.849, 0.955, 1, -1.862, 0.153, 0.286, 0.000862, 0.0604, 0.545, 122.984] 60QoePs4iQCs2aCZm96ew2
[0.717, 0.752, 0, -6.933, 0.065, 0.251, 0.000468, 0.0802, 0.14, 123.97] 4dHuU8wSvtek4sxRGoDLpf
[0.712, 0.651, 11, -8.005, 0.0305, 0.023, 0.175, 0.158, 0.423, 125.051] 4GRYjEZJFqpkhsfEFcT9zl
[0.801, 0.9, 1, -3.902, 0.147, 0.013, 0.0927, 0.064, 0.834, 122.038] 6rjGt5xJF2uFTNCbg5h1pp
[0.744, 0.726, 1, -4.675, 0.0463, 0.0399, 0, 0.374, 0.687, 121.985] 6e0CvGZf7CouOpYF8toXHC
[0.841, 0.752, 0, -5.357, 0.0356, 0.054, 1.54e-05, 0.151, 0.459, 123.957] 25Y0KetMqtb0BW5iOS4A8L
[0.723, 0.875, 5, -4.603, 0.0748, 0.00193, 3.7e-05, 0.126, 0.435, 122.979] 5ElvxQOgTTUTjVfa1uhhFv
[0.69, 0.691, 0, -3.543, 0.0688, 0.14, 5.13e-06, 0.113, 0.374, 123.992] 3JL4kpklmz9j3B3NtjCZ2f
[0.707, 0.896, 3, -5.157, 0.0538, 0.0127, 0.859, 0.0182, 0.903, 122.011] 3RiRFyvasDtAv8n0AQUKFG
[0.727, 0.912, 8, -3.594, 0.0377, 0.0272, 0.000443, 0.118, 0.671, 126.023] 7qZOnik9K8Mv987ccBjwwj
[0.59, 0.678, 10, -5.48, 0.0384, 0.0259, 2.2e-05, 0.0707, 0.4, 126.061] 5UaEBgRvUPFf5CEDhaTdp7
[0.762, 0.696, 7, -5.465, 0.0497, 0.0358, 0.00394, 0.505, 0.259, 123.081] 4Kk8Xc3UaEPAQ0CepN6AaL
[0.753, 0.706, 5, -3.981, 0.0567, 0.0478, 7.52e-06, 0.439, 0.906, 115.986] 3tO1DU2uMHavJ9Ypqq111P
[0.558, 0.561, 9, -5.003, 0.0376, 0.0923, 0.000231, 0.117, 0.126, 122.936] 4DRXA3mohweU9tE7VugYdp
[0.772, 0.892, 1, -3.402, 0.115, 0.0789, 2.82e-06, 0.0826, 0.675, 122.068] 5ONbE0Al4S5Oi2pVlyVKap
[0.729, 0.697, 6, -5.455, 0.104, 0.248, 0, 0.123, 0.424, 124.116] 0Hb80Q5aYlmU7SikJBmt5L
[0.745, 0.847, 9, -5.919, 0.0464, 0.0475, 0.0604, 0.196, 0.321, 124.997] 6CZ3w71CemmWI8sNRnOs6v
[0.782, 0.828, 5, -4.576, 0.0445, 0.00556, 0.00812, 0.21, 0.864, 123.96] 22Ckl8uaVR71UMChg6NLRQ
[0.764, 0.796, 1, -4.895, 0.0441, 0.146, 0, 0.102, 0.55, 123.038] 7BF5rE2EVDmWNXc0uoP8Bz
[0.789, 0.758, 2, -4.957, 0.114, 0.0665, 0, 0.0711, 0.147, 126.0] 1lr5prHQn7Q766Ix6eGRKK
[0.8, 0.873, 0, -3.459, 0.0944, 0.0698, 0.000142, 0.103, 0.689, 123.069] 6q3PSCHTeTSyacrjeCRXxB
[0.751, 0.763, 0, -7.764, 0.0402, 0.0192, 0.53, 0.0605, 0.444, 126.073] 5xGOQeQYQPxks7UzTgGywK
[0.715, 0.798, 0, -4.774, 0.121, 0.00849, 0.0002, 0.247, 0.78, 121.874] 1VWUvQbNSmvYcMORiYXunQ
[0.713, 0.914, 6, -4.021, 0.0913, 0.0121, 0.000624, 0.0938, 0.541, 126.149] 1NRqRV9D8icFKm1VkaqSq7
[0.694, 0.823, 6, -4.652, 0.201, 0.0243, 0, 0.275, 0.552, 118.108] 78zlgKzdU5vp15sOlKaSnT
[0.56, 0.845, 5, -3.148, 0.0669, 0.053, 3.35e-06, 0.0984, 0.541, 122.941] 0lxchyzTYEDcZiwf0EiswB
[0.581, 0.668, 7, -6.505, 0.0318, 0.0911, 0, 0.112, 0.411, 127.952] 7tPPX0ppZQSg2z8ER4AqR9
[0.515, 0.879, 6, -7.177, 0.138, 0.00863, 0.106, 0.557, 0.152, 123.333] 35DGbmzScfNz4xGH9dH8No
[0.686, 0.831, 8, -4.328, 0.0354, 0.0207, 1.74e-06, 0.0805, 0.709, 121.974] 7f1COEu1ZmCrVJmGI59JHB
[0.636, 0.96, 11, -3.198, 0.0642, 0.00427, 0, 0.28, 0.183, 102.012] 0QRnaPqdw9SrUU830qR499
[0.661, 0.921, 6, -2.773, 0.059, 0.0196, 1.65e-05, 0.213, 0.224, 114.941] 5Bc1kTga6heozpCDkM4lI6
[0.744, 0.869, 6, -3.605, 0.0401, 0.3, 0.00152, 0.0776, 0.571, 123.974] 3taA5ZlyNv3YS0A34eUZoW
[0.679, 0.724, 11, -7.62, 0.0317, 0.000113, 0.665, 0.139, 0.654, 123.012] 2DEZLZ3Ym3kz7lZk3ssHGd
[0.657, 0.833, 11, -3.655, 0.247, 0.27, 0, 0.0778, 0.842, 108.172] 5VuBR2RdwW1GtThNCF58BH
[0.635, 0.868, 7, -3.406, 0.0413, 0.0181, 0, 0.0822, 0.574, 109.987] 4cyy2gi5MnFnqU2l9q0cUZ
[0.587, 0.961, 1, -2.329, 0.0915, 0.0287, 1.73e-06, 0.105, 0.365, 125.026] 2xfJ2t8tEStlHR1uNUfwEy
[0.714, 0.828, 3, -4.663, 0.0598, 0.00514, 0.154, 0.32, 0.208, 124.034] 6EXl6ZF6rXm6qCsKeizJ1b
[0.729, 0.899, 0, -4.757, 0.191, 0.0215, 0.00118, 0.116, 0.623, 121.97] 2MYRU51rPa1QpukXT2lR7C
[0.733, 0.859, 9, -5.03, 0.033, 0.479, 0.0645, 0.105, 0.52, 124.948] 2xyIwHKujL7tSgkK2Waj2s
[0.595, 0.93, 7, -3.946, 0.356, 0.0214, 0.948, 0.113, 0.38, 124.987] 1O7tRYHITKBamX02xXPeXg
[0.841, 0.813, 10, -6.291, 0.0986, 0.0358, 0.676, 0.0495, 0.452, 123.999] 6jGElJK5B0UYgVbtPdjJ5X
[0.73, 0.692, 8, -5.432, 0.0695, 0.104, 5.42e-06, 0.106, 0.76, 109.08] 0s3P5PImfDZYWIseR3b39D
[0.786, 0.449, 7, -9.357, 0.0581, 0.639, 7.02e-05, 0.0969, 0.75, 87.964] 6boYyQM68dtq8njlaT4Mau
[0.966, 0.543, 2, -7.47, 0.0603, 0.406, 0.000416, 0.0782, 0.704, 116.019] 0G7vexduCvboPyIGjJXQIC
[0.659, 0.524, 1, -9.64, 0.0629, 0.178, 0.000691, 0.131, 0.482, 130.09] 0eBEo8ckRAmUEdrbmgpevQ
[0.53, 0.534, 5, -7.87, 0.195, 0.344, 0, 0.081, 0.401, 178.091] 4aai1PoVGPcspMhmzOzpZN
[0.682, 0.681, 2, -5.435, 0.0291, 0.0201, 0.0162, 0.101, 0.577, 111.037] 6MByWSkfqebVmpPw3pA1uR
[0.709, 0.824, 1, -8.824, 0.0453, 0.207, 0.000307, 0.0888, 0.867, 118.814] 2tUBqZG2AbRi7Q0BIrVrEj
[0.649, 0.831, 4, -5.484, 0.0701, 0.0294, 2.92e-05, 0.182, 0.497, 90.053] 2aGDxHavIuRArjI3NwfaVY
[0.794, 0.595, 10, -6.17, 0.0409, 0.0309, 2.88e-05, 0.312, 0.869, 114.01] 0IyPLTOYCocp1DJI2j8t0x
[0.945, 0.651, 4, -5.763, 0.138, 0.2, 0, 0.128, 0.924, 117.964] 5xBKpwPd9Zgd2zaDhorzfR
[0.799, 0.586, 11, -6.735, 0.0377, 0.162, 2.03e-06, 0.193, 0.549, 120.97] 3s4U7OHV7gnj42VV72eSZ6
[0.824, 0.75, 10, -7.646, 0.0477, 0.177, 0.0356, 0.0705, 0.705, 116.005] 1DriOnyA5tFc2bUdM6nglI
[0.723, 0.794, 11, -7.136, 0.0365, 0.413, 0.113, 0.0928, 0.589, 120.007] 3iQHc5Mk6yN1ntBjJYD89H
[0.632, 0.724, 7, -10.758, 0.0393, 0.791, 0.0617, 0.127, 0.792, 103.963] 1ssrdw13fZZkdCjVGqKq6T
[0.769, 0.782, 10, -3.929, 0.0678, 0.0617, 2.7e-05, 0.0828, 0.363, 111.063] 2prC6PPOZIPBsCD3dQb3lm
[0.856, 0.462, 10, -7.478, 0.059, 0.273, 0, 0.11, 0.714, 108.012] 3kbRKguaSi2XNR1wA68FGG
[0.907, 0.721, 9, -4.917, 0.253, 0.0143, 0, 0.0793, 0.538, 107.979] 4zAV2pS81cE30xhBHwG9Pf
[0.791, 0.862, 9, -3.24, 0.11, 0.037, 2.19e-05, 0.0814, 0.592, 123.994] 7ef4DlsgrMEH11cDZd32M6
[0.773, 0.623, 6, -6.173, 0.0377, 0.22, 0, 0.389, 0.714, 129.962] 4ZPXuHp219ujq6QJ9oqteR
[0.686, 0.671, 0, -10.185, 0.0475, 0.0149, 0.457, 0.074, 0.814, 104.995] 4QBEEdEZH0ELpHNdQCdDZ1
[0.637, 0.864, 8, -4.381, 0.0468, 0.484, 0, 0.222, 0.706, 99.995] 2RiBogNRfulkNf7fVbPOrJ
[0.825, 0.652, 1, -3.183, 0.0802, 0.581, 0, 0.0931, 0.931, 95.977] 7qiZfU4dY1lWllzX7mPBI3
[0.723, 0.711, 0, -5.576, 0.0378, 0.0997, 0, 0.0528, 0.606, 138.098] 70OTIpw8x8UXUsuCHW9i1i
[0.943, 0.56, 6, -7.784, 0.0558, 0.00976, 0.00422, 0.0563, 0.899, 130.022] 2cWmwidyu05cx7otcyBZGm
[0.596, 0.869, 10, -11.97, 0.037, 0.0116, 0.173, 0.0678, 0.944, 109.902] 05wIrZSwuaVWhcv5FfqeH0
[0.539, 0.884, 9, -6.53, 0.0403, 0.382, 0.00166, 0.76, 0.752, 100.812] 4NtUY5IGzHCaqfZemmAu56
[0.853, 0.681, 0, -5.003, 0.0888, 0.00966, 5.71e-05, 0.0233, 0.93, 115.004] 4rmPQGwcLQjCoFq5NrTA0D
[0.71, 0.799, 6, -4.897, 0.0328, 0.22, 0.000602, 0.349, 0.725, 120.372] 4y1LsJpmMti1PfRQV9AWWe
[0.692, 0.711, 0, -7.498, 0.0317, 0.227, 0, 0.12, 0.875, 125.135] 1TfqLAPs4K3s2rJMoCokcS
[0.764, 0.672, 1, -5.612, 0.226, 0.0397, 5.54e-06, 0.0777, 0.727, 128.029] 1CLljfgtXG6ODaJONSMkwQ
[0.578, 0.866, 1, -3.804, 0.0619, 0.00701, 0, 0.257, 0.619, 128.038] 4kbj5MwxO1bq9wjT5g9HaA
[0.401, 0.867, 4, -5.658, 0.0365, 0.00145, 5.31e-05, 0.156, 0.612, 158.923] 5kNYGyPkorBykxgUE6EL1X
[0.642, 0.619, 11, -10.427, 0.0418, 0.189, 0.16, 0.349, 0.431, 159.922] 4MhaF08X17tmOmUcmRq5lN
[0.781, 0.393, 1, -12.423, 0.0343, 0.389, 0.00888, 0.0954, 0.603, 116.977] 0MsYSIag5JihnDLn2GkZh3
[0.581, 0.529, 9, -9.303, 0.0412, 0.169, 0, 0.192, 0.54, 172.979] 5la3Ns6Kijy768nRHOvpCL
[0.804, 0.816, 9, -5.218, 0.0796, 0.0288, 0, 0.0999, 0.625, 99.991] 0W0ooKnuOJHSqp8zZRje7I
[0.542, 0.905, 9, -5.653, 0.054, 0.00172, 0.0104, 0.136, 0.374, 153.398] 0ntQJM78wzOLVeCUAW7Y45
[0.716, 0.666, 11, -7.344, 0.0235, 0.266, 0.00386, 0.125, 0.695, 94.999] 0dX4Km9dUSm5tOOEL07MnF
[0.672, 0.671, 9, -4.509, 0.0396, 0.107, 0.000151, 0.266, 0.583, 141.994] 23Og0B4rYvBL4tfE0qVzdM
[0.599, 0.83, 8, -5.732, 0.0443, 0.00145, 0, 0.055, 0.58, 143.034] 7gKWkTsFST8U4uUq6oInLa
[0.694, 0.712, 7, -3.923, 0.046, 0.133, 0, 0.211, 0.799, 98.022] 0r4SsYcwvd8URat6AS2m6f
[0.77, 0.634, 9, -6.169, 0.0464, 0.0865, 0, 0.122, 0.362, 108.002] 1XncG8MWOmnPG6qotOhF8B
[0.781, 0.858, 6, -4.47, 0.0344, 0.00534, 0.0055, 0.047, 0.965, 138.559] 6BtT26ojcHOOb5LAia8zhr
[0.552, 0.577, 5, -7.107, 0.0929, 0.0122, 0.000139, 0.121, 0.763, 87.554] 1IivtUqnUfW9jH3pM08D8U
[0.779, 0.64, 7, -8.415, 0.159, 0.000155, 0.00077, 0.101, 0.498, 99.019] 4TsmezEQVSZNNPv5RJ65Ov
[0.853, 0.679, 7, -4.029, 0.113, 0.00928, 0, 0.175, 0.388, 102.604] 4eT8TcG3KKlprFcYePA9gw
[0.646, 0.77, 2, -6.596, 0.226, 0.00249, 0, 0.0715, 0.681, 99.165] 5IVuqXILoxVWvWEPm82Jxr
[0.926, 0.916, 10, -2.221, 0.0929, 0.35, 6.17e-06, 0.0234, 0.904, 110.007] 0eqH0ALoDQevq59YcQ53KE
[0.738, 0.902, 4, -6.569, 0.13, 0.0636, 0, 0.148, 0.867, 139.938] 4FmyszaYnvrcrMNZq43s1n
[0.751, 0.933, 1, -4.776, 0.105, 0.0559, 0, 0.0681, 0.897, 140.006] 5CRHElxRbAIFlocvaZJeih
[0.719, 0.967, 0, -2.435, 0.0552, 0.0588, 0.000249, 0.206, 0.964, 79.505] 5WQ1hIc5d2EVbRQ8qsj8Uh
[0.879, 0.849, 9, -6.115, 0.182, 0.00844, 0.371, 0.0689, 0.732, 120.995] 35nsl8YiBIYw1YdNmkmhnk
[0.596, 0.73, 9, -4.091, 0.151, 0.24, 0, 0.325, 0.525, 85.979] 285HeuLxsngjFn4GGegGNm
[0.617, 0.533, 3, -11.516, 0.0651, 0.0891, 4.04e-06, 0.0415, 0.835, 158.86] 0QKfiqpEU4h9ycPSzIFwYe
[0.704, 0.558, 5, -6.7, 0.173, 0.546, 0.00388, 0.0572, 0.35, 119.985] 2CVdv7qP8WKKMRSVLIMvob
[0.902, 0.805, 6, -5.005, 0.0464, 0.0725, 0.082, 0.0916, 0.737, 124.996] 392zwJVuiuhDZC3ShNmLkD
[0.74, 0.831, 5, -7.321, 0.0456, 0.444, 0.00304, 0.0769, 0.448, 121.034] 6UqRGwjwYL0stXbaodTxwo
[0.679, 0.867, 11, -3.867, 0.219, 0.18, 0, 0.667, 0.597, 125.988] 1Kv9bJxNbO2zqwWbRsOPVw
[0.837, 0.793, 11, -5.048, 0.0567, 0.0261, 9.04e-05, 0.0743, 0.87, 124.988] 2NF8A7C6tICScdRaZ0BrEe
[0.735, 0.784, 11, -7.128, 0.0332, 0.449, 0.154, 0.105, 0.582, 120.012] 0fsEFwLSJTSHSawhe864Cp
[0.559, 0.868, 5, -5.276, 0.17, 0.0475, 0.000176, 0.776, 0.609, 156.295] 5T8EDUDqKcs6OSOwEsfqG7
[0.622, 0.807, 5, -6.752, 0.408, 0.103, 0, 0.306, 0.892, 174.06] 6x4tKaOzfNJpEJHySoiJcs
[0.576, 0.733, 7, -5.278, 0.0288, 0.00135, 0.000215, 0.107, 0.551, 150.12] 6RH49kOurGNl02pT2iKOOp
[0.579, 0.904, 5, -2.729, 0.0618, 0.193, 0, 0.064, 0.681, 82.014] 1rqqCSm0Qe4I9rUvWncaom
[0.738, 0.647, 11, -7.076, 0.0368, 0.389, 0, 0.201, 0.709, 101.098] 62R1MRux3R0v2cngA2xdJn
[0.723, 0.809, 7, -3.081, 0.0625, 0.00346, 0.00123, 0.565, 0.274, 98.007] 33YmfTNoLnbkRnOjf7YIVm
[0.72, 0.491, 4, -10.162, 0.0327, 0.349, 0.183, 0.111, 0.249, 122.011] 29Xp9qXcl1LBpGMFtfUZ4O
[0.674, 0.647, 5, -6.105, 0.0474, 0.000395, 0.00203, 0.0696, 0.287, 124.048] 1sfmIZRBmY5yq5wRQs987T
[0.637, 0.863, 11, -3.129, 0.0949, 0.0475, 1.13e-05, 0.202, 0.582, 94.929] 0ycVaIaqd6xgDOnqr5n2fR
[0.63, 0.928, 9, -2.787, 0.0331, 0.199, 0.124, 0.148, 0.465, 123.963] 0azC730Exh71aQlOt9Zj3y
[0.607, 0.795, 0, -5.137, 0.0496, 0.0986, 0, 0.059, 0.815, 81.298] 5qFPs70nZD1fQZOi7u7cIZ
[0.688, 0.858, 5, -6.496, 0.0348, 0.103, 0.000118, 0.147, 0.697, 92.253] 2u8MGAiS2hBVE7GZzTZLQI
[0.66, 0.927, 5, -5.867, 0.156, 0.461, 5.73e-05, 0.699, 0.458, 136.247] 4caiYv89C9GZdDD1RzshWd
[0.564, 0.911, 2, -5.39, 0.0536, 0.159, 4.36e-05, 0.118, 0.582, 173.938] 4YR6Dextuoc3I8nJ0XgzKI
[0.466, 0.615, 0, -9.102, 0.0492, 0.413, 0, 0.343, 0.812, 108.016] 5uzNa0SBGOe5pPnstWHMCt
[0.573, 0.902, 6, -7.638, 0.054, 0.018, 0.00125, 0.0928, 0.876, 84.412] 2WfaOiMkCvy7F5fcp2zZ8L
[0.466, 0.438, 4, -12.858, 0.0608, 0.089, 5.62e-06, 0.113, 0.587, 193.1] 6HA97v4wEGQ5TUClRM0XLc
[0.426, 0.584, 1, -5.293, 0.296, 0.0383, 0, 0.188, 0.272, 193.437] 5mMjkxGijQB4JZallYrkOW
[0.667, 0.83, 0, -5.715, 0.0749, 0.0123, 0, 0.191, 0.701, 113.03] 6JV2JOEocMgcZxYSZelKcc
[0.636, 0.881, 2, -5.376, 0.0758, 0.134, 0.00952, 0.074, 0.845, 118.237] 7BXToqZFtclAj6mshYWena
[0.612, 0.921, 7, -2.879, 0.0848, 0.0183, 0, 0.0576, 0.453, 139.986] 70eDxAyAraNTiD6lx2ZEnH
[0.731, 0.853, 10, -4.219, 0.0363, 0.0352, 0, 0.268, 0.605, 108.016] 1di1BEgJYzPvXUuinsYJGP
[0.64, 0.74, 4, -4.083, 0.0284, 0.0115, 0.00678, 0.167, 0.785, 116.879] 6K4t31amVTZDgR3sKmwUJJ
[0.725, 0.853, 2, -7.842, 0.0353, 0.0348, 0.127, 0.196, 0.904, 136.282] 2PzU4IB8Dr6mxV3lHuaG34
[0.629, 0.686, 8, -4.851, 0.0626, 0.0365, 2.37e-05, 0.0709, 0.731, 91.05] 1hLjLWrzO18acdCFcccFWk
[0.719, 0.704, 1, -4.724, 0.0476, 0.0691, 0, 0.166, 0.628, 133.002] 25sgk305KZfyuqVBQIahim
[0.584, 0.699, 1, -6.065, 0.0378, 6.52e-05, 6.05e-05, 0.486, 0.585, 82.499] 1ctdfJSzp6qF2iDAVdDrfl
[0.421, 0.831, 4, -5.128, 0.107, 0.0283, 0, 0.464, 0.488, 134.027] 76EeScTnI2sCjDY0SfEoSb
[0.801, 0.795, 1, -5.115, 0.0504, 0.0417, 0.000113, 0.0717, 0.754, 79.028] 6QgjcU0zLnzq5OrUoSZ3OK
[0.768, 0.864, 11, -6.145, 0.0324, 0.101, 0, 0.162, 0.891, 110.008] 1Je1IMUlBXcx1Fz0WE7oPT
[0.787, 0.848, 1, -4.696, 0.0549, 0.0915, 0, 0.15, 0.947, 121.989] 6nM9Sr6MPcfpqwQTD7PZGi
[0.744, 0.869, 6, -3.605, 0.0401, 0.3, 0.00152, 0.0776, 0.571, 123.974] 3taA5ZlyNv3YS0A34eUZoW
[0.549, 0.629, 0, -11.337, 0.127, 0.268, 0.00285, 0.0924, 0.821, 213.84] 1pViOt8zA2rl2NfHeDGnyD
[0.628, 0.698, 6, -5.608, 0.105, 0.0472, 0.00143, 0.0907, 0.732, 89.976] 3S4px9f4lceWdKf0gWciFu
[0.745, 0.869, 10, -4.828, 0.0574, 0.153, 0, 0.139, 0.963, 125.005] 0KvLsZYwodakWxOQUYAR5I
[0.723, 0.969, 6, -4.516, 0.142, 0.0643, 0, 0.115, 0.728, 126.653] 54OR1VDpfkBuOY5zZjhZAY
[0.737, 0.93, 1, -6.083, 0.0534, 0.237, 1.57e-06, 0.0911, 0.965, 103.191] 2df5QsXucx4VLiHNGusXD5
[0.506, 0.764, 0, -12.239, 0.046, 0.144, 0.00025, 0.247, 0.868, 156.336] 0uMMLry3hzWGn3q3loqMkm
[0.55, 0.622, 0, -11.304, 0.114, 0.324, 0.00247, 0.12, 0.868, 213.654] 2pA1xHmhDxle8pPhhIaWCp
[0.67, 0.776, 9, -5.874, 0.0356, 0.0184, 0.00294, 0.128, 0.703, 130.128] 5RYLa5P4qweEAKq5U1gdcK
[0.647, 0.616, 5, -4.948, 0.0272, 0.277, 0, 0.0816, 0.79, 93.019] 7bXvOMQ3UrcTS1dO9Ppzsg
[0.671, 0.373, 9, -18.064, 0.0323, 0.257, 7.95e-05, 0.0481, 0.732, 92.717] 2374M0fQpWi3dLnB54qaLX
[0.51, 0.696, 4, -10.83, 0.0802, 0.0157, 0.000104, 0.297, 0.905, 176.567] 1BY1Vd2Bt6JPOhMvsIwtVv
[0.446, 0.757, 1, -5.177, 0.0322, 0.0206, 0, 0.146, 0.421, 102.88] 2ihCaVdNZmnHZWt0fvAM7B
[0.635, 0.786, 0, -6.46, 0.0377, 0.0349, 0.00767, 0.497, 0.305, 97.54] 7zkDEBSxkcBVsStS4qBFpK
[0.427, 0.558, 1, -6.374, 0.0685, 0.395, 3.69e-05, 0.136, 0.605, 86.141] 6RB9YvNyP0RZfCUcMtZELH
[0.649, 0.71, 0, -6.775, 0.0394, 0.0509, 0, 0.179, 0.35, 117.058] 4mMYmlFkmrDStcSSpBKAE7
[0.527, 0.889, 6, -6.823, 0.176, 0.377, 0.189, 0.207, 0.832, 177.442] 1jDJFeK9x3OZboIAHsY9k2
[0.695, 0.672, 1, -6.109, 0.0345, 0.014, 8.44e-05, 0.0756, 0.245, 104.988] 4qqArAiTPueDxIp7cf87h7
[0.836, 0.674, 4, -5.216, 0.315, 0.194, 0, 0.0357, 0.677, 171.901] 1Kb8T0n7KZ0mO2LJWgrywe
[0.65, 0.765, 11, -4.603, 0.0464, 0.0933, 0.00457, 0.119, 0.475, 107.015] 31xCXmNz9BaTqSvTqgmWAy
[0.676, 0.926, 0, -2.244, 0.0425, 0.0305, 0.000658, 0.0771, 0.818, 124.019] 70ebKSMHvkUSg7JXgUz74Q
[0.672, 0.808, 8, -5.541, 0.0407, 0.0494, 0, 0.385, 0.334, 119.935] 20psIOrg7j48rGrlpFXqTI
[0.554, 0.83, 8, -5.82, 0.0358, 0.000376, 0.851, 0.363, 0.331, 122.99] 0lgHrv9qcVhwII3aW9aMZJ
[0.535, 0.878, 2, -4.103, 0.05, 0.109, 2.18e-05, 0.389, 0.515, 118.022] 6kr32AlGspfKtHjVhaAMFo
[0.643, 0.925, 0, -5.642, 0.0377, 0.0488, 2.82e-05, 0.159, 0.616, 121.969] 3qBnc1nWty6LjPIjXuAigw
[0.534, 0.765, 1, -3.151, 0.0338, 0.0915, 0.00107, 0.225, 0.117, 127.978] 5llPdGZJjJFJv9aL6ZaiLY
[0.487, 0.846, 2, -4.016, 0.0555, 0.225, 0.355, 0.41, 0.367, 122.978] 3rcnZD0l4NPyyQ9CecXfy9
[0.693, 0.575, 9, -6.998, 0.0801, 0.374, 0, 0.252, 0.492, 117.999] 14sOS5L36385FJ3OL8hew4
[0.54, 0.946, 5, -5.581, 0.0365, 0.000844, 0.607, 0.255, 0.342, 128.008] 4nKnyYt3VW7ZO3xpU8d394
[0.603, 0.988, 9, -3.567, 0.0466, 0.0178, 0.536, 0.116, 0.472, 125.986] 1CKhtImMq36AuwzFHz8qfd
[0.699, 0.913, 6, -2.639, 0.0485, 0.0451, 0.434, 0.955, 0.202, 126.035] 2GaCZk6EZBMv2H54GbUUMm
[0.597, 0.832, 5, -3.865, 0.0782, 0.114, 1.16e-06, 0.7, 0.374, 126.069] 4QE7rcOeNErdz87pgSZ823
[0.595, 0.937, 7, -5.618, 0.0497, 0.000821, 0.69, 0.0662, 0.394, 124.969] 6db0KOPsRmOinTttFmKXdl
[0.815, 0.518, 7, -6.594, 0.0897, 0.223, 0, 0.104, 0.877, 151.891] 1tNJrcVe6gwLEiZCtprs1u
[0.541, 0.468, 10, -4.039, 0.362, 0.404, 3.65e-06, 0.358, 0.69, 95.266] 1WSGTYKLEpKfNQYYW5Oymt
[0.567, 0.696, 9, -5.416, 0.301, 0.456, 0, 0.113, 0.544, 92.061] 2n48BjaFSczfeIG3HaIaPv
[0.797, 0.93, 11, -3.37, 0.0455, 0.0636, 0.000123, 0.951, 0.907, 123.985] 2VBYFWgwIlJjyzidPTHQqp
[0.707, 0.771, 11, -4.371, 0.0821, 0.0342, 1.79e-06, 0.0684, 0.609, 94.035] 7vSm2hckpPHTrIHpqmqOze
[0.807, 0.887, 1, -4.311, 0.0361, 0.016, 0.000503, 0.0811, 0.606, 122.015] 5itOtNx0WxtJmi1TQ3RuRd
[0.673, 0.687, 6, -5.295, 0.0623, 0.269, 0, 0.181, 0.524, 96.964] 2qfEcCkEo5NscA9GL7ER72
[0.758, 0.519, 0, -5.832, 0.0362, 0.116, 0, 0.183, 0.417, 92.99] 0BWx2N8CosqHVKkofenY3R
[0.844, 0.644, 11, -6.273, 0.0479, 0.0828, 0, 0.113, 0.591, 122.061] 7njKgVl3AnLflRad38o7AG
[0.66, 0.788, 0, -5.844, 0.0374, 0.00464, 0, 0.179, 0.494, 120.048] 1pfgsjmxVZhoZpeDx6POKv
[0.842, 0.734, 1, -5.065, 0.0588, 0.0427, 0, 0.106, 0.952, 137.958] 4y3OI86AEP6PQoDE6olYhO
[0.611, 0.835, 6, -4.107, 0.139, 0.167, 0, 0.107, 0.672, 102.023] 4Cy5f4JsH1yoeGks7FnoHw
[0.46, 0.8, 1, -3.584, 0.05, 0.289, 6.16e-06, 0.121, 0.553, 102.46] 4NSW0Km5ZG60L8FthUebPJ
[0.453, 0.833, 11, -4.248, 0.068, 0.1, 0, 0.0847, 0.609, 125.535] 1eSGjhgBHh8zhJ44eHtvhP
[0.685, 0.691, 9, -4.673, 0.0864, 0.058, 5.62e-06, 0.136, 0.302, 92.95] 7wjprvfscpUNacftNovfQO
[0.835, 0.734, 5, -4.978, 0.211, 0.192, 0, 0.231, 0.667, 105.012] 0pkfyhvGnYHoSwGvRS36Gh
[0.749, 0.814, 5, -3.769, 0.0404, 0.156, 0, 0.0673, 0.715, 119.964] 1oLSje4Ot5qRUq8FqYeXOl
[0.591, 0.705, 9, -6.519, 0.079, 0.381, 0.000116, 0.131, 0.27, 121.799] 3y3brCCecHC3Db18aIOnny
[0.6, 0.573, 10, -5.875, 0.0308, 0.166, 0, 0.0746, 0.341, 101.948] 1OxU6TiQJFoN2omiXtR12i
[0.745, 0.825, 0, -5.413, 0.0748, 0.0697, 0, 0.168, 0.744, 99.98] 0KrMQAuuOptU5H7MIyiGIm
[0.645, 0.862, 11, -4.757, 0.0965, 0.0923, 0, 0.192, 0.798, 119.991] 5KawlOMHjWeUjQtnuRs22c
[0.441, 0.66, 5, -3.335, 0.0508, 0.0265, 0, 0.351, 0.765, 177.718] 6JEqJbL1brIBySspoKU2CL
[0.669, 0.801, 8, -5.445, 0.136, 0.268, 0, 0.0594, 0.541, 109.919] 4PkIDTPGedm0enzdvilLNd
[0.688, 0.729, 4, -6.56, 0.0573, 0.437, 0.00369, 0.0928, 0.469, 110.055] 7aQeWViSfRWSEwtJD86Eq0
[0.756, 0.574, 10, -7.192, 0.0326, 0.284, 1.26e-06, 0.336, 0.431, 107.945] 5I6VTSLvliukuJtShBIm5W
[0.514, 0.618, 11, -4.585, 0.0317, 0.175, 0, 0.117, 0.401, 84.259] 0i0wnv9UoFdZ5MfuFGQzMy
[0.816, 0.754, 11, -2.75, 0.111, 0.0361, 0, 0.217, 0.533, 99.966] 7uH27oIt4a6cIFCA8ZPcyG
[0.755, 0.606, 2, -6.435, 0.0313, 0.548, 0, 0.128, 0.617, 101.003] 5LVCtUQQOr1JmwdUufLaw7
[0.67, 0.672, 1, -3.469, 0.0923, 0.192, 5.13e-05, 0.0926, 0.643, 165.075] 7KY4hAPXXg9aeYczem8JBo
[0.647, 0.795, 1, -3.548, 0.0372, 0.0635, 0, 0.188, 0.409, 127.992] 4Tvw0lweq9l2JPQKFbpbBQ
[0.554, 0.786, 9, -4.288, 0.0491, 0.0024, 0, 0.148, 0.358, 120.057] 67H8U1DqJMTv9vCg7P95uR
[0.584, 0.726, 1, -4.604, 0.0371, 0.14, 0, 0.0984, 0.398, 106.979] 2JVwsN6viHjR9t5pCPQ4Br
[0.684, 0.677, 6, -4.034, 0.0464, 0.0754, 0, 0.133, 0.595, 130.141] 0uUNN1nSoUx1A4fkDCWDQ7
[0.802, 0.803, 4, -5.428, 0.153, 0.0572, 1.06e-06, 0.269, 0.339, 118.997] 02rbSCTm2smTIZ6d8im2NP
[0.709, 0.574, 11, -6.796, 0.0507, 0.322, 0, 0.108, 0.275, 96.967] 4tIIRx9NG4Nyu53Xt9e8C3
[0.737, 0.496, 6, -7.605, 0.426, 0.281, 0, 0.211, 0.541, 176.023] 0922QmPCA8PuDb19cXKKw3
[0.52, 0.881, 1, -2.308, 0.296, 0.126, 0, 0.143, 0.711, 111.928] 6QuMW8fEXeSqmD0R9ihCJX
[0.782, 0.438, 4, -9.443, 0.0312, 0.45, 3.69e-06, 0.168, 0.561, 100.037] 1mrbHxd94wZnyv7nsF2EFt
[0.581, 0.818, 11, -4.412, 0.0591, 0.0648, 2.63e-06, 0.153, 0.191, 117.972] 4rTZbEQtDtlZZW1Ag9Umbk
[0.581, 0.779, 11, -3.657, 0.0435, 0.0824, 0, 0.159, 0.308, 119.954] 5cHxiejMwH4wLYJAQGQ3Vs
[0.764, 0.752, 8, -3.713, 0.0711, 0.18, 0, 0.0701, 0.698, 100.066] 6JqpFboOH2bq9pzaYbkKBn
[0.509, 0.689, 1, -4.929, 0.102, 0.0209, 0, 0.301, 0.297, 170.087] 4n7jnSxVLd8QioibtTDBDq
[0.715, 0.832, 0, -4.08, 0.0502, 0.0324, 0, 0.112, 0.66, 91.006] 4Sib57MmYGJzSvkW84jTwh
[0.595, 0.78, 6, -5.618, 0.0379, 0.022, 0.00767, 0.271, 0.516, 169.911] 6bFaDrdNesocJTk6iMy0fa
[0.324, 0.859, 5, -3.204, 0.248, 0.0023, 1.47e-06, 0.36, 0.259, 176.059] 4hHUlFX74mSbMcbRNy5GI2
[0.638, 0.719, 8, -4.44, 0.131, 0.0218, 4.74e-06, 0.153, 0.44, 100.056] 47Mw10WRIWBH8OewdwDegP
[0.645, 0.563, 2, -5.155, 0.0663, 0.0285, 0, 0.15, 0.555, 107.885] 1jY7v9jG7kuUOGT9vVR6vs
[0.69, 0.852, 4, -5.989, 0.0408, 0.0155, 3.62e-05, 0.121, 0.48, 129.916] 3huJOOwXX3zOgdHCbhVTJn
[0.703, 0.829, 5, -4.964, 0.0335, 0.00092, 1.43e-05, 0.0972, 0.902, 122.098] 5nyR10uysfZhx3RuTaPbo1
[0.696, 0.793, 2, -4.504, 0.0402, 0.0116, 0.000783, 0.0626, 0.374, 110.061] 16MCjtjOSAnWAAAmQWHP9u
[0.623, 0.89, 9, -4.783, 0.0394, 0.0426, 0, 0.153, 0.824, 117.0] 5Lf9rCqReE9Ri4tZvLRLuy
[0.746, 0.767, 1, -2.907, 0.0374, 0.0601, 1.07e-05, 0.0859, 0.773, 94.007] 19hh7DkfRBrpRGYfKlw7jb
[0.655, 0.632, 2, -4.802, 0.0489, 0.0189, 0, 0.0722, 0.447, 120.113] 3bnVBN67NBEzedqQuWrpP4
[0.692, 0.394, 11, -8.745, 0.207, 0.472, 0.000191, 0.117, 0.324, 89.936] 1RGasjWLZ4qMN7wbtkLa3u
[0.687, 0.617, 4, -5.213, 0.0287, 0.0941, 1.32e-05, 0.0898, 0.665, 121.08] 4sNG6zQBmtq7M8aeeKJRMQ
[0.604, 0.673, 1, -5.979, 0.0545, 0.0268, 3.32e-05, 0.187, 0.287, 144.971] 7gkWXbAxIYuvtOpcN3p9GJ
[0.645, 0.713, 6, -5.355, 0.0393, 0.00835, 0, 0.113, 0.566, 74.989] 2Z8WuEywRWYTKe1NybPQEW
[0.612, 0.807, 10, -2.81, 0.0336, 0.0495, 0.0177, 0.101, 0.398, 124.053] 2QjOHCTQ1Jl3zawyYOpxh6
[0.637, 0.509, 1, -5.926, 0.0346, 0.000323, 0, 0.0938, 0.306, 111.805] 0a1gaT2GLV37T7QlSEd6eL
[0.841, 0.622, 0, -6.763, 0.0756, 0.041, 0, 0.126, 0.738, 121.988] 0Dq49j3dELbttQVUJbtn0c
[0.596, 0.854, 7, -5.114, 0.463, 0.0169, 0, 0.124, 0.152, 120.274] 2iUXsYOEPhVqEBwsqP70rE
[0.608, 0.776, 11, -3.635, 0.0511, 0.241, 0, 0.0713, 0.814, 89.996] 3C3cr2JQwXIhqAHqOardVO
[0.729, 0.765, 8, -4.472, 0.0693, 0.0543, 0, 0.129, 0.747, 94.966] 6h3lMAmmpQDFqoHk9F99IR
[0.574, 0.761, 1, -3.579, 0.0849, 0.00335, 0, 0.0645, 0.597, 129.817] 4Bkh5uDlP14vneIoRG0umC
[0.813, 0.875, 1, -2.92, 0.0918, 0.0237, 0, 0.288, 0.756, 99.004] 4lRwa7PKcGIuJMwtPIYKdy
[0.624, 0.673, 4, -4.017, 0.0268, 0.000569, 1.54e-06, 0.104, 0.458, 121.986] 3Dwq1oiOFys6Sxr5SslmXw
[0.831, 0.713, 1, -3.646, 0.094, 0.181, 0, 0.0572, 0.69, 132.109] 6XlSyYFTU1nodeWwwzVgTV
[0.673, 0.686, 11, -5.745, 0.0454, 0.00154, 0, 0.382, 0.34, 118.43] 7aKOynv41IGU8uiXmpz7ok
[0.762, 0.7, 9, -6.021, 0.0694, 0.00261, 1.56e-05, 0.153, 0.608, 116.073] 2ekn2ttSfGqwhhate0LSR0
[0.738, 0.875, 7, -3.141, 0.127, 0.000673, 0.000556, 0.285, 0.538, 114.962] 77W6VUoJdasCQgjc5DW19q
[0.433, 0.336, 2, -9.345, 0.0433, 0.739, 4.88e-06, 0.318, 0.157, 87.554] 2QgNcjwEn0vGmTommfszQd
[0.617, 0.8, 4, -5.024, 0.0654, 0.147, 0, 0.0852, 0.42, 94.985] 61uyGDPJ06MkxJtHgPmuyO
[0.601, 0.843, 0, -4.87, 0.0593, 0.000704, 5.27e-05, 0.0681, 0.534, 128.002] 190jyVPHYjAqEaOGmMzdyk
[0.747, 0.867, 2, -3.561, 0.0392, 0.00894, 0.00267, 0.063, 0.791, 124.013] 1g61lRiAj3Nwc8ZGtEum8s
[0.968, 0.352, 9, -7.122, 0.121, 0.0365, 0.000103, 0.0677, 0.599, 111.968] 4BH9zDv1Ys6kw0j3lU1hTx
[0.748, 0.961, 8, -6.518, 0.0875, 0.00512, 0, 0.175, 0.856, 116.037] 4YAgH8s0JFfwikTNwe0aIk
[0.69, 0.897, 11, -4.696, 0.0506, 0.0142, 0, 0.108, 0.849, 140.05] 0AfYeE3bfJRcq9J2hUJXmM
[0.684, 0.858, 1, -4.266, 0.0342, 0.00694, 0.000167, 0.0828, 0.518, 129.963] 4RdRa3qq0GBSKjomxrkh5K
[0.569, 0.649, 11, -8.175, 0.482, 0.451, 0, 0.128, 0.441, 108.77] 2gxqozTaq2NYylvS8jd57G
[0.569, 0.645, 5, -7.368, 0.0387, 0.118, 0.00114, 0.146, 0.247, 74.985] 7gARZ2i5u5DHC1b1n1fML5
[0.698, 0.876, 3, -4.45, 0.0486, 0.452, 0.0133, 0.0824, 0.81, 101.992] 126TblwXGNTUZ7RPMnThkU
[0.493, 0.748, 11, -5.474, 0.0371, 0.138, 0.000548, 0.273, 0.6, 143.467] 5QD4hHEv8812JagZlH1MMy
[0.528, 0.707, 2, -7.626, 0.0822, 0.625, 0.0355, 0.116, 0.502, 143.802] 0HV1cGoX5ASBlPA1pqH8fG
[0.722, 0.918, 8, -2.952, 0.0607, 0.141, 0, 0.409, 0.831, 100.024] 19t5GSN3XsLB7UOsZD8Fwv
[0.734, 0.855, 9, -3.211, 0.118, 0.00481, 0, 0.123, 0.422, 126.035] 2AIWoHr9DF6y4KALCBKWQS
[0.375, 0.93, 2, -2.631, 0.0561, 0.00064, 0, 0.318, 0.491, 147.124] 33SNO8AaciGbNaQFkxvPrW
[0.554, 0.842, 5, -4.113, 0.0397, 0.287, 0, 0.106, 0.348, 114.036] 5Lbsc65org0b85kNsPkluY
[0.683, 0.893, 5, -3.086, 0.162, 0.0754, 0, 0.226, 0.909, 146.082] 6gorwqDJ7bsdCHcVs5uS9u
[0.66, 0.689, 4, -2.671, 0.0337, 0.0884, 0, 0.0922, 0.427, 127.98] 4sOX1nhpKwFWPvoMMExi3q
[0.501, 0.809, 7, -5.264, 0.0938, 0.0338, 0.00602, 0.119, 0.258, 149.964] 456WNXWhDwYOSf5SpTuqxd
[0.519, 0.799, 10, -4.207, 0.0371, 0.00878, 0, 0.107, 0.226, 107.489] 71iSmEeF0qRVyULABxP75P
[0.749, 0.85, 0, -4.346, 0.0468, 0.0319, 4.81e-05, 0.0678, 0.672, 145.983] 5EzitieoPnjyKHAq0gfRMa
[0.786, 0.853, 8, -2.687, 0.0816, 0.0688, 0, 0.0759, 0.45, 125.034] 1Zyd6zQnC6XIIzmg3hP7Ot
[0.74, 0.804, 3, -2.187, 0.0546, 0.411, 0, 0.0578, 0.791, 150.013] 7nkp1uuSbKkoxMvEs8cSw0
[0.713, 0.603, 6, -4.896, 0.287, 0.000759, 5.51e-06, 0.0453, 0.799, 78.027] 3o8QzWsiiqTUVgBZfHgF58
[0.656, 0.883, 9, -4.294, 0.0737, 0.0238, 0, 0.0481, 0.46, 129.947] 4CvId64YZSB0RfRdfzPIQU
[0.627, 0.694, 6, -5.025, 0.0466, 0.00804, 0, 0.473, 0.571, 105.063] 5a3kBF0knzZYWpe1f2n8T4
[0.651, 0.628, 1, -5.811, 0.0959, 0.173, 0, 0.0591, 0.513, 150.014] 6dpaekNzHZDhwd9QDayrbB
[0.676, 0.868, 5, -3.989, 0.194, 0.247, 0, 0.251, 0.927, 84.039] 3o83eepKSAqhA2pkdxXCkL
[0.682, 0.831, 11, -4.234, 0.253, 0.0569, 0, 0.0927, 0.785, 155.12] 4giQE1WslvC0WH412UVLYB
[0.613, 0.875, 5, -3.679, 0.239, 0.103, 0, 0.115, 0.658, 129.937] 28teoB4Tqk3Oh3YrLnM4uh
[0.479, 0.727, 4, -5.369, 0.0357, 0.000718, 1.97e-05, 0.0644, 0.0577, 180.09] 7MRY4VpCuZvBmFda6ZCk2G
[0.492, 0.666, 2, -6.42, 0.0317, 0.00146, 1.29e-06, 0.104, 0.26, 125.042] 5QJuMhGWTUB4t9BqR7ndL3
[0.473, 0.978, 2, -4.98, 0.217, 0.00955, 0, 0.349, 0.317, 144.141] 3sTpgVvp9dotoynnzRUuaS
[0.723, 0.906, 1, -4.778, 0.279, 0.0907, 0, 0.0771, 0.398, 125.019] 0usLRFLmYXYahKNgXxsuJc
[0.684, 0.468, 6, -5.817, 0.0514, 0.212, 0, 0.474, 0.371, 62.013] 6E37j4b44JGpdk297urpKM
[0.656, 0.821, 0, -4.838, 0.0325, 0.000194, 0.00232, 0.101, 0.791, 117.948] 6Z8R6UsFuGXGtiIxiD8ISb
[0.457, 0.883, 10, -5.61, 0.0376, 0.209, 5.11e-06, 0.0912, 0.736, 99.937] 3g86N0SqyfxEVNMHlmW3RE
[0.649, 0.863, 8, -8.202, 0.088, 0.244, 0.802, 0.103, 0.582, 110.027] 2Y6yBb2KctOmsxRSS8ZaKY
[0.919, 0.478, 11, -6.697, 0.156, 0.254, 0, 0.134, 0.799, 115.03] 5gW3kI83886nVV9apaFLWu
[0.687, 0.792, 5, -2.749, 0.0452, 0.191, 0, 0.167, 0.671, 100.015] 2dpaYNEQHiRxtZbfNsse99
[0.669, 0.574, 4, -6.442, 0.0286, 0.0175, 0.00294, 0.146, 0.273, 120.013] 0Dn40gxVCMo5TkgS8Ik18Q
[0.572, 0.691, 8, -4.783, 0.123, 0.0788, 0.000132, 0.0619, 0.318, 92.082] 5fK0Q3j2iUcQtiRDXlPW0K
[0.409, 0.678, 9, -7.731, 0.0878, 0.359, 4.76e-06, 0.167, 0.168, 89.968] 6TodWdTSDfzwgYynTZSvJn
[0.516, 0.456, 9, -9.242, 0.0397, 0.281, 1.27e-05, 0.0847, 0.238, 145.843] 3kYARoLSAvt86VFZ55BQcq
[0.827, 0.769, 7, -4.058, 0.126, 0.209, 9.54e-05, 0.091, 0.491, 93.986] 556l9P7WVZVyYUBjT1YFTT
[0.803, 0.599, 1, -5.169, 0.0985, 0.111, 0, 0.236, 0.484, 130.107] 1gGhqfs2pDTOI30AEXMXrn
[0.786, 0.82, 9, -5.093, 0.232, 0.222, 0, 0.575, 0.49, 119.982] 22nyEAEM29tcBRhukR089b
[0.857, 0.668, 7, -6.816, 0.052, 0.0175, 0.000595, 0.101, 0.624, 89.986] 6dktyiCWz2JYGmcPQ5D5dY
[0.554, 0.589, 3, -8.163, 0.231, 0.613, 0.000257, 0.0982, 0.414, 74.982] 4TwVtW8hS5LyLoDtJGpUOg
[0.694, 0.77, 6, -5.335, 0.149, 0.176, 1.1e-05, 0.118, 0.163, 125.905] 0E9ZjEAyAwOXZ7wJC0PD33
[0.836, 0.544, 7, -5.975, 0.0943, 0.0403, 0, 0.0824, 0.51, 97.028] 76cy1WJvNGJTj78UqeA5zr
[0.542, 0.589, 2, -6.623, 0.0318, 0.292, 0.000522, 0.177, 0.137, 111.665] 6ZapsNk1ZpaebNXAIohP9R
[0.451, 0.939, 5, -2.82, 0.0512, 0.00673, 4.85e-06, 0.0774, 0.448, 93.416] 2fAIfPLrPUTW1AmJRR428Q
[0.618, 0.76, 6, -4.312, 0.0596, 0.0066, 0, 0.127, 0.541, 150.0] 7GbUWl6qLW1gdngbEV2WDJ
[0.64, 0.608, 2, -5.832, 0.0346, 0.191, 0.381, 0.382, 0.618, 99.976] 5hFSugZQs0ZbzOS4fx68wY
[0.411, 0.891, 5, -7.978, 0.0409, 0.000547, 0.107, 0.363, 0.359, 170.024] 7tW9pGcZoNgnLKCyQX3Jva
[0.445, 0.874, 7, -4.054, 0.0856, 0.0285, 1.49e-05, 0.271, 0.515, 166.081] 3ti4eDm3s0dGWxQKeJ1OeM
[0.68, 0.738, 6, -4.881, 0.0331, 0.173, 0.00036, 0.37, 0.675, 105.015] 4v0CuFW0bEMBQ1gRn2mB3X
[0.548, 0.865, 0, -5.325, 0.0302, 0.00171, 0.000449, 0.457, 0.61, 116.046] 07Ugv4TA7PvQfoqetnmLrS
[0.256, 0.942, 4, -3.643, 0.0681, 0.000106, 0.000177, 0.616, 0.452, 172.301] 4bjPdsuv5zMINSxuaSm5QF
[0.581, 0.75, 0, -7.211, 0.0304, 0.00208, 0.000442, 0.109, 0.325, 132.195] 5wU6jk9kxYzFGUpeE6T2Q5
[0.446, 0.757, 1, -5.177, 0.0322, 0.0206, 0, 0.146, 0.421, 102.88] 2ihCaVdNZmnHZWt0fvAM7B
[0.359, 0.648, 3, -7.06, 0.035, 0.108, 0.0135, 0.0555, 0.133, 111.733] 5g7rJvWYVrloJZwKiShqlS
[0.562, 0.903, 8, -4.46, 0.0296, 0.000187, 0.0939, 0.298, 0.791, 132.009] 3zvHOVC4jikl6jORSr6OLE
[0.611, 0.697, 2, -8.618, 0.133, 0.0193, 0, 0.332, 0.476, 122.752] 0DiWol3AO6WpXZgp0goxAV
[0.724, 0.647, 1, -5.642, 0.0658, 0.28, 0, 0.102, 0.435, 106.96] 2rPE9A1vEgShuZxxzR2tZH
[0.841, 0.798, 1, -4.206, 0.229, 0.153, 3.33e-06, 0.0618, 0.591, 95.948] 4w8niZpiMy6qz1mntFA5uM
[0.65, 0.833, 0, -5.079, 0.0355, 0.00559, 0.000727, 0.186, 0.68, 119.939] 1aGvLFHJ2shKqO9uycaUcW
[0.725, 0.504, 6, -3.544, 0.0471, 0.31, 0, 0.116, 0.0723, 140.023] 14oQGWPqh5BriU78hT19CE
[0.757, 0.849, 5, -3.424, 0.0536, 0.173, 0, 0.0878, 0.826, 150.036] 6rrTr2HEAzlpC4KWZxF3S1
[0.602, 0.881, 1, -5.875, 0.0443, 0.00462, 0.0266, 0.111, 0.577, 125.012] 2X485T9Z5Ly0xyaghN73ed
[0.755, 0.687, 7, -7.56, 0.222, 0.271, 0, 0.237, 0.973, 91.994] 2RYjte6fWX1JZRszMkOkD0
[0.512, 0.754, 0, -6.031, 0.055, 0.135, 0, 0.0881, 0.336, 147.89] 72C7aUQECOhNtnD0AC36ua
[0.647, 0.823, 2, -5.231, 0.0762, 0.0598, 0, 0.119, 0.396, 99.933] 3NLnwwAQbbFKcEcV8hDItk
[0.695, 0.852, 6, -4.528, 0.127, 0.00701, 0, 0.14, 0.496, 102.988] 3TM7sUA8tMzndo6G8E526g
[0.609, 0.674, 10, -7.388, 0.0548, 0.0735, 0.06, 0.345, 0.315, 90.009] 23OXdR7YuUBVWh5hSnYJau
[0.716, 0.575, 0, -6.209, 0.0368, 0.0948, 0.000257, 0.0829, 0.797, 85.937] 1CDVadnneswMxi6gBqJTtC
[0.53, 0.816, 9, -6.149, 0.0503, 0.0105, 0.00061, 0.379, 0.371, 87.019] 7I3skNaQdvZSS7zXY2VHId
[0.734, 0.607, 8, -7.249, 0.0806, 0.0747, 0.000577, 0.0968, 0.518, 90.023] 01vv2AjxgP4uUyb8waYO5Y
[0.547, 0.936, 9, -4.023, 0.102, 0.23, 3.04e-06, 0.172, 0.642, 120.003] 22OqansuvEMQu9W0EfiGTI
[0.77, 0.706, 2, -4.705, 0.0302, 0.0605, 0.00182, 0.0985, 0.527, 115.011] 7qxjGHW485TL8ciwkHD5MK
[0.68, 0.693, 0, -7.234, 0.0435, 0.445, 0, 0.208, 0.851, 114.948] 36tghkPg1AO4HsAzo6YpPp
[0.84, 0.608, 6, -6.176, 0.0458, 0.248, 1.25e-06, 0.0874, 0.727, 115.012] 3MLtopC0uho28PxZN7Zecy
[0.732, 0.396, 4, -9.348, 0.0286, 0.0841, 3.58e-05, 0.105, 0.548, 90.024] 6i0V12jOa3mr6uu4WYhUBr
[0.616, 0.811, 7, -4.804, 0.0626, 0.0573, 1.57e-05, 0.0566, 0.913, 159.929] 2P61EK6DMGyVyssLWS4fKy
[0.764, 0.548, 6, -7.627, 0.14, 0.296, 1.01e-05, 0.0769, 0.519, 151.02] 5G6Gt9RtNaeIE418pd4yre
[0.715, 0.838, 2, -6.077, 0.118, 0.0897, 0, 0.15, 0.497, 120.007] 4Oyl6oYSNeeZZP0OAxPVaU
[0.78, 0.716, 6, -4.551, 0.0439, 0.0489, 5.92e-06, 0.0704, 0.362, 105.017] 70Cp0ukCMyWeJML77NGERU
[0.798, 0.318, 10, -6.849, 0.0431, 0.0437, 0, 0.158, 0.425, 92.49] 68NsOuum1AegLDhOIr2ADL
[0.558, 0.559, 6, -9.222, 0.0959, 0.371, 7.49e-06, 0.109, 0.62, 78.558] 7KA4W4McWYRpgf0fWsJZWB
[0.738, 0.308, 0, -7.242, 0.0419, 0.944, 0, 0.131, 0.531, 124.979] 0L3di3gB5KlamEABLJK8KK
[0.803, 0.83, 10, -4.636, 0.0356, 0.0144, 0, 0.103, 0.935, 111.033] 3FDKhR3vedB1MIsP2cvKcA
[0.694, 0.852, 7, -5.34, 0.257, 0.0882, 0, 0.334, 0.377, 107.178] 575NJxNUVDqwJGdzBrlLbv
[0.262, 0.789, 10, -4.548, 0.123, 0.00422, 0, 0.325, 0.487, 171.009] 0SA903LGHxe4ExdRY2SqVH
[0.747, 0.705, 9, -5.137, 0.126, 0.0128, 0, 0.126, 0.56, 136.024] 02M6vucOvmRfMxTXDUwRXu
[0.476, 0.688, 1, -7.799, 0.245, 0.0953, 0.000645, 0.438, 0.352, 140.553] 7tefUew2RUuSAqHyegMoY1
[0.733, 0.899, 0, -4.237, 0.143, 0.00496, 4.72e-05, 0.372, 0.76, 127.086] 1uXbwHHfgsXcUKfSZw5ZJ0
[0.664, 0.758, 2, -6.583, 0.21, 0.00238, 0, 0.0598, 0.701, 99.259] 0TwBtDAWpkpM3srywFVOV5
[0.642, 0.44, 9, -10.909, 0.0745, 0.102, 0.002, 0.108, 0.123, 90.939] 3Ju7HGke5GYEXUJ3YWGOry
[0.611, 0.701, 6, -5.235, 0.0248, 0.0109, 9.83e-06, 0.0994, 0.604, 142.027] 3dNjUFt6EFU4Gq6Q5vfJqf
[0.601, 0.794, 7, -5.844, 0.0671, 0.00987, 1.36e-06, 0.388, 0.244, 114.066] 27rdGxbavYJeBphck5MZAF
[0.484, 0.599, 7, -5.929, 0.04, 0.0558, 0, 0.0834, 0.17, 104.836] 7vn3J5Io100bjDdKaW4Aw2
[0.786, 0.523, 0, -7.583, 0.21, 0.622, 0.000742, 0.0978, 0.379, 80.042] 12d0oildmCSVKRW7SEHaZP
[0.384, 0.765, 6, -4.463, 0.0579, 0.646, 0.00352, 0.522, 0.567, 129.903] 4EpZ4eYuZOwPSSwyqpdHnJ
