[0.658, 0.709, 8, -6.736, 0.0904, 0.00188, 0.00447, 0.0657, 0.855, 129.699] 3GfOAdcoc3X5GPiiXmpBjK
[0.279, 0.664, 9, -8.851, 0.0371, 0.000389, 0.000655, 0.133, 0.49, 104.56] 0ancVQ9wEcHVd0RrGICTE4
[0.851, 0.551, 4, -5.177, 0.0396, 0.151, 0, 0.0827, 0.807, 131.922] 67iAlVNDDdddxqSD2EZhFs
[0.442, 0.943, 3, -3.205, 0.0602, 0.00293, 8.71e-06, 0.091, 0.781, 85.064] 6L89mwZXSOwYl76YXfX13s
[0.524, 0.881, 5, -4.479, 0.0468, 0.0252, 0, 0.101, 0.62, 101.677] 4UB3TaEGEY9WoOpxYNMgy4
[0.58, 0.981, 8, -2.603, 0.06, 0.0171, 1.07e-05, 0.386, 0.861, 134.007] 1bx7OUl2UmAnA5oZkm9If7
[0.526, 0.775, 0, -6.05, 0.0352, 0.707, 2.05e-05, 0.217, 0.962, 80.106] 3G7tRC24Uh09Hmp1KZ7LQ2
[0.559, 0.855, 5, -5.077, 0.186, 0.0488, 0.000681, 0.68, 0.605, 156.311] 7hQJA50XrCWABAu5v6QZ4i
[0.623, 0.95, 7, -2.316, 0.186, 0.329, 0, 0.156, 0.793, 176.809] 45sdD9GjryujVOcRJ4YQRQ
[0.27, 0.944, 4, -4.199, 0.0975, 0.00501, 2.05e-05, 0.116, 0.606, 146.347] 6hTcuIQa0sxrrByu9wTD7s
[0.624, 0.826, 2, -5.534, 0.0287, 0.113, 0, 0.0938, 0.526, 110.372] 3GpdNg7Krt9vjc6tgDoKe1
[0.538, 0.957, 6, -5.589, 0.071, 0.000746, 0.042, 0.0604, 0.744, 101.887] 1KP1j8sCQADCc8eXrtAUP6
[0.539, 0.938, 2, -6.49, 0.0515, 0.0161, 0.00161, 0.17, 0.37, 136.287] 4icxdcI1mNNFNDx0ChCRy7
[0.624, 0.91, 0, -5.703, 0.0297, 0.0285, 0.000198, 0.0789, 0.767, 104.042] 7kzKAuUzOITUauHAhoMoxA
[0.597, 0.812, 5, -12.062, 0.0315, 0.0219, 0.00106, 0.102, 0.823, 135.68] 0FeCO85RKW8fDRytwXof2x
[0.702, 0.875, 7, -3.588, 0.0283, 0.014, 0, 0.0872, 0.905, 103.003] 368S2jjTfDk9Hk9x9YDzwj
[0.398, 0.954, 6, -7.373, 0.0715, 0.0133, 0.000218, 0.0891, 0.433, 157.766] 1hWrl3T1kIH5b9zRHLfCOn
[0.542, 0.905, 9, -5.653, 0.054, 0.00172, 0.0104, 0.136, 0.374, 153.398] 0ntQJM78wzOLVeCUAW7Y45
[0.62, 0.93, 1, -3.685, 0.0374, 0.00043, 0, 0.0686, 0.609, 106.22] 2g2a5kDeZexbUTD8abcvm6
[0.759, 0.951, 8, -4.535, 0.121, 0.198, 2.45e-05, 0.0479, 0.917, 153.975] 4Sfh35NL3BWOyIpB4toKgS
[0.776, 0.763, 5, -8.124, 0.0535, 0.182, 0.0065, 0.077, 0.82, 128.433] 0qxYx4F3vm1AOnfux6dDxP
[0.81, 0.745, 9, -5.2, 0.0335, 0.00607, 0.000214, 0.0603, 0.963, 125.987] 5x910410JKee9T5RCCD7S2
[0.491, 0.802, 4, -7.106, 0.0392, 0.25, 0, 0.387, 0.472, 119.25] 77NNZQSqzLNqh2A9JhLRkg
[0.392, 0.629, 5, -7.056, 0.0335, 0.718, 3.76e-06, 0.129, 0.72, 124.511] 2Gy7qnDwt8Z3MNxqat4CsK
[0.491, 0.583, 7, -10.964, 0.0376, 0.182, 0, 0.407, 0.907, 150.572] 3yrSvpt2l1xhsV9Em88Pul
[0.661, 0.908, 5, -4.897, 0.039, 0.052, 0, 0.0708, 0.656, 144.091] 7aHRctaQ7vjxVTVmY8OhAA
[0.573, 0.902, 6, -7.638, 0.054, 0.018, 0.00125, 0.0928, 0.876, 84.412] 2WfaOiMkCvy7F5fcp2zZ8L
[0.451, 0.931, 9, -3.871, 0.0719, 0.00076, 0.0049, 0.361, 0.172, 122.961] 1jJci4qxiYcOHhQR247rEU
[0.536, 0.87, 2, -4.521, 0.0391, 0.0439, 0, 0.305, 0.169, 97.982] 47npAmYQaQDQAeVzxN1JGG
[0.867, 0.517, 11, -13.222, 0.0875, 0.00456, 0.000339, 0.0864, 0.866, 133.148] 1B75hgRqe7A4fwee3g3Wmu
[0.619, 0.696, 7, -6.269, 0.0315, 1.89e-05, 0.00555, 0.38, 0.727, 125.986] 3ZZKg4Xt5PNtihSJS722JS
[0.675, 0.828, 0, -5.799, 0.0454, 0.0242, 0.0102, 0.364, 0.669, 122.229] 2SDx0PooHZI1SQKR0y44bs
[0.741, 0.894, 4, -3.826, 0.0495, 0.0824, 0.0527, 0.089, 0.96, 114.869] 2Cy7QY8HPLk925AyNAt6OG
[0.477, 0.776, 1, -5.056, 0.0349, 0.0155, 0.00314, 0.203, 0.429, 131.004] 71O1jD7bF3cdMPvPi186V6
[0.693, 0.97, 9, -3.725, 0.0522, 0.00987, 0.00143, 0.101, 0.657, 104.892] 4RwIkzRJEk1pPVsyd592tc
[0.252, 0.8, 0, -4.845, 0.0368, 0.12, 0.0538, 0.118, 0.29, 139.361] 6Hmj7SrLRbreLVfVS7mV1S
[0.46, 0.786, 1, -5.238, 0.038, 0.0215, 0, 0.133, 0.408, 103.192] 3a2tuvXCHbW5nuUckuHkKT
[0.395, 0.862, 2, -3.998, 0.0379, 0.0157, 0, 0.118, 0.564, 114.865] 3YPwgHNkJVJgxLbkUwOm8B
[0.507, 0.923, 0, -5.581, 0.173, 0.0818, 4.63e-06, 0.0951, 0.768, 99.252] 4eLSCSELtKxZwXnFbNLXT5
[0.596, 0.869, 10, -11.97, 0.037, 0.0116, 0.173, 0.0678, 0.944, 109.902] 05wIrZSwuaVWhcv5FfqeH0
[0.466, 0.615, 0, -9.102, 0.0492, 0.413, 0, 0.343, 0.812, 108.016] 5uzNa0SBGOe5pPnstWHMCt
[0.557, 0.54, 9, -10.484, 0.0347, 0.0339, 0.00248, 0.179, 0.394, 129.171] 45yEy5WJywhJ3sDI28ajTm
[0.485, 0.619, 5, -7.115, 0.0289, 0.0941, 3.31e-06, 0.109, 0.416, 138.017] 1mea3bSkSGXuIRvnydlB5b
[0.502, 0.753, 0, -4.764, 0.0372, 0.0227, 0, 0.0845, 0.523, 104.623] 5g6QHlE01E69wL99ny45x3
[0.715, 0.97, 0, -2.206, 0.0648, 0.0644, 0.000156, 0.205, 0.963, 79.504] 3AszgPDZd9q0DpDFt4HFBy
[0.458, 0.801, 9, -7.83, 0.0565, 0.691, 0, 0.328, 0.93, 160.547] 7FS541dJh3iQAEXEZoDhE6
[0.582, 0.946, 9, -2.973, 0.0916, 0.0336, 8.53e-05, 0.11, 0.43, 136.114] 4OLlcgkQR9V9Eqk8sUEjtY
[0.755, 0.895, 9, -2.619, 0.0883, 0.0507, 0.0737, 0.222, 0.844, 118.871] 4jacsL77ZYnpInmTtUBaJW
[0.751, 0.501, 5, -12.151, 0.0552, 0.234, 0.112, 0.0467, 0.902, 167.058] 4o6BgsqLIBViaGVbx5rbRk
[0.597, 0.768, 0, -5.721, 0.0437, 0.21, 0, 0.112, 0.652, 100.421] 0UACObCoT1QlNDYroo7EJC
[0.635, 0.786, 0, -6.46, 0.0377, 0.0349, 0.00767, 0.497, 0.305, 97.54] 7zkDEBSxkcBVsStS4qBFpK
[0.794, 0.811, 6, -8.966, 0.038, 0.0426, 1.07e-06, 0.101, 0.862, 116.047] 2Foc5Q5nqNiosCNqttzHof
[0.669, 0.91, 6, -4.99, 0.0639, 0.0284, 0.00439, 0.109, 0.564, 124.465] 7d40ltmahMLJKA8HhzX9xe
[0.642, 0.881, 11, -3.537, 0.0393, 0.209, 0, 0.21, 0.913, 138.03] 7c71baHwrGDOeIFl1gVO14
[0.639, 0.845, 10, -3.333, 0.0372, 0.0528, 0, 0.336, 0.871, 119.485] 1FHNctV68GUNLgXclG2DtR
[0.472, 0.712, 10, -9.301, 0.0758, 0.318, 0, 0.0824, 0.693, 192.915] 5bQduNI1lNfkNbDCKhBNX6
[0.686, 0.714, 0, -4.809, 0.0287, 0.204, 0, 0.0592, 0.964, 126.736] 3aSWQJcWnnqgwYbAgidvlV
[0.672, 0.738, 0, -7.045, 0.0506, 0.0178, 6.75e-05, 0.0927, 0.392, 107.938] 6t6oULCRS6hnI7rm0h5gwl
[0.538, 0.969, 11, -5.626, 0.0906, 0.417, 0.00154, 0.119, 0.928, 138.652] 0MHXrqn909p0LRTPsNsGEi
[0.881, 0.874, 6, -4.505, 0.139, 0.0175, 1.19e-06, 0.154, 0.858, 107.891] 0weAUscowxeqDtpCgtbpgp
[0.839, 0.625, 0, -6.761, 0.0769, 0.0415, 0, 0.125, 0.748, 121.982] 3ltYJpvukgAb9hLpCLoDOm
[0.772, 0.78, 10, -4.288, 0.108, 0.0512, 0, 0.119, 0.719, 124.988] 1NtIMM4N0cFa1dNzN15chl
[0.853, 0.56, 1, -4.961, 0.0406, 0.013, 0, 0.0944, 0.86, 134.066] 0KKkJNfGyhkQ5aFogxQAPU
[0.628, 0.698, 6, -5.608, 0.105, 0.0472, 0.00143, 0.0907, 0.732, 89.976] 27SdWb2rFzO6GWiYDBTD9j
[0.798, 0.539, 1, -6.351, 0.0421, 0.199, 1.66e-05, 0.165, 0.394, 136.949] 5Z3GHaZ6ec9bsiI5BenrbY
[0.849, 0.581, 1, -5.243, 0.0767, 0.189, 3.61e-06, 0.0805, 0.779, 110.008] 32DGGj6KlNuBr6WaqRxpxi
[0.705, 0.714, 11, -6.39, 0.0792, 0.0249, 0, 0.253, 0.434, 104.996] 7fwXWKdDNI5IutOMc5OKYw
[0.857, 0.8, 2, -4.035, 0.0583, 0.381, 0, 0.0913, 0.966, 121.996] 79cuOz3SPQTuFrp8WgftAu
[0.728, 0.426, 0, -6.69, 0.0509, 0.0142, 0, 0.0546, 0.844, 85.908] 167NczpNbRF7oWakJaY3Hh
[0.777, 0.622, 9, -10.041, 0.119, 0.181, 9.41e-06, 0.0556, 0.799, 98.974] 0V0gZJFijAJzqdPQR35XGN
[0.661, 0.715, 5, -5.651, 0.119, 0.316, 0, 0.178, 0.411, 148.027] 2amzBJRBPOGszBem4FedfE
[0.635, 0.59, 2, -7.245, 0.0923, 0.0559, 0, 0.0935, 0.549, 134.923] 3UhQwa3UcqtQVQHxvo5TuN
[0.628, 0.715, 5, -7.097, 0.0541, 0.0524, 0, 0.119, 0.429, 139.991] 79jX8RM5CgPqDKdGEKNW9K
[0.897, 0.634, 4, -6.264, 0.161, 0.00413, 0, 0.0686, 0.506, 112.048] 6eUncuJutsFi9BGO1JaBHh
[0.615, 0.779, 2, -6.454, 0.135, 0.0665, 0, 0.155, 0.453, 160.0] 7zgqtptZvhf8GEmdsM2vp2
[0.64, 0.728, 6, -4.07, 0.034, 0.00111, 0, 0.084, 0.282, 125.966] 77dwRzKegOkVtlHajKnDCb
[0.857, 0.801, 0, -6.499, 0.0618, 0.332, 1.2e-06, 0.0789, 0.753, 96.009] 6jEZLz3YpnEBRpVkv35AmP
[0.659, 0.717, 8, -4.202, 0.0581, 0.0393, 0, 0.0769, 0.71, 103.036] 5AEtlRudpgdT5FtNiuly6Y
[0.451, 0.809, 0, -5.327, 0.141, 0.073, 0, 0.201, 0.481, 189.888] 5pD9x23lsoQr464mlmaKNJ
[0.573, 0.664, 8, -5.489, 0.0283, 0.346, 0.000155, 0.0964, 0.953, 108.033] 0U2HtL2xUAKdEvSVKikpd7
[0.64, 0.533, 0, -6.596, 0.0706, 0.119, 0, 0.0864, 0.515, 99.968] 12GEpg2XOPyqk03JZEZnJs
[0.69, 0.622, 5, -5.025, 0.0622, 0.253, 0, 0.116, 0.544, 102.04] 6uBhi9gBXWjanegOb2Phh0
[0.625, 0.589, 6, -6.627, 0.0858, 0.518, 0, 0.197, 0.33, 100.003] 3Wf2YGdYT8xVdNsQSoRKk9
[0.674, 0.694, 2, -4.739, 0.129, 0.223, 0, 0.183, 0.242, 137.839] 56cswAa9WdFBsjsTyPBAKA
[0.602, 0.797, 6, -5.084, 0.0534, 0.055, 0, 0.187, 0.492, 92.928] 7zsXy7vlHdItvUSH8EwQss
[0.713, 0.802, 4, -7.055, 0.0561, 0.0435, 0.00377, 0.309, 0.343, 100.001] 3vv9phIu6Y1vX3jcqaGz5Z
[0.777, 0.627, 7, -6.142, 0.0792, 0.356, 0, 0.0956, 0.444, 100.054] 0AKejOKlGdiB53QpwAeenO
[0.605, 0.768, 0, -3.724, 0.0476, 0.0865, 0, 0.308, 0.414, 100.209] 09CtPGIpYB4BrO8qb1RGsF
[0.382, 0.899, 7, -5.397, 0.0516, 0.000787, 0, 0.166, 0.398, 159.942] 6vmduLD1PnPBM5QMJEYeHU
[0.67, 0.838, 0, -4.031, 0.0362, 0.0604, 0.000611, 0.159, 0.717, 104.998] 2L6orAlH8tBhiFTumIfMyF
[0.811, 0.499, 5, -7.161, 0.118, 0.0147, 2.44e-06, 0.342, 0.466, 111.016] 1LoriJC05IrHIDwj3q0KC1
[0.591, 0.73, 2, -6.179, 0.0422, 0.0185, 0, 0.333, 0.209, 99.943] 5mQNY6pTeSDl2doFB7uLbE
[0.743, 0.719, 10, -7.148, 0.0708, 0.0244, 0, 0.0537, 0.74, 149.904] 5nUl14r7iSt3KBkTwYMbSv
[0.615, 0.919, 7, -3.003, 0.0918, 0.0172, 0, 0.0506, 0.43, 139.993] 5lM1Np7RWDZPGGsQvDNPEh
[0.673, 0.902, 2, -2.378, 0.0347, 0.0629, 0.000174, 0.0552, 0.521, 100.016] 5Hroj5K7vLpIG4FNCRIjbP
[0.541, 0.597, 0, -5.876, 0.0486, 0.0141, 0, 0.0753, 0.123, 151.913] 5OfgGVovaV6pd9kQZUSRP7
[0.632, 0.701, 7, -5.921, 0.146, 0.0114, 0, 0.108, 0.497, 162.958] 7K5dzhGda2vRTaAWYI3hrb
[0.448, 0.817, 10, -4.069, 0.386, 0.128, 0, 0.105, 0.709, 83.015] 1mSlftOO1dlDRXAyOE0Sbd
[0.777, 0.663, 4, -6.117, 0.0305, 0.146, 1.52e-05, 0.174, 0.614, 118.016] 2XPc8gL9PwxGURQFcFaDJR
[0.671, 0.843, 10, -4.509, 0.0385, 0.0277, 0, 0.295, 0.567, 121.973] 07AiWpzE3B8aAuFAIfrlQ7
[0.558, 0.801, 7, -5.795, 0.131, 0.133, 0, 0.392, 0.831, 105.006] 7ciLq0Cip0yxiz6KANrOUq
[0.687, 0.702, 7, -5.324, 0.0455, 0.0064, 4.35e-05, 0.204, 0.284, 129.956] 1T7Htpf1kEvU9Adf8J0ekk
[0.799, 0.586, 11, -6.735, 0.0377, 0.162, 2.03e-06, 0.193, 0.549, 120.97] 61dCUoMCg28qEBzrW6htYM
[0.66, 0.805, 1, -5.352, 0.153, 0.0192, 8.83e-06, 0.159, 0.625, 103.009] 7vS3Y0IKjde7Xg85LWIEdP
[0.688, 0.702, 7, -4.792, 0.0499, 0.0215, 0, 0.128, 0.74, 94.006] 6Knv6wdA0luoMUuuoYi2i1
[0.775, 0.68, 0, -5.508, 0.0629, 0.00906, 0, 0.109, 0.656, 114.025] 7oGZAicScQt96OAW4AruYy
[0.672, 0.593, 11, -4.01, 0.0304, 0.0223, 0, 0.214, 0.438, 98.02] 1BZG99C7Co1r6QUC3zaS59
[0.795, 0.616, 1, -5.281, 0.06, 0.417, 0, 0.349, 0.815, 110.015] 3rKYiySCDMUKTw5kGVVhaa
[0.607, 0.376, 4, -9.954, 0.453, 0.856, 0, 0.285, 0.545, 102.541] 50kpGaPAhYJ3sGmk6vplg0
[0.682, 0.767, 9, -4.628, 0.102, 0.106, 0, 0.163, 0.722, 113.842] 7M9t7BCy51ITF8IMyiemzk
[0.617, 0.759, 0, -6.785, 0.0677, 0.0026, 0, 0.419, 0.324, 122.925] 36phXHOKx8rO7CMp2vNX4x
[0.885, 0.801, 11, -4.716, 0.0882, 0.225, 1.65e-06, 0.0733, 0.466, 95.011] 0uyZ5ckiIUbFZd3P6RWmrj
[0.657, 0.739, 2, -4.081, 0.274, 0.141, 0, 0.178, 0.543, 181.994] 0Mlm5SrNK34Jqn8Rk1Gs3g
[0.6, 0.412, 8, -9.343, 0.344, 0.615, 0.0025, 0.134, 0.408, 113.049] 6WhzFzROw3aq3rPWjgYlxr
[0.706, 0.786, 0, -3.417, 0.0909, 0.26, 0, 0.38, 0.749, 150.035] 0puf9yIluy9W0vpMEUoAnN
[0.662, 0.602, 4, -5.369, 0.0401, 0.0529, 0, 0.356, 0.29, 133.969] 7l94dyN2hX9c6wWcZQuOGJ
[0.669, 0.78, 7, -4.287, 0.053, 0.0265, 1.63e-06, 0.143, 0.738, 139.945] 2Zj4FUsMtu9PMuJsHbGbdv
[0.628, 0.593, 8, -5.036, 0.0323, 0.093, 1.65e-06, 0.096, 0.104, 125.026] 7xoUc6faLbCqZO6fQEYprd
[0.69, 0.636, 9, -6.028, 0.0457, 0.0203, 0, 0.147, 0.8, 96.0] 5vL0yvddknhGj7IrBc6UTj
[0.385, 0.866, 4, -2.817, 0.0697, 0.004, 0, 0.111, 0.551, 176.014] 04aAxqtGp5pv12UXAg4pkq
[0.279, 0.742, 4, -6.46, 0.0898, 0.000185, 0, 0.593, 0.328, 189.868] 2bL2gyO6kBdLkNSkxXNh6x
[0.697, 0.506, 8, -4.863, 0.0325, 0.0792, 0, 0.0893, 0.516, 100.002] 34oB5r0lcN3fYWCs2uA1k5
[0.884, 0.765, 8, -3.865, 0.0882, 0.063, 7.04e-06, 0.118, 0.594, 99.987] 41Fflg7qHiVOD6dEPvsCzO
[0.671, 0.777, 2, -4.322, 0.046, 0.0057, 0.0011, 0.0783, 0.289, 99.98] 4rUTAkOU7OkVGeQuyQCHhF
[0.757, 0.884, 10, -5.488, 0.0404, 0.00795, 5.87e-05, 0.0973, 0.398, 120.012] 1QNoKVgA758HFLu3TW2q7R
[0.711, 0.7, 1, -4.805, 0.046, 0.00498, 0.000125, 0.215, 0.801, 128.001] 6mnjcTmK8TewHfyOp3fC9C
[0.652, 0.713, 8, -5.311, 0.0368, 0.0771, 1.02e-05, 0.144, 0.152, 100.023] 0lYBSQXN6rCTvUZvg9S0lU
[0.813, 0.872, 9, -5.224, 0.107, 0.00621, 0, 0.0498, 0.736, 103.016] 1COvXs6jaykXC73h9OSBVM
[0.741, 0.626, 1, -4.826, 0.0886, 0.02, 0, 0.0828, 0.706, 108.029] 0PAj9Y5kFEzhGeWkockoxv
[0.636, 0.727, 9, -5.852, 0.106, 0.0161, 1.12e-06, 0.151, 0.358, 107.988] 7yHEDfrJNd0zWOfXwydNH0
[0.688, 0.532, 6, -8.361, 0.0875, 0.0356, 3.08e-06, 0.172, 0.565, 164.068] 3KZcrZ36LW9RnChK1iIkth
[0.597, 0.712, 8, -5.06, 0.0716, 0.274, 0, 0.0538, 0.679, 157.992] 60zCXVn6QyD4TddmlvnXYw
[0.612, 0.691, 0, -4.932, 0.12, 0.0432, 0, 0.19, 0.25, 175.003] 7MSFoTbgwi5BFpilewAbUo
[0.664, 0.883, 10, -3.406, 0.0353, 0.00151, 0.0926, 0.072, 0.381, 127.962] 7ynCQo1KpBOyTdTdAnjSLZ
[0.695, 0.818, 5, -5.379, 0.0334, 0.00647, 4.87e-06, 0.0219, 0.916, 119.965] 0w5Bdu51Ka25Pf3hojsKHh
[0.697, 0.7, 7, -6.651, 0.0985, 0.157, 0, 0.217, 0.577, 123.013] 0YSJCrlSWF3meRTNCu54WI
[0.334, 0.617, 6, -5.834, 0.383, 0.334, 0, 0.163, 0.603, 85.227] 1SJtlNRJDeYHioymcvsqev
[0.746, 0.877, 9, -3.782, 0.0666, 0.0375, 0.000833, 0.233, 0.751, 107.985] 0kAHTTMWxU6P4t1SS4EACV
[0.786, 0.854, 2, -4.247, 0.0523, 0.0729, 1.63e-06, 0.179, 0.687, 105.078] 6t2ubAB4iSYOuIpRAOGd4t
[0.657, 0.827, 5, -4.036, 0.0734, 0.000704, 0.00534, 0.065, 0.69, 145.889] 26rdOwwjC2UnweK3xeS58u
[0.774, 0.626, 3, -4.432, 0.0432, 0.0969, 3.12e-05, 0.0848, 0.777, 100.041] 4iLqG9SeJSnt0cSPICSjxv
[0.548, 0.65, 8, -5.827, 0.0591, 0.219, 0, 0.225, 0.557, 144.937] 3A7qX2QjDlPnazUsRk5y0M
[0.694, 0.815, 2, -4.328, 0.12, 0.229, 0, 0.0924, 0.813, 88.931] 5CtI0qwDJkDQGwXD1H1cLb
[0.72, 0.791, 1, -4.689, 0.124, 0.0384, 0, 0.157, 0.756, 102.071] 6FE2iI43OZnszFLuLtvvmg
[0.719, 0.671, 8, -6.279, 0.0336, 0.0372, 8.21e-06, 0.12, 0.786, 130.027] 5u0N4FtJZWehHmHrradxXb
[0.737, 0.723, 1, -5.51, 0.0295, 0.0179, 0, 0.0675, 0.893, 120.003] 0tJGzJjUVlEsn8s3Mn32Jb
[0.725, 0.68, 8, -5.465, 0.0306, 0.162, 2.13e-06, 0.158, 0.76, 119.939] 2wqaekenSQZm7hxQOYt8oE
[0.719, 0.847, 0, -6.34, 0.0916, 0.00201, 0.0204, 0.223, 0.444, 127.963] 3tyPOhuVnt5zd5kGfxbCyL
[0.793, 0.774, 0, -3.667, 0.0478, 0.156, 0, 0.193, 0.547, 113.967] 6Zo3wgDE076K2AuiGZF3CS
[0.641, 0.922, 2, -4.457, 0.0786, 0.0291, 0, 0.0862, 0.847, 146.078] 3bidbhpOYeV4knp8AIu8Xn
[0.421, 0.791, 9, -4.998, 0.0496, 0.0117, 1.48e-05, 0.146, 0.499, 130.075] 6kwAbEjseqBob48jCus7Sz
[0.76, 0.588, 9, -7.082, 0.0775, 0.0485, 0, 0.0847, 0.384, 102.974] 10GJQkjRJcZhGTLagFOC62
[0.432, 0.656, 5, -4.669, 0.428, 0.0488, 0, 0.256, 0.66, 199.232] 6pf9datdAtxQj4EU8UYHSx
[0.778, 0.831, 11, -4.453, 0.201, 0.0363, 3.85e-05, 0.334, 0.645, 96.998] 1wIDxpXCRnHmQJOvSsVIP1
[0.756, 0.789, 2, -7.002, 0.0324, 0.53, 0.000711, 0.157, 0.873, 127.987] 5k5fWendNngd89O8JKoE8L
[0.642, 0.823, 0, -5.717, 0.0289, 0.00159, 0, 0.0776, 0.431, 122.977] 1i1rNVtxbE7rdFfpHuNq2j
[0.724, 0.691, 6, -5.665, 0.0324, 0.0172, 1.68e-05, 0.194, 0.236, 126.002] 7rdjfrTBMNt3KaaGvSv3YG
[0.635, 0.691, 0, -4.862, 0.258, 0.555, 0, 0.097, 0.638, 82.142] 5KONnBIQ9LqCxyeSPin26k
[0.736, 0.614, 0, -5.339, 0.0955, 0.0909, 0, 0.115, 0.791, 105.008] 2xSExwwFXzukzOdR6iVYMk
[0.466, 0.659, 2, -6.077, 0.115, 0.00282, 0, 0.273, 0.36, 186.169] 6Pw3Gvw4wNMZfTYZa6IQal
[0.739, 0.619, 10, -6.669, 0.162, 0.0572, 0, 0.105, 0.58, 112.961] 5lNuqFVMca4vPupY10cH0J
[0.718, 0.926, 1, -3.511, 0.0494, 0.027, 1.76e-05, 0.0513, 0.54, 108.018] 2syQ0f4SAQdzvlAewPl1DJ
[0.801, 0.795, 1, -5.115, 0.0504, 0.0417, 0.000113, 0.0717, 0.754, 79.028] 6QgjcU0zLnzq5OrUoSZ3OK
[0.799, 0.597, 5, -5.131, 0.0611, 0.0788, 5.66e-06, 0.1, 0.419, 110.001] 6YVpU5vVxezJCYeQUxIkRT
[0.774, 0.687, 11, -4.818, 0.0584, 0.0179, 1.17e-05, 0.128, 0.308, 104.959] 4ipnJyDU3Lq15qBAYNqlqK
[0.654, 0.81, 4, -6.26, 0.0288, 0.00719, 0.00251, 0.165, 0.661, 114.623] 2MLHyLy5z5l5YRp7momlgw
[0.981, 0.744, 9, -5.771, 0.0705, 0.0679, 3.84e-06, 0.0864, 0.891, 118.057] 73OWgoHXpLZcPbqid0R1x4
[0.924, 0.647, 7, -3.349, 0.0712, 0.00317, 0, 0.193, 0.678, 112.239] 3Q0kSmKpkffn4aWkYkWwet
[0.951, 0.6, 0, -4.675, 0.0685, 0.106, 0, 0.0712, 0.822, 125.04] 0k2GOhqsrxDTAbFFSdNJjT
[0.696, 0.849, 7, -4.391, 0.289, 0.0457, 0, 0.372, 0.502, 108.127] 6WMYFEd4MJDIjJARHnOxoN
[0.653, 0.809, 0, -4.057, 0.0474, 0.194, 0, 0.165, 0.55, 92.213] 5CLGzJsGqhCEECcpnFQA8x
[0.697, 0.489, 10, -6.277, 0.0945, 0.601, 0, 0.129, 0.663, 89.856] 55j2IrvTgM6h7PqZJSCqg1
[0.462, 0.756, 5, -6.586, 0.0516, 0.154, 0.000366, 0.236, 0.542, 166.045] 6MiaVbPSmvFJXB8JdFB8v6
[0.856, 0.632, 6, -3.692, 0.074, 0.193, 0, 0.0688, 0.697, 112.009] 76S09sHj7GGMJAtOLjmVQ2
[0.827, 0.658, 6, -3.846, 0.0517, 0.0224, 0, 0.0417, 0.523, 115.016] 7fCNUWi6uflDTQ08srxMZk
[0.569, 0.664, 0, -5.118, 0.034, 0.312, 0, 0.0988, 0.31, 110.02] 4wvt9sLF9wrFamXpFPDSxf
[0.607, 0.816, 11, -7.232, 0.0394, 0.0164, 0, 0.14, 0.465, 146.002] 4BFcFKI6rGcc2GQFqD5bz8
[0.705, 0.792, 1, -8.197, 0.0419, 0.00347, 8.71e-05, 0.355, 0.277, 135.028] 1unqsjNd57D1igJmYqRLw6
[0.592, 0.714, 9, -6.728, 0.0453, 0.0254, 0, 0.207, 0.414, 95.973] 6FgmkTMgzARjUXYgitlZ1S
[0.735, 0.663, 6, -5.628, 0.0325, 0.059, 6.15e-06, 0.109, 0.582, 87.995] 6PdliZyaW3ulHVENQYaX4U
[0.778, 0.824, 8, -3.699, 0.0484, 0.0894, 0, 0.0778, 0.738, 135.014] 5afjgWaVhRYpVzkkJhrA2T
[0.799, 0.548, 7, -6.457, 0.21, 0.193, 0, 0.112, 0.39, 127.971] 40yRw7gin08Essa6FDmmLW
[0.753, 0.657, 7, -3.061, 0.0449, 0.171, 0, 0.112, 0.437, 107.01] 09IStsImFySgyp0pIQdqAc
[0.684, 0.645, 11, -5.32, 0.046, 0.0258, 0, 0.0688, 0.868, 125.076] 6dZCLi6gvHmEDOq3zqmuUb
[0.755, 0.725, 4, -2.877, 0.0673, 0.115, 0, 0.16, 0.558, 107.996] 0nlyO7lNTOYB0gjDp7NI7H
[0.804, 0.823, 11, -3.496, 0.147, 0.00523, 2.77e-06, 0.168, 0.619, 98.026] 6y68QK2SwC38YxsbxHrA8I
[0.296, 0.683, 2, -4.413, 0.0632, 0.284, 7.74e-05, 0.0418, 0.398, 171.365] 2LaCyasH2uVsTPrO3bgLEK
[0.755, 0.536, 8, -5.605, 0.12, 0.114, 0, 0.0282, 0.882, 138.969] 33KJ2xFYONOlIYDBg6wPx8
[0.658, 0.302, 0, -7.261, 0.0363, 0.739, 0, 0.124, 0.236, 91.931] 3I3rhwXvc3FYKdI16X3Ned
[0.666, 0.421, 6, -5.559, 0.0328, 0.635, 0, 0.0799, 0.766, 149.869] 6QeBVEW9gpIhUufqyh1PHl
[0.778, 0.422, 11, -6.329, 0.167, 0.62, 0, 0.0792, 0.267, 150.7] 6cpE5j11Xuj8SVD7EhcFre
[0.788, 0.742, 5, -5.61, 0.0631, 0.00695, 0, 0.289, 0.645, 159.95] 4yYzcukn3jH2xUHsF9VcN9
[0.709, 0.62, 7, -4.708, 0.175, 0.00229, 3.37e-06, 0.0857, 0.692, 99.947] 0gTjmZWrrByUgm2upTPXXA
[0.697, 0.82, 5, -4.371, 0.0485, 0.0039, 0, 0.098, 0.682, 125.071] 5wMD46niyehV3y5HfeQpNf
[0.661, 0.725, 6, -4.859, 0.0563, 0.0253, 0, 0.123, 0.605, 119.927] 18W92Zm1KjLCbUIszOhpkD
[0.722, 0.744, 11, -5.52, 0.0363, 0.0234, 0.000157, 0.143, 0.686, 125.985] 2pBlHD6gNGdQnABWz4bhG2
[0.689, 0.892, 4, -3.95, 0.246, 0.00446, 0.00932, 0.435, 0.77, 110.09] 22wt8Hi61HAuHIrnltZ0wF
[0.636, 0.805, 9, -4.594, 0.327, 0.0161, 0, 0.0793, 0.908, 92.958] 0Y4hwUppbGc8aIBmiTz30A
[0.703, 0.696, 0, -5.482, 0.0529, 0.0375, 5.65e-06, 0.274, 0.366, 121.969] 5SxkdsY1ufZzoq9iXceLw9
[0.604, 0.908, 0, -3.067, 0.0522, 0.0178, 0, 0.386, 0.853, 102.051] 0fBP9n1mUM2Ur7LUPq8MVn
[0.699, 0.435, 1, -6.891, 0.111, 0.578, 0, 0.0884, 0.45, 110.288] 7zqLBFKCBkk5IfbgKgH4VZ
[0.678, 0.627, 6, -8.008, 0.0613, 0.0704, 0, 0.17, 0.252, 105.956] 3rK43VNP0142Kbxt8nuAhD
[0.909, 0.487, 11, -8.313, 0.0979, 0.0993, 0, 0.108, 0.683, 119.992] 43SKanEnea9wLSMc1dQrSN
[0.928, 0.672, 9, -7.241, 0.165, 0.0679, 0.00111, 0.0988, 0.595, 121.982] 1twTatZXHgJwZEhKl41uBj
[0.715, 0.802, 11, -4.647, 0.0394, 0.139, 0, 0.177, 0.327, 124.989] 7EmGUiUaOSGDnUUQUDrOXC
[0.744, 0.739, 8, -5.35, 0.0387, 0.00459, 0, 0.306, 0.649, 104.99] 7nZmah2llfvLDiUjm0kiyz
[0.365, 0.668, 8, -7.695, 0.0675, 0.00964, 2.76e-06, 0.155, 0.18, 122.092] 4EQ9yNjDiMNhwNmP5mtV3r
[0.882, 0.781, 6, -3.406, 0.0468, 0.0161, 0.000108, 0.037, 0.77, 107.068] 08oQr71UxD7gN0derLsbW0
[0.704, 0.726, 9, -6.562, 0.0446, 0.0465, 0, 0.359, 0.886, 120.991] 4OqTWCRm0vDoaeJ6inMwnF
[0.726, 0.559, 4, -6.396, 0.0367, 0.518, 4.8e-06, 0.11, 0.394, 91.038] 0lnOH02r522QC2E1QmHLSz
[0.592, 0.749, 11, -3.896, 0.037, 0.191, 1.62e-05, 0.14, 0.681, 110.079] 5YESS2vuzeRbPl6jM06XfH
[0.537, 0.746, 10, -6.467, 0.0431, 0.104, 0.304, 0.114, 0.281, 119.919] 4gswjEO1OesSMQnRVtcU0C
[0.505, 0.536, 6, -7.45, 0.0331, 0.00927, 0, 0.124, 0.238, 151.714] 4dz0QPRU46XVuxXfZHgTIf
[0.708, 0.543, 0, -7.887, 0.0355, 0.33, 1.43e-06, 0.221, 0.606, 124.954] 3fDcwSZI8KOIufs8F3lFGP
[0.396, 0.787, 0, -3.629, 0.121, 0.175, 0.000132, 0.0512, 0.921, 189.989] 5vw3u4jT9DTaWyTLkiZO3K
[0.708, 0.701, 0, -5.196, 0.0328, 0.031, 0, 0.392, 0.504, 120.932] 1hSOt9IeshMkuKP9ri4hOf
[0.729, 0.675, 2, -5.62, 0.0415, 0.53, 0, 0.0985, 0.332, 116.016] 6HJcuxVgYjxcYDnPG0ystc
[0.747, 0.867, 2, -3.561, 0.0392, 0.00894, 0.00267, 0.063, 0.791, 124.013] 1g61lRiAj3Nwc8ZGtEum8s
[0.706, 0.842, 8, -3.687, 0.0367, 0.00533, 0.000316, 0.0879, 0.239, 124.003] 6VG5Vmv8UVmCo8RLUfLlQz
[0.791, 0.862, 9, -3.24, 0.11, 0.037, 2.19e-05, 0.0814, 0.592, 123.994] 7ef4DlsgrMEH11cDZd32M6
[0.671, 0.834, 1, -3.928, 0.0885, 0.0387, 0, 0.454, 0.454, 113.021] 1HagMz5nWk1HmevNCBOxF3
[0.725, 0.834, 5, -3.913, 0.037, 0.0784, 1.27e-05, 0.0834, 0.859, 120.026] 5xzCzOAOfRi4DOttSzvznR
[0.607, 0.717, 5, -5.771, 0.0634, 0.0067, 0.00132, 0.256, 0.376, 125.956] 3gDEo3OPNyAs1jMwSebE24
[0.794, 0.758, 9, -6.32, 0.0382, 0.203, 0.00011, 0.0879, 0.507, 124.974] 66vG7c0EsbHMhAsBGOqhvZ
[0.667, 0.624, 1, -5.527, 0.0688, 0.0152, 2.05e-05, 0.296, 0.19, 101.96] 7gbpozqwdFoqvv19BTk2hu
[0.672, 0.735, 5, -4.733, 0.0457, 0.286, 0, 0.242, 0.754, 115.741] 4ofwffwvvnbSkrMSCKQDaC
[0.623, 0.851, 7, -3.111, 0.0409, 0.0228, 0, 0.12, 0.4, 100.063] 083Qf6hn6sFL6xiOHlZUyn
[0.631, 0.599, 7, -6.137, 0.0878, 0.067, 0, 0.0952, 0.727, 170.122] 0iwsQWgtjSq2kUXuZwTDAL
[0.792, 0.895, 1, -3.112, 0.0589, 0.165, 0, 0.0501, 0.794, 94.968] 4QtiVmuA88tPQiCOHZuQ5b
[0.68, 0.715, 7, -5.279, 0.173, 0.0218, 0, 0.166, 0.853, 101.983] 5N5eDeqI0bRGUMPB1aEczU
[0.728, 0.69, 8, -4.344, 0.0524, 0.0164, 0, 0.104, 0.415, 94.028] 1YNQscOx6OqBQjxgJVhEeW
[0.716, 0.839, 10, -4.945, 0.0379, 0.0898, 3.36e-06, 0.0711, 0.703, 107.011] 2fWgvpvay6JWLboUtfvitp
[0.863, 0.657, 7, -7.295, 0.105, 0.264, 0.00619, 0.0713, 0.829, 115.958] 1nsUpGWi4GYss3YpSQnzh5
[0.504, 0.821, 8, -3.356, 0.0598, 0.275, 0, 0.0418, 0.458, 155.131] 1etiUDkISHELzQGMY79ryt
[0.601, 0.724, 6, -4.856, 0.0486, 0.0945, 1.68e-06, 0.12, 0.508, 102.061] 4hQ6UGyWQIGJmHSo0J88JW
[0.647, 0.853, 8, -4.516, 0.0904, 0.0615, 0, 0.062, 0.618, 103.846] 01k24g94i1JvkFLQmVEdCd
[0.748, 0.551, 5, -5.772, 0.0907, 0.327, 1.43e-05, 0.096, 0.334, 104.175] 1Co9NGodpCCvWuIfe0PzIS
[0.86, 0.758, 6, -4.439, 0.0597, 0.103, 7e-06, 0.187, 0.67, 110.022] 5lVCEap5i0UwblmHGK5xRF
[0.737, 0.636, 11, -4.546, 0.0437, 0.0441, 6.66e-05, 0.35, 0.565, 105.005] 6kPJZM97LwdG9QIsT7khp6
[0.831, 0.713, 1, -3.646, 0.094, 0.181, 0, 0.0572, 0.69, 132.109] 6XlSyYFTU1nodeWwwzVgTV
[0.791, 0.935, 3, -4.118, 0.074, 0.0701, 0.00369, 0.0511, 0.802, 121.999] 7mtHQxn7gie9dFH1bs21hE
[0.765, 0.516, 0, -5.775, 0.0702, 0.0457, 2.18e-06, 0.145, 0.741, 100.016] 3h35N51qRKOY1Tj5kdYkk2
[0.454, 0.816, 7, -7.337, 0.0328, 0.076, 0, 0.333, 0.655, 80.988] 68BwX3aaPgWjZeSwKNv8Uz
[0.868, 0.779, 0, -7.945, 0.0479, 0.141, 6.64e-06, 0.0866, 0.535, 117.932] 6m2P9NXTxBFd6iNUpfPqsu
[0.747, 0.706, 8, -5.659, 0.0585, 0.0981, 0, 0.341, 0.516, 94.977] 2MvJ1q2hzm2Aa0vGYck20K
[0.643, 0.499, 2, -6.795, 0.0308, 0.0478, 0, 0.108, 0.363, 133.978] 6f1nXh4PrmOhgTzBui72L6
[0.576, 0.884, 8, -5.262, 0.0464, 0.00569, 0, 0.185, 0.595, 115.141] 4ckikjq9iJQoNVd2lphbin
[0.353, 0.815, 7, -1.844, 0.212, 0.164, 0, 0.217, 0.245, 167.971] 47hs3xNT3iOGvgmC4eXBAi
[0.488, 0.725, 3, -5.605, 0.0574, 0.0699, 0, 0.115, 0.429, 165.958] 5EOXDechwBjYAAbUlWBKNH
[0.719, 0.791, 5, -8.749, 0.109, 0.0265, 6.28e-06, 0.267, 0.599, 139.972] 43eEKbfFZlmStYJsay00sp
[0.495, 0.664, 4, -5.434, 0.0462, 0.0469, 0, 0.106, 0.421, 75.215] 5w9BCC5KfhLRFXYbEw7WBE
[0.735, 0.584, 1, -5.047, 0.14, 0.189, 0, 0.125, 0.395, 93.016] 4v7DgEMw6EvYyuQ4eWFD9l
[0.694, 0.41, 2, -5.963, 0.0708, 0.386, 5.07e-06, 0.115, 0.539, 131.906] 07JgtBIro5V7J0XB7nChMb
[0.683, 0.782, 0, -2.989, 0.0497, 0.408, 0, 0.236, 0.673, 100.954] 7haQE5nOcxwk0HXahP0aV3
[0.851, 0.541, 0, -6.825, 0.0505, 0.568, 0, 0.13, 0.448, 124.959] 6FRLCMO5TUHTexlWo8ym1W
[0.794, 0.713, 11, -4.026, 0.0872, 0.158, 0.07, 0.107, 0.717, 134.983] 5Agx3dTzvHGKm6A8Ku2kvv
[0.478, 0.791, 8, -3.661, 0.0632, 0.0853, 5.31e-05, 0.0557, 0.526, 66.919] 5cjnNblImyDsYzs2O4gIH6
[0.774, 0.546, 1, -12.705, 0.0792, 0.112, 0.00141, 0.0633, 0.679, 109.959] 511gmoVjXSNVhWweI4cGck
[0.432, 0.85, 10, -4.417, 0.0771, 0.501, 6.59e-06, 0.203, 0.109, 82.607] 7ykMO4py7Nvrgf2vUHBkzr
[0.69, 0.784, 1, -4.653, 0.032, 0.323, 0, 0.203, 0.669, 106.066] 3u1S1OmAUhx5DRlLrXqyp3
[0.331, 0.784, 11, -5.002, 0.0561, 3.12e-05, 0, 0.427, 0.902, 182.964] 40QQZP6LVXUP5h79Q5Yvke
[0.608, 0.536, 8, -5.355, 0.0469, 0.00704, 3.59e-05, 0.46, 0.167, 112.035] 42ClGAGFKq3p5D8gQZvfBa
[0.758, 0.797, 8, -2.861, 0.0759, 0.001, 1.32e-06, 0.526, 0.719, 106.947] 3CqT68zWwvcrY22UkhD67V
[0.822, 0.611, 0, -5.448, 0.17, 0.0292, 0, 0.0628, 0.567, 105.052] 28nrOocj11pS0UVH2VM6b5
[0.491, 0.617, 4, -4.545, 0.147, 0.0974, 0, 0.27, 0.17, 126.816] 3ZbJMlEL4Kcme0ONRO7Slx
[0.381, 0.706, 4, -6.948, 0.238, 0.212, 8.67e-06, 0.0692, 0.519, 88.017] 46vaMgVBedhL6Z4XdqGrdX
[0.375, 0.889, 3, -3.704, 0.0991, 0.0848, 0, 0.136, 0.881, 199.669] 4P92FrvmYQSAfOpp4cpFEi
[0.541, 0.87, 1, -4.741, 0.122, 0.00527, 0, 0.0867, 0.665, 179.975] 1PmIW9w2hCFzxvGbfmoJCQ
[0.596, 0.854, 7, -5.114, 0.463, 0.0169, 0, 0.124, 0.152, 120.274] 55S2PQgSMYAhgoTCcGCDfw
[0.635, 0.75, 6, -4.658, 0.0376, 0.114, 4.35e-05, 0.22, 0.511, 102.055] 7Cap2DKtDKo0u54IQebUaE
[0.721, 0.881, 8, -2.528, 0.342, 0.41, 7.61e-06, 0.292, 0.643, 127.759] 22mQXNE0nCuWq4yOwcadIn
[0.579, 0.904, 5, -2.729, 0.0618, 0.193, 0, 0.064, 0.681, 82.014] 2djdCbLj1pzRmrDNe7PkW2
[0.761, 0.719, 1, -7.026, 0.0531, 0.0182, 2.62e-06, 0.133, 0.636, 122.008] 3l3nnniXzq1lBqYeYEJb1H
[0.666, 0.677, 2, -5.743, 0.0326, 0.214, 0, 0.0979, 0.178, 100.014] 5TVirkSwFEXF1nLJEebe2I
[0.531, 0.672, 7, -8.513, 0.427, 0.142, 5.2e-05, 0.0729, 0.503, 134.821] 5dnKDpNjR5YYHxwRVFyWgZ
[0.651, 0.628, 1, -5.811, 0.0959, 0.173, 0, 0.0591, 0.513, 150.014] 5vqHLzf7taArjOT4yzlSJG
[0.564, 0.722, 1, -5.59, 0.124, 0.162, 0, 0.0931, 0.276, 99.083] 1Nj2oBISdFDSF8eDuXcALz
[0.727, 0.456, 9, -7.26, 0.285, 0.0705, 0, 0.124, 0.548, 111.331] 19woxaSpjOefa2JnAOoqW5
[0.678, 0.679, 1, -7.093, 0.0644, 0.301, 0.000136, 0.112, 0.218, 119.977] 1pZdegOXTZ2ftINo3oUuRZ
[0.58, 0.846, 9, -2.876, 0.0573, 0.00537, 6.62e-06, 0.145, 0.366, 129.998] 4NCYjPP2VAyYi6707SkS30
[0.741, 0.667, 10, -5.445, 0.134, 0.0575, 0, 0.106, 0.595, 112.956] 1louJpMmzEicAn7lzDalPW
[0.68, 0.536, 5, -6.669, 0.0582, 0.0102, 0.00105, 0.113, 0.417, 119.958] 35WxT8FX7Y3i7Tc4VX7yR3
[0.759, 0.747, 9, -5.728, 0.378, 0.0317, 0, 0.0564, 0.52, 138.052] 3TSrS2hGgRhUN9TsusNnKe
[0.81, 0.759, 9, -3.029, 0.0376, 0.111, 4.73e-06, 0.0919, 0.615, 104.993] 1349a1cfv3J1bb0qGch29z
[0.783, 0.537, 9, -2.921, 0.0749, 0.278, 0, 0.229, 0.392, 113.977] 447yWcDPg1ddgcHBLGpJC0
[0.747, 0.834, 3, -2.867, 0.045, 0.374, 0, 0.0586, 0.687, 128.005] 4kWO6O1BUXcZmaxitpVUwp
[0.53, 0.728, 0, -5.368, 0.154, 0.242, 0, 0.0836, 0.51, 110.23] 2PEOUpzY6uXtmgkxha63He
[0.376, 0.77, 5, -5.51, 0.0623, 0.107, 0, 0.171, 0.365, 96.14] 5B7AL4ZcRVNsUzR8WUVxmT
[0.719, 0.798, 5, -7.076, 0.189, 0.443, 0.00716, 0.0848, 0.525, 115.985] 15uuDYdRIVGMYccM22AbeN
[0.662, 0.844, 8, -5.495, 0.0669, 0.00295, 4.78e-05, 0.525, 0.763, 145.007] 3D1rlKmZdpYUeMtRRLNawc
[0.749, 0.907, 6, -3.168, 0.0638, 0.141, 0, 0.108, 0.68, 124.958] 0VoQCaHK0kzgQ6fVtcLChy
[0.55, 0.929, 8, -4.092, 0.349, 0.0118, 0, 0.333, 0.787, 82.402] 2963mRyXcxdZPfrr0kJ7jU
[0.652, 0.773, 11, -4.815, 0.0337, 0.0593, 0, 0.0615, 0.183, 97.515] 14FmT2vkYihAs64ixAbk6t
[0.607, 0.74, 4, -4.793, 0.172, 0.0829, 0, 0.105, 0.219, 108.05] 54l9GJGQ1UCFKe2tzt1Vxt
[0.362, 0.911, 6, -4.542, 0.194, 0.449, 0, 0.964, 0.471, 84.851] 44BD9ncgmBTbSSdR21coX6
[0.879, 0.547, 6, -5.67, 0.148, 0.0154, 1.65e-05, 0.0295, 0.665, 99.014] 397Un0hOSVgAdLcIHpGAxp
[0.663, 0.714, 7, -3.419, 0.0714, 0.341, 0, 0.0716, 0.389, 123.106] 0od162QTcYgTChNUEwyfhc
[0.498, 0.678, 7, -8.418, 0.301, 0.106, 0, 0.278, 0.337, 127.354] 33ya8ZT0vdQwcREsqQkijx
[0.739, 0.761, 11, -7.238, 0.127, 0.152, 2.09e-05, 0.534, 0.65, 130.108] 0YY3JH6AgCEgzecZVEpg5C
[0.649, 0.608, 7, -9.08, 0.027, 0.288, 0, 0.318, 0.331, 100.005] 26E5XogqhqTvmjH5nPW2Q6
[0.503, 0.764, 10, -7.301, 0.0694, 0.00016, 1.29e-06, 0.0788, 0.186, 117.929] 2wJdo21bsx5HfTnwPJ3p92
[0.511, 0.833, 0, -5.412, 0.0713, 0.0234, 4.61e-06, 0.0573, 0.493, 117.308] 0MwMJL0JGPmdCRoWF9XGzL
[0.766, 0.947, 4, -4.105, 0.094, 0.0367, 0.000178, 0.647, 0.895, 117.99] 1HiUyOP5XdSCR6vLmnG3Zo
[0.711, 0.653, 9, -7.501, 0.0776, 0.0362, 0.00482, 0.149, 0.551, 156.051] 19L8E51SOAjb0DdA349YuW
[0.702, 0.844, 6, -4.054, 0.0769, 0.0294, 0, 0.38, 0.786, 100.043] 19MBk3PbNFE36wqIqkMq9H
[0.866, 0.859, 1, -3.087, 0.0587, 0.138, 0, 0.401, 0.923, 109.972] 4178A5NkEjcsGc64jpBO6d
[0.353, 0.755, 1, -6.276, 0.733, 0.0822, 0, 0.39, 0.437, 191.153] 003eoIwxETJujVWmNFMoZy
[0.736, 0.756, 11, -7.099, 0.047, 0.00632, 0.00577, 0.106, 0.712, 117.016] 1NbGcdgwRHZ5rbPIT9hdR3
[0.668, 0.735, 7, -7.747, 0.0615, 0.0138, 0, 0.879, 0.441, 95.109] 3NHfaIO3ELy1nm9tpMwzp9
[0.581, 0.845, 7, -4.893, 0.226, 0.0997, 0, 0.104, 0.482, 160.044] 54fFi9Nqv49JStVsNZCfsZ
[0.835, 0.626, 1, -5.833, 0.125, 0.0589, 6e-05, 0.396, 0.35, 91.03] 2G7V7zsVDxg1yRsu7Ew9RJ
[0.604, 0.673, 1, -5.979, 0.0545, 0.0268, 3.32e-05, 0.187, 0.287, 144.971] 7gkWXbAxIYuvtOpcN3p9GJ
[0.749, 0.826, 5, -5.739, 0.0334, 0.0518, 9.19e-06, 0.101, 0.753, 116.011] 64P1F9H325sKSSeO9c5HRO
[0.689, 0.684, 8, -4.561, 0.0463, 0.00284, 0, 0.758, 0.692, 107.989] 64BWkOjyNcmXoWH0b0Wq4R
[0.745, 0.391, 7, -10.496, 0.338, 0.375, 0, 0.102, 0.641, 88.973] 2JE4d4AWTtg3c71p1IlSHC
[0.604, 0.805, 11, -4.536, 0.0356, 0.00261, 4.43e-05, 0.052, 0.764, 74.013] 3m043Dsw6uH9TwkzBCMBYT
[0.742, 0.665, 1, -6.98, 0.0326, 0.0981, 0.00222, 0.0728, 0.34, 99.995] 713jzwzhXzBxyQ3rFGzBmY
[0.598, 0.663, 1, -8.636, 0.0282, 0.37, 0.00118, 0.0861, 0.603, 145.011] 67ilt2LC9nMww30KJoS9ny
[0.805, 0.378, 1, -10.029, 0.0434, 0.542, 0, 0.14, 0.919, 116.005] 0pQtYzfob4ZEvEG1jqEmQZ
[0.698, 0.401, 9, -9.439, 0.0269, 0.872, 5.42e-06, 0.0935, 0.593, 103.162] 0eFwATSOs38F2fhQZTJRt2
[0.788, 0.252, 11, -19.024, 0.123, 0.698, 0.00137, 0.0968, 0.887, 100.009] 6CDy3Ul8mI8S4xmEmvenhr
[0.59, 0.651, 7, -4.99, 0.0404, 0.00192, 0, 0.381, 0.274, 136.101] 5TVLAPFL55NXqsJoGmLs4F
[0.764, 0.68, 1, -4.84, 0.0806, 0.617, 0, 0.0862, 0.416, 123.958] 68pmau9FpqIwRjryGd2dDn
[0.586, 0.806, 5, -2.962, 0.0303, 0.0806, 0.000144, 0.527, 0.254, 134.972] 6FUI7FYaNBsJ30vnWaz5G2
[0.615, 0.829, 6, -4.921, 0.0648, 0.0601, 7.03e-06, 0.129, 0.787, 147.989] 5dg0kRCq8w0DFWbGO43v4A
[0.735, 0.572, 11, -7.063, 0.0415, 0.0348, 1.28e-06, 0.135, 0.621, 128.012] 4IksK3RzEtv7NfqY8mu0vQ
[0.63, 0.796, 5, -7.008, 0.0638, 0.0757, 2.37e-05, 0.0957, 0.388, 99.886] 23L5HJxmq51bupjzXkyvEI
[0.671, 0.623, 5, -8.828, 0.142, 0.0736, 0, 0.094, 0.349, 181.97] 0KjkCEyMAzc7msJ3ubKCnK
[0.694, 0.668, 6, -5.891, 0.088, 0.00148, 0.00304, 0.074, 0.258, 114.06] 4CKaSOppWSlQKB5wb4e9K5
[0.754, 0.716, 7, -6.833, 0.0357, 0.0418, 0, 0.163, 0.67, 128.089] 13p3tBLedVQV8CZZry9nve
[0.611, 0.602, 5, -4.89, 0.0437, 0.000837, 0, 0.112, 0.624, 168.154] 3T4UodGkfZObJ43RtA5KFU
[0.751, 0.76, 5, -4.848, 0.0356, 0.0446, 0, 0.226, 0.322, 114.928] 1AJG3n8tWJut45jn1o2cEH
[0.448, 0.612, 2, -6.106, 0.0708, 0.216, 0, 0.08, 0.213, 97.773] 4zIO3ilp5HvTeK3HJHxhMP
[0.577, 0.791, 5, -3.054, 0.0316, 0.0116, 0, 0.179, 0.431, 124.013] 3lQSzRo5BkodChgpBOomvv
[0.711, 0.796, 10, -5.87, 0.0341, 0.0716, 0.0045, 0.262, 0.901, 109.991] 2VX37A1p7tkvrH2UJwAU0T
[0.667, 0.917, 7, -4.881, 0.0462, 0.274, 0.000179, 0.094, 0.948, 104.029] 3kR8Y83iz0CUzG9oPRjfR9
[0.622, 0.445, 2, -5.157, 0.029, 0.134, 0, 0.12, 0.202, 131.933] 4y3s569tclDIQSTuhGFg07
[0.529, 0.871, 10, -5.831, 0.155, 0.118, 0.000164, 0.115, 0.272, 189.837] 6e2PtJYcltVk76nLwxBzRn
[0.664, 0.774, 0, -4.163, 0.0446, 0.0649, 0, 0.513, 0.365, 104.948] 7GF0URC6CuIxq2fRcCCbrO
[0.675, 0.826, 2, -4.02, 0.0631, 0.202, 0, 0.0789, 0.761, 172.025] 1jcAZRfufvi67KWnwRmizE
[0.704, 0.813, 5, -7.972, 0.0825, 0.471, 0, 0.325, 0.681, 125.036] 08rPbCrGZgpYsAyxMKsKWw
[0.671, 0.636, 11, -6.19, 0.0327, 0.116, 3.14e-06, 0.241, 0.763, 90.431] 6DbAiAxnkF5aeu6ykEPKZe
[0.687, 0.792, 5, -2.749, 0.0452, 0.191, 0, 0.167, 0.671, 100.015] 2dpaYNEQHiRxtZbfNsse99
[0.602, 0.658, 1, -5.934, 0.0558, 0.0233, 6e-05, 0.237, 0.268, 145.031] 5OCJzvD7sykQEKHH7qAC3C
[0.568, 0.656, 8, -5.413, 0.0433, 0.0211, 1.37e-05, 0.213, 0.364, 100.049] 4OafepJy2teCjYJbvFE60J
[0.761, 0.818, 6, -5.238, 0.0978, 0.058, 0, 0.11, 0.348, 110.99] 4b7mLZQWsy0rLnrMtPA9fQ
[0.512, 0.848, 7, -3.425, 0.0305, 0.00228, 0.000574, 0.0963, 0.536, 95.958] 5UeHPNz3W2RJ7Ex9g3y2bU
[0.429, 0.961, 8, -4.317, 0.112, 0.000703, 0.000567, 0.279, 0.769, 186.086] 0A4myLQZ8SLcOXfiVTInnG
[0.403, 0.93, 1, -3.669, 0.0991, 0.00219, 0.000114, 0.352, 0.486, 156.114] 76tuaRcz1EgcK5XSNfk8UK
[0.703, 0.838, 8, -5.882, 0.0328, 0.0106, 0.000237, 0.103, 0.484, 110.061] 0NRdZwAM8JSoStfYrb813s
[0.53, 0.953, 6, -2.708, 0.047, 3.02e-05, 0.483, 0.319, 0.817, 137.048] 2OZ9WOXN1TWWxct4XpHoQM
[0.643, 0.904, 0, -3.694, 0.0739, 0.0776, 0, 0.189, 0.481, 103.028] 5Xn4IyTtW6FUGIUyWjbUHG
[0.683, 0.763, 5, -6.588, 0.191, 0.427, 0, 0.184, 0.948, 173.954] 412bK8XW5X5Wvy3UzqNcHq
[0.925, 0.728, 1, -6.82, 0.254, 0.00408, 0, 0.207, 0.667, 96.54] 3W1mdCYUHWewrVXnRsPntM
[0.681, 0.715, 1, -5.148, 0.0638, 0.0039, 5.04e-05, 0.0569, 0.459, 98.96] 5XM8AjUuP4uEWZ9XGGYLFk
[0.595, 0.716, 5, -5.83, 0.161, 0.0304, 3.97e-06, 0.0914, 0.358, 150.025] 0xQIWEKeJaYGBqvK4A9PHb
[0.621, 0.641, 6, -7.114, 0.0579, 0.0862, 0.00115, 0.112, 0.364, 92.514] 2UQIKPD6WHr2Gfj0lqGxU7
[0.781, 0.768, 11, -5.991, 0.0394, 0.0119, 4.91e-06, 0.325, 0.486, 123.07] 5N5k9nd479b1xpDZ4usjrg
[0.597, 0.751, 6, -4.982, 0.193, 0.0104, 0, 0.0912, 0.568, 103.956] 43wzy7JxMEfvCh8ZFeZKYk
[0.709, 0.759, 5, -3.811, 0.0454, 0.114, 0.000129, 0.347, 0.586, 148.011] 63MtMwfhxUvM2cyUNb5Iux
[0.56, 0.869, 0, -2.391, 0.237, 0.114, 2.88e-06, 0.143, 0.866, 190.036] 7A6d1s5kEY08IXBWwbqWJ1
[0.709, 0.857, 9, -3.394, 0.0881, 0.00219, 0, 0.103, 0.446, 126.038] 03iCbZaM4OkRR4We6wIzvx
[0.74, 0.669, 0, -5.199, 0.0373, 0.0445, 0, 0.184, 0.536, 122.007] 6X6SdJzxyw7GzxwP2fr9WV
[0.601, 0.775, 0, -4.612, 0.0473, 0.269, 0, 0.0883, 0.483, 119.964] 6jreFSOTUAViWjKyzOC4Kg
[0.706, 0.678, 5, -5.56, 0.0677, 0.0919, 0, 0.11, 0.464, 119.919] 1Bl1XkDUTzs33v7Lq9WlVP
[0.502, 0.872, 6, -8.088, 0.068, 0.0191, 1.11e-06, 0.353, 0.719, 168.145] 1OnlN2DE7hwSflLGzPEeuD
[0.556, 0.918, 11, -4.896, 0.064, 0.0105, 0, 0.291, 0.886, 154.008] 19Z4OW8JAgJ5JZZWJRgw1l
[0.699, 0.68, 4, -4.796, 0.0442, 0.00911, 0, 0.35, 0.463, 95.02] 38Fj5lpTy1MvXIPhpxdrq5
[0.746, 0.767, 1, -2.907, 0.0374, 0.0601, 1.07e-05, 0.0859, 0.773, 94.007] 19hh7DkfRBrpRGYfKlw7jb
[0.496, 0.743, 6, -4.227, 0.0336, 0.144, 0, 0.092, 0.568, 122.352] 6IgjfAyuDTwadk5QinwErS
[0.616, 0.695, 9, -5.733, 0.0423, 0.0147, 0, 0.492, 0.382, 119.01] 6dRj3dDseKfeIBfBMRboGN
[0.759, 0.455, 7, -10.319, 0.0457, 0.0488, 0.0134, 0.25, 0.134, 92.02] 0b7ilDLShQaEBvTeoVVyS8
[0.712, 0.604, 7, -5.758, 0.0356, 0.0142, 5.58e-06, 0.311, 0.563, 117.996] 5ivWE6sPYcfXZVoWYengDm
[0.588, 0.829, 0, -7.447, 0.0374, 0.066, 0, 0.348, 0.478, 97.988] 6cEzWDhL0xDyhnKD0gjTVb
[0.723, 0.858, 5, -6.609, 0.0995, 0.0346, 0.000319, 0.109, 0.436, 105.988] 3OALwcr8URRyfhzzTtNeHN
[0.562, 0.767, 9, -5.069, 0.0653, 0.244, 0.000234, 0.687, 0.741, 166.123] 1D71evI7Ii9G4CXl5z8miv
[0.726, 0.802, 0, -3.919, 0.0381, 0.0175, 6.01e-05, 0.0892, 0.829, 120.009] 13qDscBoIHEHNabnfc5DfF
[0.697, 0.499, 8, -15.697, 0.195, 0.455, 0, 0.0971, 0.62, 110.011] 2wLyVBWTj0kkPB2l0EnzKI
[0.706, 0.874, 9, -5.84, 0.0675, 0.0194, 0.000172, 0.109, 0.711, 122.995] 7Lf3K59Y8HzIgnmQ3CVbhl
[0.664, 0.543, 1, -8.067, 0.209, 0.011, 4.11e-05, 0.0779, 0.468, 159.889] 6PtR1Kkf2pTUeoyCW395dg
[0.581, 0.571, 5, -8.733, 0.135, 0.00662, 5.68e-06, 0.14, 0.328, 74.973] 5ufOMPVpnpGNeMyGgOej68
[0.807, 0.858, 6, -4.191, 0.0423, 0.331, 2.54e-05, 0.0869, 0.375, 102.058] 4h8FU1NcC9V34Re8MHuaJg
[0.808, 0.581, 11, -5.43, 0.07, 0.0053, 1.19e-05, 0.0828, 0.758, 130.012] 16QN8cBubEq706vNtPpOME
[0.588, 0.901, 7, -4.194, 0.164, 0.00303, 0, 0.057, 0.712, 152.92] 1zv5ce0HHLD90EByNsgBfD
[0.82, 0.792, 6, -4.523, 0.0567, 0.101, 0, 0.348, 0.813, 123.006] 0gQrcNUTkpoK5LvNmCa2eC
[0.701, 0.679, 1, -6.652, 0.0401, 0.00987, 0, 0.131, 0.536, 134.88] 7jhCqJlmx37u8o0xo2bjaj
[0.56, 0.925, 2, -3.404, 0.0263, 0.000583, 3.01e-05, 0.285, 0.522, 104.964] 2ELKIesDr6AGGJhXmrQGMa
[0.723, 0.567, 11, -8.774, 0.0712, 0.0849, 5.37e-06, 0.219, 0.84, 140.061] 6wq9hF0k7d2fhmAHk0e0BH
[0.777, 0.579, 7, -5.515, 0.184, 0.239, 0, 0.105, 0.413, 110.007] 3VKDOXkmTHt4Xa78U4dbDp
[0.693, 0.752, 7, -4.599, 0.0468, 0.267, 0, 0.158, 0.536, 86.039] 2ohnBL9OduX30tQGl3ngvK
[0.719, 0.616, 0, -7.061, 0.0426, 0.254, 0, 0.307, 0.697, 105.097] 62PnHcK70a4cfCsCl7IGlG
[0.709, 0.782, 7, -3.526, 0.0469, 0.0771, 4.71e-06, 0.302, 0.728, 102.032] 5ZnJsoJGkQ5K15W7Rcr5JO
[0.61, 0.803, 1, -4.523, 0.035, 0.0107, 2.92e-05, 0.0386, 0.438, 89.997] 5OnclJovQKLu18ip7L9PiC
[0.738, 0.875, 7, -3.141, 0.127, 0.000673, 0.000556, 0.285, 0.538, 114.962] 4awRNvd5iC7QGVQOwSCffw
[0.841, 0.798, 1, -4.206, 0.229, 0.153, 3.33e-06, 0.0618, 0.591, 95.948] 4w8niZpiMy6qz1mntFA5uM
[0.694, 0.852, 7, -5.34, 0.257, 0.0882, 0, 0.334, 0.377, 107.178] 575NJxNUVDqwJGdzBrlLbv
[0.652, 0.897, 7, -4.481, 0.036, 0.293, 0, 0.0722, 0.475, 114.033] 1wsLHgXJ4SKIfd5ePSX1hD
[0.417, 0.673, 6, -7.719, 0.0497, 0.199, 0, 0.128, 0.314, 108.994] 6KuU2rnFYUyYzGOwcCZDT7
[0.677, 0.486, 6, -7.947, 0.0305, 0.253, 0.688, 0.0912, 0.061, 108.042] 7lPM8uXuIO5MDWv6L0TPaZ
[0.583, 0.662, 0, -6.025, 0.156, 0.00541, 1.96e-06, 0.284, 0.636, 150.305] 0qbfdprRS71e9up5pOmbQo
[0.898, 0.51, 0, -6.392, 0.0386, 0.0147, 0, 0.0745, 0.758, 112.022] 4jreMpU6moUyUhAea1YNVq
[0.662, 0.586, 9, -6.355, 0.186, 0.183, 0, 0.153, 0.641, 170.95] 0vfgzQusf9Bnao59zoZXVJ
[0.617, 0.661, 2, -6.355, 0.0433, 0.103, 0, 0.133, 0.579, 122.009] 6ELZm823Rr9ypwEuNbYlYe
[0.688, 0.557, 9, -11.458, 0.0694, 0.00121, 0.897, 0.26, 0.0696, 89.003] 5ecN8ysoiyCrdGmUyyEOba
[0.808, 0.766, 11, -4.701, 0.041, 0.0294, 0.000119, 0.22, 0.858, 116.984] 6yQm7qgtgTc6h8QFSbKV2k
[0.671, 0.685, 5, -5.62, 0.117, 0.182, 0, 0.499, 0.683, 148.049] 4Ed2P2WwKwcSPVnHjrxyS7
[0.465, 0.917, 5, -6.331, 0.237, 0.0152, 0.02, 0.286, 0.39, 155.061] 62PDM93qqC4xSfQMV48MRF
[0.665, 0.709, 11, -3.643, 0.037, 0.0371, 0, 0.323, 0.841, 100.001] 1Wm8n5eQpDaOk2eQjf8ENd
[0.719, 0.703, 5, -4.93, 0.0392, 0.032, 1.14e-05, 0.0656, 0.72, 101.984] 3WYAeLh2FXjb0d7OhMxIu1
[0.402, 0.75, 0, -6.607, 0.0567, 0.0125, 0.00192, 0.396, 0.502, 146.223] 09rj7jigutgAkveJGpSDBT
[0.463, 0.958, 10, -3.622, 0.122, 0.0349, 0.00785, 0.0944, 0.155, 170.03] 6ROC96qNrDlbWmIKtt93TV
[0.89, 0.624, 1, -3.966, 0.103, 0.0944, 5.16e-06, 0.0903, 0.762, 116.046] 5xesHO6GLWTrjsKOjAXRmf
[0.669, 0.684, 7, -4.595, 0.0585, 0.252, 0, 0.72, 0.466, 96.097] 2r1T6xGTVaNAqBoPH4lZEE
[0.814, 0.627, 8, -3.294, 0.0499, 0.00211, 0.00124, 0.0607, 0.603, 100.019] 2QApyk4ji8K7tYOf7LZa9b
[0.807, 0.52, 6, -7.911, 0.115, 0.188, 1.27e-05, 0.136, 0.614, 109.979] 1d5MR1rClWvRsvY4ZRaMpZ
[0.7, 0.872, 10, -5.896, 0.0666, 0.121, 7.08e-06, 0.103, 0.761, 125.03] 7FjZU7XFs7P9jHI9Z0yRhK
[0.472, 0.75, 10, -10.434, 0.0371, 0.415, 0.0206, 0.369, 0.529, 109.251] 61IBpJ6TymrEwd7bz3oPNp
[0.35, 0.531, 11, -5.207, 0.0414, 0.334, 0, 0.0788, 0.311, 185.594] 6fRvg26kbYEUYuiEKZcExs
[0.376, 0.496, 9, -7.291, 0.055, 0.276, 0, 0.0583, 0.55, 174.575] 6Q9oHLDWLkEITUSKVsYpx9
[0.643, 0.693, 7, -8.667, 0.126, 0.131, 0, 0.099, 0.618, 156.092] 4zzbL26fW2DD3wzU2e9wUQ
[0.43, 0.646, 7, -8.568, 0.23, 0.139, 0, 0.0797, 0.518, 158.688] 6eOVva3uFgGN9UWvQ78YvZ
[0.554, 0.487, 9, -7.237, 0.33, 0.443, 0, 0.297, 0.749, 207.263] 0tTnTd1YWjkhN4Yah3XCVd
[0.398, 0.151, 7, -15.249, 0.0366, 0.868, 0.0281, 0.119, 0.177, 96.024] 5q5jd4Y5JeLAqJ3p36ocrT
[0.518, 0.174, 2, -13.109, 0.0403, 0.794, 0.0819, 0.149, 0.122, 120.191] 0Z82vxXw2n4hyNYjAmM5Tp
[0.542, 0.0806, 6, -16.799, 0.0384, 0.85, 0.000222, 0.107, 0.361, 106.756] 5cIykejBpvRbyNo3oB3dNn
[0.56, 0.8, 9, -4.222, 0.0601, 0.0058, 0, 0.0871, 0.381, 107.105] 7eJCoSa6PKXIMH9NW34xHM
[0.645, 0.743, 0, -6.747, 0.0471, 0.583, 0.00569, 0.0986, 0.0996, 112.979] 3Jls8FZpsCgRRcbFug8Bkj
[0.704, 0.422, 5, -7.095, 0.0473, 0.0127, 9.42e-06, 0.115, 0.413, 134.883] 1rJoaf2QSCAECJaG75wdUt
[0.705, 0.824, 2, -4.825, 0.0347, 0.18, 0, 0.0901, 0.925, 146.999] 1UotQ5kMAEiCJVisAVkxOh
[0.611, 0.524, 4, -4.317, 0.0319, 0.00945, 0, 0.111, 0.459, 83.535] 45iXFmX0dGDELlsyEtVi7K
[0.685, 0.638, 6, -6.539, 0.0367, 0.0371, 0, 0.0987, 0.414, 123.442] 39YLC6osLe9btq1vpsDglx
[0.638, 0.679, 4, -5.278, 0.0425, 0.0016, 0.00655, 0.121, 0.596, 81.045] 5ftQSVAHs7iqULWKQn0fjK
[0.638, 0.659, 10, -6.215, 0.0627, 0.0127, 0, 0.187, 0.341, 103.029] 16geeCnXrbiomV1IZ8Kudc
[0.46, 0.809, 6, -5.415, 0.326, 0.0422, 5.04e-05, 0.138, 0.609, 157.184] 3WVhkjB7Y4xFruqoCAajBb
[0.662, 0.823, 10, -8.748, 0.0797, 0.000839, 0, 0.344, 0.85, 103.97] 6Z8rFlTUi6YZBFRLRXXfYi
[0.718, 0.514, 8, -9.084, 0.0948, 0.0563, 0, 0.21, 0.361, 127.933] 5Z15oK5m5HcgILB7mxswQO
[0.511, 0.443, 11, -8.864, 0.14, 0.0947, 8.28e-05, 0.122, 0.435, 179.838] 3qDb6Lg8WyWEJSR4IY8vhc
[0.325, 0.587, 6, -6.615, 0.0481, 0.714, 0.00524, 0.0912, 0.902, 184.18] 7tKwqvSMv2anPVW6g6rEV8
[0.725, 0.321, 1, -10.744, 0.323, 0.578, 0, 0.0884, 0.319, 70.142] 14msK75pk3pA33pzPVNtBF
[0.714, 0.474, 8, -4.993, 0.039, 0.374, 0, 0.106, 0.376, 62.484] 0todbbT9g5uQGbeFCiBf2F
[0.662, 0.685, 4, -4.561, 0.0302, 0.125, 0, 0.0961, 0.447, 111.964] 7xELq8WliIctkuvWXONX6d
[0.527, 0.603, 8, -7.588, 0.0374, 0.0332, 0, 0.0805, 0.313, 78.036] 27IoWcLDxCAfjB8jx0ccZe
[0.601, 0.702, 5, -6.599, 0.0397, 0.0254, 0, 0.0543, 0.462, 110.988] 0HjFjT6a21IHVUOpGv2g4y
[0.75, 0.81, 0, -4.607, 0.0572, 0.0917, 1.59e-05, 0.111, 0.48, 120.038] 1BmdqDrBU5eohtRwHBls6C
[0.431, 0.728, 6, -4.547, 0.0548, 0.0835, 0.052, 0.198, 0.274, 167.262] 4GQcRlUqDSqM3PeeWU4fhJ
[0.638, 0.721, 1, -4.644, 0.0395, 0.0211, 0, 0.12, 0.435, 146.078] 7B05516SDZK9hsqde0yauO
[0.664, 0.764, 4, -6.575, 0.0333, 0.000265, 0.00148, 0.105, 0.423, 127.979] 2QBO6p482kMog83AMue3Jx
[0.429, 0.891, 6, -5.055, 0.0434, 9.71e-05, 0.000234, 0.0955, 0.633, 158.058] 1kBw9wA2bQxyLWOzMC87N3
[0.544, 0.921, 6, -5.628, 0.0364, 0.0768, 0.000264, 0.184, 0.578, 112.832] 6oEKFCWWWmsECX0vdZqkNN
[0.658, 0.624, 9, -4.253, 0.209, 0.186, 0, 0.157, 0.734, 101.85] 6eBhfEkP1OCMCkrJoiPJGs
[0.745, 0.693, 2, -5.479, 0.034, 0.339, 0, 0.123, 0.248, 98.039] 2XWjPtKdi5sucFYtVav07d
[0.701, 0.523, 7, -10.44, 0.0684, 0.185, 0.0011, 0.22, 0.473, 120.081] 4TeBMvVZCnp9X0kpY8R3Hw
[0.613, 0.953, 2, -3.435, 0.0855, 0.00148, 0.000582, 0.152, 0.537, 105.046] 305WCRhhS10XUcH6AEwZk6
[0.745, 0.466, 4, -7.62, 0.0864, 0.00666, 0.35, 0.272, 0.303, 123.889] 3m6KkYKdnbffMpGd9Pm9FP
[0.742, 0.844, 2, -6.441, 0.111, 0.0838, 0, 0.418, 0.85, 113.371] 3v8PlUFGQQDBIk1J86waCo
[0.787, 0.541, 7, -10.437, 0.0403, 0.0825, 0.000311, 0.065, 0.962, 124.194] 1b7LMtXCXGc2EwOIplI35z
[0.597, 0.605, 7, -12.013, 0.0255, 0.181, 0.000331, 0.118, 0.886, 97.782] 4CJVkjo5WpmUAKp3R44LNb
[0.577, 0.808, 1, -7.04, 0.039, 0.0338, 1.33e-05, 0.221, 0.869, 151.008] 3bN4tg6rnNPy9GCkGhym4T
[0.586, 0.935, 4, -9.386, 0.0482, 0.000155, 0.277, 0.159, 0.58, 114.997] 4l2hnfUx0esSbITQa7iJt0
[0.319, 0.712, 8, -9.742, 0.0535, 0.242, 0.000414, 0.294, 0.773, 78.114] 2iAq1y8jEVOQM6OA8L0XtO
[0.537, 0.606, 2, -7.048, 0.0347, 0.0939, 0.00559, 0.11, 0.582, 128.73] 7fqhrLJzKHJ0RW32N0y2Gp
[0.586, 0.7, 0, -9.558, 0.0363, 0.0589, 0.00125, 0.0318, 0.897, 147.245] 1HOMkjp0nHMaTnfAkslCQj
[0.638, 0.928, 5, -4.078, 0.0388, 0.0531, 0.11, 0.0875, 0.966, 122.428] 7HKez549fwJQDzx3zLjHKC
[0.524, 0.881, 5, -4.479, 0.0468, 0.0252, 0, 0.101, 0.62, 101.677] 5O4NFbDqJ8SOfbjnIhdPDt
[0.534, 0.605, 9, -4.366, 0.113, 0.00865, 0.00826, 0.0781, 0.56, 123.003] 2VAlwOewe5c40VHyqozF1V
[0.543, 0.912, 7, -10.71, 0.0601, 0.00162, 2.1e-06, 0.0565, 0.836, 103.731] 4ePP9So5xRzspjLFVVbj90
[0.519, 0.772, 0, -6.784, 0.0331, 0.534, 1.21e-05, 0.271, 0.961, 79.618] 5RKZ9zCtLjBLTea7qkSFqr
[0.554, 0.667, 1, -10.226, 0.0342, 0.628, 0, 0.0486, 0.597, 112.749] 63rva3TBizr6x1Yp5uwKfD
[0.319, 0.881, 2, -7.244, 0.14, 0.118, 0, 0.364, 0.625, 206.941] 6dL46HEj2hzaSach8EFyCi
[0.663, 0.957, 11, -2.823, 0.0584, 0.18, 0, 0.348, 0.937, 125.678] 5BegkNkGXa6TUobnxy5LFL
[0.559, 0.855, 5, -5.077, 0.186, 0.0488, 0.000681, 0.68, 0.605, 156.311] 7hQJA50XrCWABAu5v6QZ4i
[0.768, 0.852, 4, -6.215, 0.038, 0.213, 7.45e-05, 0.0723, 0.867, 128.374] 2ZSCy3P1QzpJySCWA6NRIU
[0.581, 0.817, 0, -6.542, 0.0382, 0.211, 1.42e-06, 0.246, 0.779, 141.607] 5DiXcVovI0FcY2s0icWWUu
[0.403, 0.495, 10, -6.888, 0.0312, 0.387, 8.03e-06, 0.147, 0.38, 132.91] 2oF7FZHIJbzjeEXZ3D0Ku4
[0.648, 0.751, 8, -8.582, 0.0806, 0.0182, 0.000401, 0.0418, 0.863, 100.437] 4dwrL3Z5U2RZ6MZiKE2PgL
[0.584, 0.367, 6, -9.638, 0.0328, 0.55, 1.38e-05, 0.0818, 0.588, 120.175] 1JO1xLtVc8mWhIoE3YaCL0
[0.573, 0.913, 6, -4.793, 0.132, 0.0591, 0.00173, 0.156, 0.422, 115.715] 2zYzyRzz6pRmhPzyfMEC8s
[0.831, 0.544, 0, -9.288, 0.0837, 0.594, 0.00389, 0.0736, 0.856, 108.177] 4YMLW13PuuO7o3jkIWlKAs
[0.388, 0.338, 10, -10.054, 0.0328, 0.652, 3.72e-06, 0.248, 0.477, 177.784] 2RlgNHKcydI9sayD2Df2xp
[0.466, 0.438, 4, -12.858, 0.0608, 0.089, 5.62e-06, 0.113, 0.587, 193.1] 6HA97v4wEGQ5TUClRM0XLc
[0.301, 0.793, 4, -7.764, 0.045, 0.000122, 0.000276, 0.0933, 0.451, 83.523] 0MaUnKwsHKRj4qjLDuBG66
[0.731, 0.861, 11, -5.881, 0.0323, 0.0319, 0, 0.0829, 0.78, 104.034] 3cfOd4CMv2snFaKAnMdnvK
[0.68, 0.678, 1, -11.548, 0.0754, 0.103, 0.00828, 0.204, 0.251, 131.165] 7o7E1nrHWncYY7PY94gCiX
[0.488, 0.777, 9, -12.658, 0.0894, 0.153, 0.0312, 0.825, 0.481, 81.437] 3JbE6e17yvNdPggjPDrCyO
[0.754, 0.804, 11, -7.189, 0.0368, 0.0186, 0.0604, 0.207, 0.972, 132.967] 0fJFBbpUxTwjhh1ScBQjeX
[0.773, 0.706, 10, -9.042, 0.0382, 0.193, 0, 0.572, 0.966, 92.462] 413T0g8pNNXYX6t5RqHvx7
[0.854, 0.71, 4, -6.32, 0.0793, 0.0113, 8.72e-05, 0.166, 0.818, 106.894] 3TZwjdclvWt7iPJUnMpgcs
[0.357, 0.756, 0, -8.492, 0.0621, 0.733, 0.00505, 0.76, 0.95, 174.797] 64Ny7djQ6rNJspquof2KoX
[0.412, 0.844, 2, -5.613, 0.037, 0.00214, 0, 0.134, 0.459, 174.452] 79RUMZfMNMpqZnswovvTqv
[0.598, 0.673, 2, -10.431, 0.0693, 0.0422, 6.84e-05, 0.289, 0.59, 102.035] 40NRm1ZLvZpUSCUXAGGZ8J
[0.508, 0.834, 2, -6.205, 0.0386, 0.0183, 0, 0.0732, 0.774, 139.131] 0GONea6G2XdnHWjNZd6zt3
[0.482, 0.849, 2, -9.198, 0.0452, 0.641, 7.74e-06, 0.0414, 0.937, 124.631] 5ZBeML7Lf3FMEVviTyvi8l
[0.671, 0.373, 9, -18.064, 0.0323, 0.257, 7.95e-05, 0.0481, 0.732, 92.717] 2374M0fQpWi3dLnB54qaLX
[0.672, 0.792, 2, -7.033, 0.0264, 0.0843, 0.0605, 0.302, 0.683, 111.277] 0A4PZuepTcIQVvA5m7R0M1
[0.602, 0.522, 10, -9.031, 0.0285, 0.386, 1.44e-05, 0.0941, 0.36, 136.637] 3gdewACMIVMEWVbyb8O9sY
[0.621, 0.901, 2, -5.396, 0.0302, 0.17, 0, 0.0875, 0.744, 113.967] 32lF1rsInDTdK6Av3KdfaY
[0.424, 0.446, 5, -9.618, 0.0525, 0.394, 3.78e-06, 0.16, 0.794, 165.158] 1bp2IO61zbQrbWNmKKxg3f
[0.855, 0.587, 8, -4.589, 0.0336, 0.0505, 0.00714, 0.105, 0.64, 111.97] 1vxw6aYJls2oq3gW0DujAo
[0.686, 0.632, 9, -11.433, 0.0353, 0.0398, 2.2e-06, 0.0686, 0.88, 118.965] 4SXU3lUZ1eb4JWWbkQw43Y
[0.681, 0.163, 11, -22.597, 0.165, 0.881, 7.62e-05, 0.0688, 0.771, 69.284] 5YbgcwHjQhdT1BYQ4rxWlD
[0.653, 0.677, 0, -12.244, 0.0396, 0.249, 0, 0.403, 0.888, 114.37] 1ynmMEK1fkyiZ6Z6F3ThEt
[0.791, 0.734, 5, -5.464, 0.0629, 0.522, 0.00165, 0.167, 0.962, 105.854] 714hERk9U1W8FMYkoC83CO
[0.5, 0.681, 0, -9.556, 0.0672, 0.114, 4.01e-05, 0.139, 0.745, 119.46] 6hs3SDnbO3f6VQuPO4KBEb
[0.641, 0.806, 8, -6.281, 0.0323, 0.079, 0.00158, 0.0708, 0.721, 125.987] 3h1in20DlO5KaSP1vLED90
[0.478, 0.678, 7, -7.032, 0.0364, 0.29, 0, 0.577, 0.892, 151.466] 4myBMnNWZlgvVelYeTu55w
[0.625, 0.85, 4, -3.904, 0.0495, 0.346, 0.000233, 0.174, 0.633, 94.661] 25FTMokYEbEWHEdss5JLZS
[0.573, 0.902, 6, -7.638, 0.054, 0.018, 0.00125, 0.0928, 0.876, 84.412] 2WfaOiMkCvy7F5fcp2zZ8L
[0.736, 0.811, 9, -4.17, 0.081, 0.00132, 0.000142, 0.107, 0.609, 103.502] 4BggEwLhGfrbrl7JBhC8EC
[0.515, 0.496, 5, -8.018, 0.0275, 0.0244, 7.24e-06, 0.0895, 0.442, 138.61] 1QTixxvaGxwe6GF8PBwAve
[0.567, 0.512, 0, -8.831, 0.0357, 0.547, 0, 0.296, 0.334, 130.269] 5fgkjhICZnqFctrV0AyuQD
[0.651, 0.946, 6, -4.717, 0.101, 0.13, 0, 0.148, 0.508, 91.911] 0dCr3qIupWh36ilLjRHi4P
[0.675, 0.899, 10, -6.124, 0.0418, 0.0696, 0.000139, 0.33, 0.91, 103.683] 3LmpQiFNgFCnvAnhhvKUyI
[0.626, 0.816, 9, -10.593, 0.13, 0.237, 1.8e-06, 0.104, 0.798, 105.33] 6vxHp3CDNo0afgKGp2yi1E
[0.518, 0.761, 0, -7.025, 0.0452, 0.158, 0.00765, 0.0715, 0.576, 118.738] 4vEXJ6NvEwS8ptynkNswaa
[0.542, 0.915, 9, -9.637, 0.0549, 0.319, 5.34e-05, 0.171, 0.92, 159.81] 6NdcSEhpGGAYXNnnhGS2s6
[0.645, 0.598, 1, -13.18, 0.0335, 0.221, 3.53e-06, 0.0721, 0.913, 105.929] 7Ar4G7Ci11gpt6sfH9Cgz5
[0.376, 0.771, 6, -5.8, 0.0422, 0.000874, 8.98e-06, 0.274, 0.419, 168.154] 265poZGWCyWo6h5tq7kiA6
[0.784, 0.675, 0, -7.718, 0.049, 0.261, 1.4e-06, 0.293, 0.854, 124.908] 6RT3PxDEQOa7m6tK502DNa
[0.672, 0.803, 4, -4.693, 0.0285, 0.00753, 0, 0.0597, 0.794, 136.007] 5zhee6Apgg8QqeJObO4k1d
[0.693, 0.97, 9, -3.725, 0.0522, 0.00987, 0.00143, 0.101, 0.657, 104.892] 4RwIkzRJEk1pPVsyd592tc
[0.446, 0.757, 1, -5.177, 0.0322, 0.0206, 0, 0.146, 0.421, 102.88] 2ihCaVdNZmnHZWt0fvAM7B
[0.796, 0.711, 9, -4.755, 0.0427, 0.426, 0.00381, 0.364, 0.828, 109.673] 5pTWpY8l7B1XcQnijEFGFj
[0.676, 0.704, 10, -8.534, 0.0329, 0.000362, 0.0709, 0.139, 0.812, 129.594] 3GXo1eWlT2flv4x01l5OTu
[0.591, 0.931, 2, -4.84, 0.0557, 0.0213, 0, 0.122, 0.673, 101.551] 38TXeCvUUqf3PeoPvnERV6
[0.542, 0.589, 2, -6.623, 0.0318, 0.292, 0.000522, 0.177, 0.137, 111.665] 6ZapsNk1ZpaebNXAIohP9R
[0.596, 0.869, 10, -11.97, 0.037, 0.0116, 0.173, 0.0678, 0.944, 109.902] 05wIrZSwuaVWhcv5FfqeH0
[0.807, 0.487, 9, -10.456, 0.0758, 0.0102, 1.98e-06, 0.0501, 0.651, 148.491] 1P49MJhU5vzttesFxw3dOM
[0.466, 0.615, 0, -9.102, 0.0492, 0.413, 0, 0.343, 0.812, 108.016] 5uzNa0SBGOe5pPnstWHMCt
[0.557, 0.54, 9, -10.484, 0.0347, 0.0339, 0.00248, 0.179, 0.394, 129.171] 6dGnYIeXmHdcikdzNNDMm2
[0.736, 0.871, 2, -2.786, 0.0278, 0.466, 0, 0.108, 0.967, 122.395] 3iSws76HjaU7k49EqJVTfF
[0.485, 0.619, 5, -7.115, 0.0289, 0.0941, 3.31e-06, 0.109, 0.416, 138.017] 5S6pYZD8WH3OQapDHTDM9M
[0.559, 0.922, 6, -4.597, 0.0504, 0.00834, 0, 0.356, 0.638, 145.0] 6lAqwGwFzQ44SrODqr0NmQ
[0.694, 0.881, 1, -4.053, 0.0701, 0.0153, 0.0196, 0.0851, 0.924, 121.554] 2UVLuddklEVak5PXgC7baA
[0.491, 0.831, 6, -5.321, 0.0349, 0.000285, 7.88e-05, 0.0761, 0.828, 193.968] 4uqNn56KFQ7NtJ35xWZKvf
[0.715, 0.97, 0, -2.206, 0.0648, 0.0644, 0.000156, 0.205, 0.963, 79.504] 3AszgPDZd9q0DpDFt4HFBy
[0.72, 0.88, 5, -8.988, 0.0406, 0.199, 0.0246, 0.0865, 0.961, 118.623] 2h23bjG8B3bcD47HBu6bHG
[0.731, 0.804, 11, -7.621, 0.0473, 0.172, 0.00028, 0.0685, 0.957, 107.383] 7GVUmCP00eSsqc4tzj1sDD
[0.59, 0.828, 0, -6.28, 0.0439, 0.277, 5.57e-06, 0.0868, 0.636, 111.353] 2id8E4WvczfKHB4LHI7Np3
[0.813, 0.619, 7, -8.203, 0.0294, 0.245, 0.0151, 0.113, 0.774, 114.58] 7lL2lMWNtzOcf5HnEudNgn
[0.733, 0.71, 5, -5.849, 0.0292, 0.145, 0.115, 0.0956, 0.965, 127.975] 7w87IxuO7BDcJ3YUqCyMTT
[0.744, 0.612, 0, -6.386, 0.0333, 0.0723, 0.000532, 0.0692, 0.961, 114.991] 5AoTuHE5P5bvC7BBppYnja
[0.614, 0.799, 5, -6.95, 0.382, 0.0971, 0, 0.313, 0.9, 174.114] 3a94DkjR4idw3bp8yzai59
[0.946, 0.491, 1, -7.931, 0.231, 0.00521, 0, 0.226, 0.586, 130.029] 2Oaq2Q6JFS1xIXGL9TVryY
[0.747, 0.904, 9, -2.623, 0.0803, 0.046, 0.106, 0.203, 0.846, 118.877] 35kyKr5ArvTnFlldwR7JAD
[0.749, 0.484, 5, -9.944, 0.0484, 0.13, 0.137, 0.0501, 0.939, 167.084] 7HX9f8AMBl0vQxAoAzLqhS
[0.71, 0.815, 8, -7.765, 0.0438, 0.451, 0.000469, 0.0975, 0.955, 93.603] 01gwPP2h3ajRnqiIphUtR7
[0.677, 0.693, 11, -7.561, 0.0343, 0.437, 0, 0.405, 0.755, 130.013] 28wGX1hoLCRbBZbEqITvE3
[0.631, 0.69, 2, -6.676, 0.0531, 0.176, 0, 0.121, 0.938, 94.574] 4TBBPZks71c60whhq0PgdP
[0.615, 0.97, 9, 1.342, 0.119, 0.0104, 0.384, 0.178, 0.507, 122.993] 49ErwcBYfYRPNBdRuPvpYA
[0.538, 0.127, 11, -16.057, 0.0284, 0.589, 0.00017, 0.238, 0.527, 62.829] 3298yRJKPcCndQdNiTZKIo
[0.864, 0.876, 11, -7.297, 0.0488, 0.148, 7.19e-05, 0.0367, 0.802, 110.536] 0G3fbPbE1vGeABDEZF0jeG
[0.537, 0.857, 0, -5.791, 0.0257, 0.114, 0, 0.724, 0.747, 103.989] 384JA8UkGvHNlbzR4gyxEq
[0.555, 0.963, 0, -2.495, 0.0479, 0.0163, 1.94e-05, 0.317, 0.511, 123.022] 1BARU7YaUf8lKHgL945f6l
[0.623, 0.84, 9, -5.446, 0.123, 0.0173, 0, 0.363, 0.539, 123.068] 7AkLPOwjju8taQCJCaIUts
[0.54, 0.946, 5, -5.581, 0.0365, 0.000844, 0.607, 0.255, 0.342, 128.008] 4nKnyYt3VW7ZO3xpU8d394
[0.472, 0.881, 6, -6.182, 0.0491, 0.0081, 0.111, 0.366, 0.24, 127.014] 4uQzfUUpSPtP8378Qg5aTo
[0.801, 0.854, 5, -4.377, 0.0442, 0.00364, 0.00325, 0.155, 0.899, 122.033] 6MLvUL2dYphJTwgiBvuJ1J
[0.721, 0.745, 1, -4.31, 0.127, 0.15, 0, 0.334, 0.541, 125.088] 749MvEtNXKsgfq5trXJUbk
[0.494, 0.72, 3, -4.024, 0.0418, 0.0659, 3.4e-05, 0.129, 0.359, 128.11] 5wm4eASbGuFB6eSmYtkflR
[0.65, 0.819, 4, -3.811, 0.0551, 0.117, 0, 0.0772, 0.351, 128.09] 4huh5oqBz9RkgpzAkyuEAs
[0.53, 0.789, 9, -5.546, 0.0431, 0.033, 0.119, 0.272, 0.0654, 110.086] 5TL9e2xgtvJFtNCBsq1CgX
[0.592, 0.791, 0, -4.156, 0.0438, 0.00207, 0.00483, 0.198, 0.291, 126.179] 3wBa0EvMvIIUEvPYsIuqKT
[0.699, 0.913, 6, -2.639, 0.0485, 0.0451, 0.434, 0.955, 0.202, 126.035] 2GaCZk6EZBMv2H54GbUUMm
[0.652, 0.846, 7, -3.966, 0.226, 0.0816, 6.23e-06, 0.263, 0.347, 109.804] 4AOgj0qegbby49dTRGMKBB
[0.823, 0.909, 1, -4.508, 0.0635, 0.00779, 0.0407, 0.126, 0.787, 124.025] 6ZvLKwgPKlyZtDPkTWjPI7
[0.675, 0.937, 6, -3.224, 0.11, 0.132, 0, 0.0753, 0.446, 116.988] 4PmIhCpPZQkQGOmtU7Y0Ub
[0.703, 0.937, 9, -2.257, 0.11, 0.0118, 0.00207, 0.203, 0.407, 124.007] 66GbYvhC0m61TvDU2aC89W
[0.641, 0.938, 5, -4.129, 0.0564, 0.0831, 0.057, 0.388, 0.381, 123.008] 3tr3e9aPWWiKaRDMsJAqdL
[0.716, 0.979, 5, -1.932, 0.171, 0.38, 0.000121, 0.357, 0.576, 123.984] 5uuxsviqzSnlr4dupCW6cE
[0.574, 0.625, 7, -6.231, 0.0439, 0.00753, 0, 0.487, 0.388, 128.006] 2o0wnU32TIXI3dfH9rdkEK
[0.501, 0.887, 1, -3.941, 0.0424, 0.0303, 2.64e-05, 0.114, 0.336, 123.052] 4GQVsXO7jkxg43UmAd1Tbb
[0.643, 0.872, 0, -2.635, 0.0511, 0.000822, 0, 0.311, 0.483, 122.0] 26VNWta4v0Dr5wWoFD386M
[0.534, 0.956, 7, -2.801, 0.0427, 0.00425, 0.0118, 0.722, 0.625, 123.964] 6IbTS0IujM8YVkismBljXT
[0.817, 0.735, 3, -6.425, 0.0696, 0.0703, 7.5e-06, 0.365, 0.944, 115.026] 2TsASKFLtMb6M1D8W42pS3
[0.492, 0.836, 5, -4.217, 0.0388, 0.00906, 1.04e-05, 0.477, 0.246, 126.006] 7vZek3NlVeucPxCZDUnsXP
[0.523, 0.822, 6, -9.534, 0.0397, 0.000507, 0.545, 0.0772, 0.591, 125.009] 1YzEaZWQHeEGAQADZFA1of
[0.856, 0.992, 0, -1.762, 0.229, 0.0275, 0.391, 0.464, 0.373, 122.96] 4NhcTO1xtq5vtLrbFU9Jsl
[0.584, 0.904, 2, -5.175, 0.0321, 5.57e-05, 0.878, 0.979, 0.486, 125.013] 5Sa3hqZfRpwJb3jCkJel2a
[0.593, 0.553, 10, -6.001, 0.0376, 0.0626, 2.18e-06, 0.18, 0.271, 125.049] 7iFDwY61u9qh4CP9eEjRme
[0.569, 0.892, 1, -4.531, 0.0391, 0.217, 7.93e-06, 0.198, 0.235, 149.954] 6YecfrP7RQTovYx76UrGkA
[0.859, 0.757, 7, -6.005, 0.0736, 0.00942, 0.0377, 0.105, 0.563, 124.986] 6pytDoBX1HFvOfhOL5H5hk
[0.649, 0.889, 0, -2.959, 0.132, 0.0177, 1.1e-05, 0.0907, 0.299, 123.99] 64pTtwiDSYx4Y8ozBc38jo
[0.595, 0.937, 7, -5.618, 0.0497, 0.000821, 0.69, 0.0662, 0.394, 124.969] 6db0KOPsRmOinTttFmKXdl
[0.777, 0.876, 7, -3.754, 0.0396, 0.197, 0.0178, 0.0469, 0.286, 121.996] 2gSulN7ANxNUZuAENWokTQ
[0.451, 0.793, 4, -7.301, 0.0456, 0.0202, 0, 0.273, 0.405, 127.927] 1lUjPwJpoW1fJK35XLSl79
[0.795, 0.562, 0, -6.019, 0.28, 0.0483, 0, 0.0842, 0.792, 113.862] 6gUsH0j7tYy2VXDErONDZE
[0.681, 0.705, 10, -7.866, 0.0344, 0.148, 0.772, 0.12, 0.0395, 118.016] 3MkIlbOnu8UCMt26nOQ31P
[0.532, 0.517, 0, -9.846, 0.493, 0.547, 0.535, 0.0854, 0.239, 186.001] 4rjA5kJJWbwU1prXCvg6Fk
[0.744, 0.988, 1, -2.812, 0.0548, 0.0151, 0.00094, 0.17, 0.816, 124.943] 1KsWS1hACIVyT3PeluqkAt
[0.471, 0.891, 2, -3.047, 0.0632, 0.0264, 2.97e-06, 0.149, 0.309, 174.012] 2rY8KKXTr9XOMn0IdpBBXm
[0.64, 0.743, 5, -6.256, 0.137, 0.015, 0, 0.245, 0.618, 150.054] 1cwQtqq0THXpzto2SDniws
[0.732, 0.899, 9, -5.591, 0.0498, 0.0186, 0.0326, 0.0719, 0.763, 124.005] 0pqDYTXXYFoqJBDPL9daOz
[0.376, 0.922, 9, -3.516, 0.195, 0.00368, 1.3e-05, 0.359, 0.454, 123.62] 4Q88Jn7W1Cjr8CJ4oZo1Hi
[0.457, 0.926, 7, -3.259, 0.0403, 0.00556, 0.000167, 0.243, 0.15, 174.032] 6LmNEPZWhYAyz9jZHaW3sj
[0.662, 0.802, 0, -6.157, 0.0397, 0.00774, 0.822, 0.068, 0.283, 128.004] 2PPdse8lk756hwqH57S2Ie
[0.702, 0.828, 0, -3.068, 0.0312, 0.0163, 7.61e-06, 0.0732, 0.862, 105.024] 61bUwAYTGluUHZhhlUCA9f
[0.654, 0.891, 4, -3.096, 0.0792, 0.0314, 1.04e-05, 0.262, 0.251, 126.016] 4dQ9p8i7PZcjBgcDW7cMJA
[0.645, 0.839, 8, -3.172, 0.0405, 0.11, 2.07e-05, 0.0823, 0.78, 122.964] 7vA931weMBbbDSDvp8RfvD
[0.538, 0.869, 9, -6.547, 0.0583, 2.42e-05, 0.00152, 0.635, 0.274, 127.995] 5UeSoJguebnooSRRcevTwg
[0.772, 0.685, 11, -6.062, 0.0428, 0.249, 0.00236, 0.153, 0.771, 124.042] 1jGdHwRAkDazcfAXk047EG
[0.512, 0.933, 0, -5.153, 0.0403, 0.00149, 0.0412, 0.289, 0.0589, 132.941] 2ELaQFAmWLMabhUTqNv64G
[0.383, 0.765, 6, -7.295, 0.0539, 0.00371, 6.08e-05, 0.101, 0.16, 177.89] 1nzLNeyk835Q9h1zPS4gr9
[0.734, 0.95, 7, -3.205, 0.103, 0.00331, 0.273, 0.353, 0.371, 125.928] 5jJYIOEvGlwVIQJi0iWT82
[0.486, 0.871, 5, -4.928, 0.0447, 9.98e-05, 0.806, 0.107, 0.286, 173.975] 3ychV6Y7TGNXNQlQFzQWVk
[0.686, 0.778, 0, -10.392, 0.0468, 0.054, 0.925, 0.0671, 0.039, 124.005] 2uiAa5m82aeHbtOFA3x58m
[0.652, 0.936, 8, -6.941, 0.0282, 0.0668, 0.852, 0.109, 0.839, 125.997] 77rfbuBBlpuqFwP6x69cP0
[0.599, 0.858, 1, -6.098, 0.151, 0.0131, 0.0252, 0.37, 0.226, 128.008] 0hTUYMCB4Dpo27LGkDdJYH
[0.613, 0.929, 6, -4.099, 0.0389, 0.0308, 4.63e-05, 0.106, 0.186, 121.054] 3kKxoDf1G0B7QXABuPb9cy
[0.484, 0.92, 8, -3.676, 0.0333, 0.0328, 0.717, 0.196, 0.519, 127.991] 2JjzEnHml6T2UjF8Evud85
[0.554, 0.818, 3, -3.526, 0.106, 0.00866, 0, 0.196, 0.454, 125.028] 0svF26CTB7zBwCMJTP9wsc
[0.574, 0.924, 6, -5.252, 0.0694, 0.000515, 3.73e-05, 0.499, 0.5, 125.942] 4Pgq1YxUfsX9dzMSJib4U2
[0.6, 0.871, 0, -4.527, 0.0492, 0.35, 0, 0.0584, 0.511, 113.967] 2HuSaKSnkvSaRQviRm1glh
[0.633, 0.842, 0, -4.261, 0.0566, 0.0101, 0.00167, 0.166, 0.287, 124.008] 55Tom2dk5sMx1UTJPiTUbX
[0.627, 0.944, 5, -4.459, 0.344, 0.00919, 0.00311, 0.444, 0.551, 126.078] 3wcaYUOKVSEbmmGB43YGqf
[0.614, 0.922, 0, -3.087, 0.11, 0.00998, 0, 0.127, 0.459, 123.967] 0Hv2DduES5Ta2IpD0ITZVq
[0.487, 0.846, 2, -4.016, 0.0555, 0.225, 0.355, 0.41, 0.367, 122.978] 3rcnZD0l4NPyyQ9CecXfy9
[0.619, 0.893, 3, -3.435, 0.0814, 0.104, 0.00603, 0.132, 0.695, 126.023] 2TcCnaekMPZ287vkd2f8Wi
[0.624, 0.876, 6, -6.948, 0.0369, 0.000804, 0.0434, 0.415, 0.273, 121.986] 6Fvcfc6yiU97h2ir2B9cR5
[0.496, 0.966, 2, -3.568, 0.0407, 0.00611, 0.953, 0.0671, 0.0615, 126.017] 14xRN4tmWY5ZY7bTNmMUos
[0.537, 0.925, 7, -5.131, 0.155, 0.00907, 0.279, 0.218, 0.628, 172.019] 2tjNv48TztwpNJZV8DKssQ
[0.656, 0.907, 6, -1.687, 0.0422, 0.383, 9.87e-06, 0.359, 0.551, 110.049] 4QqIpBnTLtpLOYZC4lA5sR
[0.651, 0.711, 3, -5.062, 0.0378, 0.111, 6.13e-05, 0.0488, 0.425, 125.089] 7vVIT1ywbtXgRIY89u5kEH
[0.638, 0.667, 10, -5.63, 0.0528, 0.327, 1.27e-05, 0.27, 0.338, 123.955] 4jin3VK3FfPc7l3LFLxt0e
[0.627, 0.847, 10, -5.303, 0.0352, 0.0237, 0, 0.212, 0.611, 126.017] 0RTzJVkunbGwuRjXDFHnjf
[0.695, 0.869, 3, -3.844, 0.0637, 0.0439, 9.94e-05, 0.167, 0.32, 112.949] 7GAOQ8MtrE35VOIwf49l3k
