[0.359, 0.889, 2, -4.238, 0.0517, 0.000355, 0.00324, 0.0577, 0.469, 94.059] 61oG7DvhBOvdXBALpVY9VG
[0.466, 0.864, 3, -5.586, 0.0976, 5.45e-05, 0, 0.234, 0.481, 138.075] 7EEaV81pUNKvqsTrEHGoQH
[0.515, 0.906, 7, -4.982, 0.0445, 7.69e-05, 0.431, 0.0934, 0.194, 120.132] 1T8IRUJBga0JXioJZvxjBR
[0.452, 0.882, 7, -4.406, 0.0362, 0.00254, 2.17e-05, 0.0836, 0.398, 156.277] 7nioCrPVTkYopUB1rTvtK1
[0.531, 0.976, 1, -4.7, 0.0669, 0.000107, 0.406, 0.0729, 0.455, 100.984] 2tNx0sauNCGfpniMNu9hEh
[0.553, 0.868, 6, -4.186, 0.048, 7.35e-05, 0.0359, 0.0934, 0.5, 140.047] 4x241uAmPrxKZdCZKt2r5t
[0.31, 0.825, 1, -4.53, 0.0563, 0.00356, 0, 0.641, 0.475, 89.885] 4GSjFSK1SM78wPTVbsSB0S
[0.503, 0.568, 4, -7.182, 0.0341, 0.00131, 0.00144, 0.0856, 0.0705, 126.935] 5bQwqWRODr2OeekQFmQUkr
[0.432, 0.828, 1, -5.769, 0.0669, 0.000104, 0.000215, 0.101, 0.367, 166.035] 1zfFle2YCXuUFXlAAZ4QOS
[0.518, 0.879, 8, -4.094, 0.0773, 0.00137, 0, 0.092, 0.635, 174.162] 2ug1P83DyU1Wt19VWC0juK
[0.406, 0.964, 6, -4.076, 0.206, 0.000416, 0.000231, 0.401, 0.406, 173.058] 1kq5dLuzkRLgemasnkUg9G
[0.489, 0.833, 9, -5.348, 0.054, 0.0036, 1.33e-06, 0.111, 0.307, 135.431] 2pAUx2a1F5JCaVgytQm8fI
[0.433, 0.973, 8, -4.82, 0.145, 2.38e-05, 1.79e-06, 0.0813, 0.298, 171.955] 1HY9m2YREnnuXnZdQnkPu7
[0.532, 0.935, 2, -5.102, 0.129, 0.0001, 0, 0.0989, 0.325, 131.997] 1UtLHK1KdLD1haUlY5YoSg
[0.451, 0.94, 5, -4.169, 0.165, 0.000546, 0, 0.343, 0.418, 175.919] 1T09N0wsC82dsSoaDyPYwL
[0.545, 0.945, 7, -5.92, 0.0823, 0.000782, 0.0745, 0.123, 0.347, 99.964] 7c63YKyevk45ZSrHhnAtQi
[0.467, 0.944, 6, -4.202, 0.0771, 0.000541, 0.000916, 0.457, 0.566, 155.033] 2KJwci3DPtYbfg7pxczvWf
[0.557, 0.914, 9, -3.885, 0.0353, 0.00264, 0.00645, 0.5, 0.628, 127.993] 2v39i1W3y97nbkQNWKQl3l
[0.35, 0.983, 7, -5.097, 0.134, 0.000113, 2.19e-06, 0.284, 0.378, 179.08] 0dzglh5h1n8Jggd7rBbR8P
[0.333, 0.915, 7, -4.985, 0.0503, 1.37e-05, 0.276, 0.0345, 0.599, 175.008] 7n4Cw0bYbiiceOI7LhDdkT
[0.666, 0.775, 2, -5.458, 0.0979, 0.0226, 0, 0.254, 0.59, 144.998] 1SNipdzMky2C2LwvoVRzsv
[0.472, 0.854, 1, -6.024, 0.0531, 6.95e-05, 0.0123, 0.123, 0.648, 168.027] 2NSw8SOcQ6EVLf1QZFMH1h
[0.573, 0.835, 10, -6.692, 0.0409, 0.00068, 0.0386, 0.178, 0.586, 118.054] 2YtqL74LSzEkKhlksGDNRe
[0.312, 0.983, 11, -3.627, 0.102, 0.00329, 0.000113, 0.505, 0.136, 157.963] 1MuG12GYh4VKqROzNXONqR
[0.502, 0.817, 0, -3.508, 0.0447, 0.000477, 0, 0.153, 0.617, 90.024] 7dRj3sTBYkNbEx5kdNHriv
[0.446, 0.943, 8, -5.396, 0.0516, 0.000151, 0.0734, 0.116, 0.293, 144.04] 1DPUzJEjNy5A3uSfvtx51K
[0.54, 0.966, 10, -3.884, 0.0637, 0.000122, 0.000626, 0.391, 0.521, 94.986] 4bPrKGqQKiBmf49XB4F4H5
[0.351, 0.935, 0, -4.884, 0.0553, 0.00207, 3.29e-05, 0.466, 0.387, 101.342] 2RlYufxJxYOFW2xtSYlWjL
[0.417, 0.915, 1, -7.017, 0.0524, 0.000514, 0, 0.293, 0.295, 92.538] 1WtKv3oGjNuJC22lVdP8XJ
[0.525, 0.914, 6, -3.559, 0.0395, 0.00102, 1e-05, 0.326, 0.624, 131.03] 5V5fVBKPL2JQzCXj0IOD5F
[0.459, 0.903, 5, -4.649, 0.0673, 0.00877, 0, 0.168, 0.364, 76.185] 7rGN3oqzCpG2mLcwoPwDQm
[0.339, 0.943, 0, -4.285, 0.125, 0.0174, 0, 0.0593, 0.427, 184.999] 6u9aD8ovEo4SJY76litOCd
[0.496, 0.924, 9, -3.895, 0.0507, 0.00214, 0.22, 0.136, 0.594, 91.882] 1OWSsdbAXFyPDo6khogqAW
[0.429, 0.746, 2, -6.405, 0.0325, 0.00113, 0.000919, 0.245, 0.317, 85.983] 7KNIt57p0AqXazHsVvIVgj
[0.509, 0.438, 6, -9.85, 0.0312, 0.00122, 0, 0.0896, 0.261, 119.966] 186JQMPnUk4ymd8x5leLdb
[0.437, 0.902, 11, -5.286, 0.0656, 8.22e-05, 0.0197, 0.264, 0.392, 108.951] 0wpBvJfHeOXuP6eGRWc6W0
[0.377, 0.985, 5, -3.314, 0.139, 0.000234, 0.0641, 0.235, 0.056, 130.013] 7fhdT258bSN7WSfcKmKLYE
[0.292, 0.85, 0, -5.754, 0.0539, 0.000407, 0.00716, 0.111, 0.432, 168.716] 3Wtc6XdHsI4QdKaGYSbApL
[0.558, 0.793, 1, -6.861, 0.0374, 0.000641, 2.93e-05, 0.731, 0.457, 75.999] 6PcRGZGpM4a3wcaK59fPsZ
[0.645, 0.85, 7, -4.184, 0.193, 0.00119, 0, 0.241, 0.45, 90.999] 51rdCmgHBzg9HJ7eHjVRK9
[0.251, 0.945, 6, -3.665, 0.104, 0.000239, 0.00136, 0.0824, 0.464, 92.061] 2TMcI76mWPGKGRnYyvQOxI
[0.426, 0.966, 0, -3.813, 0.095, 0.000592, 0.000182, 0.082, 0.327, 120.71] 3UpbsPE2gHAM5zlywQ6ynY
[0.532, 0.845, 5, -4.922, 0.0292, 0.000502, 0.134, 0.128, 0.261, 92.506] 5N7bNQxsnCBsHsYqyiKVO4
[0.355, 0.925, 11, -3.897, 0.14, 0.00117, 0, 0.108, 0.306, 169.968] 7DtaoVCnStRPqC1bs3xZ1Y
[0.542, 0.988, 11, -2.535, 0.177, 6.63e-06, 0.0184, 0.231, 0.219, 127.971] 5cUziBfFGOHrkXFE4qAgKe
[0.628, 0.974, 11, -2.63, 0.0492, 0.00118, 0, 0.061, 0.301, 104.983] 1nbK54b5KkCw3CoJxFWxEg
[0.483, 0.962, 7, -2.93, 0.107, 5.45e-05, 9.61e-06, 0.273, 0.459, 88.003] 3XUnEyS2m0cMaHYLON7skY
[0.355, 0.875, 7, -5.067, 0.0572, 1.91e-05, 2.52e-06, 0.0613, 0.436, 175.156] 1CyXjg13hqTNIJgcNNIzDz
[0.403, 0.96, 4, -2.708, 0.0996, 4.99e-05, 0.0268, 0.155, 0.541, 184.266] 3kgx7Hw9C0cMPOYUdtIrXI
[0.535, 0.984, 10, -4.983, 0.0939, 9.7e-05, 0.00814, 0.327, 0.314, 132.026] 3GJWE7h5Maov5ZiA8UAmaL
[0.485, 0.968, 5, -4.864, 0.0912, 0.0014, 8.19e-06, 0.23, 0.269, 91.973] 0iGq43WpzuMfwUUEjY4wHK
[0.516, 0.924, 11, -6.116, 0.0816, 0.0002, 1.11e-06, 0.125, 0.536, 89.973] 607jKEHXU6EujgA90vKARO
[0.203, 0.928, 4, -4.838, 0.0823, 0.00327, 0, 0.355, 0.41, 95.298] 4GBbBy05LoSveNxjKxj26m
[0.487, 0.872, 8, -6.795, 0.112, 2.68e-05, 0.321, 0.349, 0.591, 174.044] 16W4HB8cVYSS5JLtdBTGqP
[0.559, 0.876, 0, -3.033, 0.043, 4.61e-05, 1.85e-06, 0.0741, 0.585, 111.115] 5IwbNovLgluEiRkg6QRZt4
[0.487, 0.9, 5, -4.54, 0.0529, 0.00204, 6.42e-06, 0.11, 0.377, 149.959] 1qAuIPMALdFtGv2Ymjy5l0
[0.626, 0.837, 8, -7.259, 0.0573, 0.000423, 0, 0.183, 0.526, 128.054] 3O4tAyCKMYy1DIosXy1wAv
[0.433, 0.849, 7, -5.043, 0.0565, 0.00995, 0.017, 0.145, 0.0666, 164.143] 05h5rk4vraQoYmce4dor9H
[0.591, 0.571, 6, -5.573, 0.0248, 0.0158, 0, 0.13, 0.26, 75.04] 1IbaGRC0Yrovu3MP1ipf1u
[0.441, 0.932, 7, -4.373, 0.214, 0.000208, 0.000532, 0.206, 0.211, 190.1] 2MyPl0mxFTssruMErB0zUw
[0.566, 0.886, 0, -3.63, 0.0902, 0.000348, 0, 0.494, 0.619, 130.066] 4KTgD62vgozCfk2Inbo9fm
[0.508, 0.768, 2, -5.064, 0.0474, 0.000603, 8.85e-06, 0.174, 0.207, 115.016] 2P6Foi62tLQHCbNOzQpqWd
[0.473, 0.952, 1, -4.401, 0.0743, 3.52e-05, 0.00681, 0.101, 0.26, 134.809] 0osktpHbjYekkM80pQkzbd
[0.44, 0.932, 7, -3.991, 0.336, 0.000163, 3.94e-05, 0.617, 0.452, 176.984] 4g8xR2kyafqGwPksakGmtA
[0.507, 0.984, 10, -4.833, 0.208, 2.77e-05, 0.102, 0.178, 0.632, 119.998] 2eIHJlNKRNcg3PwrUsk1VV
[0.554, 0.928, 1, -4.593, 0.0571, 0.000293, 0, 0.114, 0.242, 116.026] 07ItTdGGI4isIM1Ieuigvc
[0.481, 0.979, 6, -3.383, 0.0816, 3.32e-05, 0.00927, 0.135, 0.18, 105.005] 3rPlqhhhBvDWO5GwiDljsl
[0.44, 0.916, 4, -4.222, 0.266, 0.000236, 1.94e-05, 0.0897, 0.401, 124.099] 1Si7crvw1M6Kgz9XiAtMiJ
[0.666, 0.909, 3, -5.204, 0.11, 0.0634, 2.98e-06, 0.209, 0.655, 92.519] 48NOZRemjwadg6Dwc343hJ
[0.46, 0.975, 5, -3.901, 0.133, 0.000145, 0, 0.105, 0.217, 128.017] 2NToLZNvVaQD3b8ecqiDzh
[0.517, 0.971, 9, -3.697, 0.103, 0.000183, 0, 0.236, 0.172, 105.011] 2ZPILPb1oDWzuB2VsIF17f
[0.27, 0.96, 9, -5.563, 0.187, 3.93e-05, 0.0499, 0.407, 0.155, 134.162] 3F8OmCcFxVdFsgo68JlBLu
[0.538, 0.887, 4, -4.196, 0.048, 0.0231, 0.0047, 0.313, 0.653, 134.955] 0D60CHDmI0oZeD0cvqcgZn
[0.582, 0.865, 1, -4.402, 0.0405, 2.5e-05, 8.93e-06, 0.347, 0.412, 112.965] 6srs7mCAb7lxCWZ1ExxBdg
[0.547, 0.944, 4, -3.304, 0.0507, 4.81e-05, 0.0451, 0.195, 0.364, 93.966] 2mVFo8BJ6ZPh82QAOpCUbT
[0.421, 0.823, 9, -3.327, 0.0446, 0.00078, 3.21e-05, 0.204, 0.155, 104.973] 0BBuP5Ynwl0hMKbQGEjfnk
[0.294, 0.841, 2, -6.434, 0.0352, 2.22e-05, 0.00531, 0.0715, 0.102, 102.574] 63CruXumdsW0ZKvHDkzZrk
[0.542, 0.882, 6, -4.79, 0.0409, 0.00399, 0, 0.0873, 0.384, 90.001] 2j0QyRh6SLB6NAbzOroE9a
[0.309, 0.951, 11, -4.135, 0.198, 0.00315, 1.2e-05, 0.15, 0.17, 146.228] 1X7zaSfZfso8wojl7NUAGm
[0.589, 0.976, 7, -3.024, 0.0726, 3.26e-05, 0.189, 0.248, 0.356, 121.982] 4Pf95KrUvj48z2ChGNA5Ye
[0.312, 0.904, 5, -5.93, 0.0795, 0.000244, 1.47e-05, 0.143, 0.206, 165.074] 1e2NV9BjhmFrtDmhfL3nxF
[0.406, 0.99, 1, -2.449, 0.191, 0.00197, 0, 0.107, 0.245, 82.883] 4EmokJEqiyqIUPJ8W1MbbW
[0.354, 0.943, 5, -3.633, 0.288, 0.000113, 0.0187, 0.104, 0.367, 94.416] 3IiMnjK7S2PlsPVMuAH7rU
[0.389, 0.972, 2, -4.925, 0.138, 2.26e-05, 0.0121, 0.501, 0.19, 82.517] 28Mj8V1IVsfHnHhl4RkZq2
[0.363, 0.901, 10, -4.961, 0.0843, 0.000277, 0.00015, 0.0669, 0.392, 158.95] 3ownGU6V3mpPXZ4di7p68i
[0.59, 0.969, 7, -3.396, 0.0817, 0.00214, 0.132, 0.952, 0.223, 105.022] 7foMdEhJevqESQw39FQcuv
[0.526, 0.903, 2, -4.59, 0.0444, 0.000954, 8.4e-05, 0.111, 0.45, 144.017] 5Cl9GDb0AyQnppRr6q7ldb
[0.618, 0.955, 8, -4.365, 0.0457, 0.00027, 1.6e-05, 0.289, 0.701, 120.01] 4h9SKcQKdlhQ8Ix7f77SEn
[0.524, 0.843, 10, -5.578, 0.0536, 0.000417, 0.125, 0.375, 0.212, 85.993] 2imkodSyg1hOZwZuE2fJdU
[0.483, 0.967, 3, -3.861, 0.475, 0.013, 0, 0.122, 0.207, 139.954] 37PW0wi3E0gquMdluiYz47
[0.531, 0.938, 4, -6.493, 0.122, 0.00388, 0.00113, 0.145, 0.242, 139.954] 5XExne04zgnDeAN8aIvMvM
[0.512, 0.902, 6, -2.974, 0.0475, 5.54e-05, 0.00143, 0.0648, 0.664, 146.984] 2UQWjFMCOWaENx8sf2n5SC
[0.48, 0.668, 1, -6.82, 0.0329, 0.000173, 0.000718, 0.297, 0.124, 102.014] 4tVP4vWk5BVSHErNhzfSrn
[0.499, 0.863, 3, -5.118, 0.057, 1.22e-05, 0, 0.18, 0.304, 125.967] 4dOLn4Ebh6OG7jtrgxHj0r
[0.37, 0.836, 7, -7.28, 0.0483, 1.38e-06, 0.892, 0.164, 0.351, 139.99] 7iMize4R8SoxWEbk5zcS8A
[0.379, 0.877, 0, -5.537, 0.0909, 0.0013, 0.000457, 0.0666, 0.39, 176.195] 1XIps6jwikt2WSLHdPfAaM
[0.477, 0.967, 2, -3.121, 0.0642, 4.99e-05, 0, 0.459, 0.463, 130.037] 1XN8h8lsJn9dLgXcP4SaCK
[0.483, 0.941, 2, -3.598, 0.0575, 0.000526, 3.5e-06, 0.31, 0.503, 156.033] 5O9Dz0h08LuBi0aVvDcylh
[0.457, 0.948, 0, -4.318, 0.0555, 2.18e-05, 0.00225, 0.152, 0.157, 139.022] 4fKAPa1mPoF0fE3C5tqQ2t
[0.461, 0.865, 4, -6.417, 0.0388, 0.00011, 3.47e-05, 0.0817, 0.242, 139.977] 1UlrwNkd7xXsI9uleRLnNY
[0.648, 0.736, 8, -6.722, 0.081, 0.000236, 9.89e-06, 0.0504, 0.551, 137.019] 1GtNLscGcrE3xLnNtg6QPL
[0.468, 0.819, 8, -3.855, 0.0459, 1.65e-05, 4.51e-06, 0.0715, 0.465, 92.009] 2aFsfzUuXuxDr4xo8ndfUt
[0.555, 0.886, 9, -4.199, 0.114, 0.00575, 9.4e-05, 0.0641, 0.45, 114.999] 608y1sEkppsMcFtyvOPfKt
[0.426, 0.964, 2, -4.741, 0.0644, 0.00161, 2.93e-06, 0.136, 0.321, 173.035] 6GvPBeWzRMK7AZAVQnla6s
[0.478, 0.955, 8, -2.955, 0.069, 0.00288, 1.08e-05, 0.16, 0.414, 180.018] 6zKEILPnV6rmNdCQ4XGntT
[0.474, 0.878, 7, -3.437, 0.0845, 0.000261, 0.0114, 0.112, 0.501, 150.03] 53cI5R2gk5vekR0eSBX1Gb
[0.432, 0.978, 2, -2.822, 0.124, 2.58e-05, 0.625, 0.272, 0.394, 170.002] 77o8WanUYyXg6qc4Z9aE81
[0.419, 0.948, 1, -4.27, 0.0565, 0.000647, 0, 0.268, 0.293, 92.516] 0exTN11vQaFOUOemp2McQG
[0.392, 0.917, 2, -4.878, 0.0946, 0.0176, 0.00018, 0.661, 0.339, 174.918] 2KOrVm4MVVvUdYNjBcw4ki
[0.612, 0.822, 9, -6.418, 0.0428, 0.000719, 0.00019, 0.14, 0.686, 128.018] 1KyA5lXW7cAgMLwxRdVAu3
[0.557, 0.914, 9, -3.885, 0.0353, 0.00264, 0.00645, 0.5, 0.628, 127.993] 2v39i1W3y97nbkQNWKQl3l
[0.173, 0.871, 9, -6.457, 0.0594, 8.89e-06, 0.000175, 0.295, 0.462, 141.174] 61mm9qe2XgUJvPJmxsvc2Q
[0.394, 0.983, 9, -3.698, 0.0643, 6.4e-05, 0.0366, 0.282, 0.296, 82.038] 4hglv0hGdeRwyRhCqU3zb6
[0.429, 0.746, 2, -6.405, 0.0325, 0.00113, 0.000919, 0.245, 0.317, 85.983] 7KNIt57p0AqXazHsVvIVgj
[0.553, 0.961, 5, -3.938, 0.0576, 0.000177, 0.0282, 0.324, 0.649, 151.044] 1IVGBtUJS4roNGf1E3A9Mh
[0.432, 0.828, 1, -5.769, 0.0669, 0.000104, 0.000215, 0.101, 0.367, 166.035] 1zfFle2YCXuUFXlAAZ4QOS
[0.563, 0.872, 1, -5.263, 0.0446, 0.000491, 0.0582, 0.178, 0.609, 140.04] 2zlKVxOPbNKkKz6jQzRZJA
[0.5, 0.72, 3, -7.042, 0.0327, 2.43e-05, 0.0283, 0.148, 0.562, 132.037] 1WhtZl0Cxpm5QMDopIXGaM
[0.39, 0.946, 1, -4.897, 0.0773, 1.07e-05, 0.0016, 0.4, 0.362, 180.045] 5drfglKnZfRtfUzFQyKJTb
[0.243, 0.865, 8, -6.172, 0.0584, 6.42e-06, 0.88, 0.408, 0.327, 101.282] 18jRXhmNTcKDldl6PgKvv7
[0.596, 0.87, 10, -6.187, 0.115, 0.00155, 3.53e-06, 0.322, 0.68, 141.906] 6XtniGKKPgamhiF7la67fk
[0.242, 0.928, 4, -6.341, 0.0546, 1.68e-05, 0.0478, 0.283, 0.542, 103.559] 0YFDyGSLzpV565qOdHrpqp
[0.554, 0.942, 8, -2.324, 0.0576, 4.16e-05, 2.53e-06, 0.0426, 0.648, 133.073] 6GmoNZehQKVM53nM4LNBlt
[0.407, 0.826, 9, -6.251, 0.0517, 0.0173, 0.00127, 0.0772, 0.274, 106.009] 363fAOK6Q0E1InhjXar7XT
[0.637, 0.666, 4, -9.578, 0.0253, 0.0131, 0, 0.382, 0.833, 94.003] 1qeuw065LNoCDwawiuI2DX
[0.312, 0.983, 11, -3.627, 0.102, 0.00329, 0.000113, 0.505, 0.136, 157.963] 1MuG12GYh4VKqROzNXONqR
[0.615, 0.921, 2, -2.139, 0.0591, 0.00167, 0.0433, 0.164, 0.546, 130.022] 0pTDKX7tqHwSl4blKRWXgM
[0.414, 0.897, 10, -7.106, 0.0542, 4.47e-06, 0.811, 0.315, 0.686, 143.915] 1kv4EFJnKkKxJuGdpBWhim
[0.34, 0.981, 11, -2.8, 0.11, 8.02e-05, 0.143, 0.152, 0.373, 157.009] 2Mis0n6Zzz5XhS8vDk7hkx
[0.335, 0.95, 1, -4.342, 0.0459, 1.05e-05, 0.0023, 0.292, 0.698, 97.104] 6gdVS26GmfBQP0k4mfxBSs
[0.544, 0.954, 3, -4.135, 0.0783, 0.000131, 5.53e-06, 0.289, 0.491, 109.927] 5TYr77svYdlKmHZoZa3G4y
[0.437, 0.902, 11, -5.286, 0.0656, 8.22e-05, 0.0197, 0.264, 0.392, 108.951] 0wpBvJfHeOXuP6eGRWc6W0
[0.525, 0.798, 1, -3.663, 0.0296, 0.108, 0, 0.0754, 0.56, 82.874] 74zhyabz8ewMom0WIiSwrp
[0.53, 0.948, 2, -4.937, 0.0973, 3.76e-05, 0.0113, 0.136, 0.528, 89.937] 1v4JwsBtdot7vl6Adkktfh
[0.41, 0.898, 5, -4.958, 0.0452, 0.00657, 0.0184, 0.31, 0.547, 134.943] 0ZeWkFb5zcwrKaUjy3jy2Z
[0.551, 0.988, 2, -3.327, 0.151, 0.000759, 0, 0.4, 0.356, 83.961] 6YITENZlbb3w2XLGfYVcGM
[0.6, 0.701, 4, -9.136, 0.0324, 0.000106, 0, 0.642, 0.646, 129.021] 0Qzod7u8JTXKpUP04zpn2n
[0.665, 0.959, 2, -3.162, 0.0725, 0.00925, 0.0612, 0.292, 0.522, 119.995] 2VrwbsYYd4ZkZ0Z9bGGAg7
[0.65, 0.772, 0, -6.084, 0.0398, 2.66e-05, 0.00121, 0.471, 0.686, 123.064] 1C3mMJ0fXdrODbmZmasvQG
[0.554, 0.936, 1, -4.51, 0.0374, 0.0195, 0.000111, 0.0909, 0.683, 87.519] 0E5EcB6lR9ku0RkBEKmkR7
[0.526, 0.911, 1, -6.166, 0.0629, 5.39e-05, 7.1e-05, 0.31, 0.598, 95.583] 6yIhAMemagnHm0CgyrlsxW
[0.395, 0.843, 2, -5.299, 0.0318, 3.66e-05, 0.00603, 0.246, 0.933, 177.982] 1heSYTZmtnxHSQwbIoqkoy
[0.298, 0.817, 4, -3.045, 0.0594, 0.000128, 1.56e-05, 0.0757, 0.675, 129.092] 2jH299YKPdhUM3wyqW8YlO
[0.502, 0.948, 8, -5.652, 0.0631, 0.000155, 0.0227, 0.159, 0.249, 112.011] 05AC3xyTPgmwUEPX7eg7qz
[0.621, 0.861, 11, -6.964, 0.0353, 0.000876, 1.03e-05, 0.117, 0.595, 95.989] 546a6C8cwNHTDpSs0zBiQt
[0.4, 0.984, 9, -3.449, 0.0566, 0.0091, 0.000212, 0.374, 0.475, 88.034] 5QxbvVu6da5GGWlZCMmGTu
[0.261, 0.828, 6, -4.883, 0.0582, 0.000231, 3.57e-05, 0.167, 0.454, 174.679] 5jykCmBzAQNr66KdSfp7E5
[0.215, 0.909, 4, -4.156, 0.0605, 1.98e-05, 1.9e-05, 0.116, 0.517, 102.544] 2SnTyZwDmBhhO2dE49ffZk
[0.695, 0.401, 6, -7.422, 0.0349, 0.00118, 1.01e-05, 0.0657, 0.592, 90.028] 4njcdWHK1zDz8y20Js0tUC
[0.501, 0.964, 7, -1.429, 0.0793, 0.00129, 0.00393, 0.309, 0.486, 75.038] 5eaTDXlQLlfNLfJALhxRyj
[0.216, 0.935, 8, -6.48, 0.0742, 4.4e-06, 0.903, 0.24, 0.226, 106.871] 3szq77EMaq7uGgwkvqX08H
[0.269, 0.815, 8, -7.581, 0.0669, 0.0224, 0.00211, 0.111, 0.41, 175.401] 0kcqhZyA1S8OaEPMqo0liV
[0.416, 0.965, 1, -4.269, 0.0887, 0.000135, 0.0245, 0.0499, 0.405, 123.673] 31YIchMcEAPULgXM7SbjOB
[0.391, 0.8, 2, -2.761, 0.0523, 0.00977, 3.08e-06, 0.329, 0.398, 83.81] 11FvComd16zZX61DrlP3o1
[0.567, 0.896, 9, -4.199, 0.0567, 0.000346, 0.00153, 0.22, 0.513, 128.006] 42REV3P6Mnri7QcIunsUF8
[0.515, 0.918, 1, -6.426, 0.0382, 0.0013, 0.096, 0.106, 0.595, 141.008] 5B5FYzowjur3cLKUEwksfo
[0.465, 0.886, 8, -6.16, 0.0689, 0.0107, 2.14e-06, 0.324, 0.473, 99.857] 6SlS7pfOgvoLSXwJU8Acsu
[0.533, 0.976, 0, -2.501, 0.0814, 0.00172, 0, 0.147, 0.298, 118.915] 6qKSmXS6AOmSFAnmSxkASx
[0.506, 0.976, 8, -1.879, 0.0645, 0.000353, 0.000872, 0.356, 0.72, 145.015] 5bJ2GSh4sNdViX1TmjgubE
[0.534, 0.858, 8, -5.955, 0.045, 0.000828, 0.00277, 0.0704, 0.713, 133.097] 7esgxSia9XSGW3rZqsdUC8
[0.502, 0.952, 2, -5.527, 0.0997, 0.000272, 3.72e-06, 0.521, 0.351, 136.091] 2imDKH8rDHiy5RepHyTt3x
[0.516, 0.875, 8, -7.417, 0.0402, 6.02e-05, 0.00471, 0.12, 0.712, 94.016] 01ltzqjIYYT4lyYhtT7bOR
[0.394, 0.966, 1, -4.476, 0.117, 0.00103, 0.000143, 0.118, 0.233, 167.986] 4zqwt5NDmzNE2d5TrhkxEO
[0.362, 0.99, 6, -3.177, 0.176, 0.000123, 0.0151, 0.358, 0.225, 163.004] 3H9Xo6ywC0w2CiHfCyiVDF
[0.381, 0.961, 10, -3.945, 0.114, 2.72e-05, 0.585, 0.304, 0.538, 96.017] 61A5WO85zt08obbBkTS1x5
[0.343, 0.872, 5, -5.602, 0.0914, 0.0207, 0.364, 0.147, 0.588, 115.991] 7E3lE1fb02i8eTqZfmClDC
[0.468, 0.872, 8, -7.487, 0.0447, 0.00227, 4.17e-05, 0.102, 0.552, 156.322] 3g3sXbrrFpX4dhJK4galbN
[0.443, 0.948, 10, -3.383, 0.0587, 0.00454, 8.81e-06, 0.117, 0.452, 80.066] 2TrIyQM26O9mTGW83MiLTo
[0.554, 0.928, 1, -4.593, 0.0571, 0.000293, 0, 0.114, 0.242, 116.026] 07ItTdGGI4isIM1Ieuigvc
[0.414, 0.906, 9, -4.995, 0.0798, 0.000357, 0.00014, 0.332, 0.706, 180.008] 18kaE9oYcvgEzZV4lWqfxw
[0.342, 0.908, 3, -3.699, 0.0864, 0.000313, 0.000808, 0.232, 0.419, 146.061] 2LDeKDmVNW1Ojmz72vJYgW
[0.334, 0.981, 0, -4.909, 0.062, 0.00222, 0, 0.371, 0.273, 166.099] 7M64OYKKh5KP81RvTfjljt
[0.186, 0.942, 0, -4.826, 0.0951, 0.000213, 0.00857, 0.11, 0.325, 161.95] 3JZqSCDOZpiwWnvzxahJfd
[0.499, 0.711, 4, -5.522, 0.0374, 0.00116, 0.00119, 0.0725, 0.596, 104.976] 5xrvX9PkwXSTQyzNj11qsC
[0.466, 0.898, 8, -4.32, 0.0813, 4.96e-06, 0.454, 0.0383, 0.521, 142.15] 3rYgnMG0aib8mT5NjwwCTT
[0.365, 0.924, 9, -5.103, 0.0575, 5.3e-05, 0.0399, 0.111, 0.393, 174.879] 24r23VNCYAmdw9eS2zPIWh
[0.491, 0.927, 7, -4.219, 0.0423, 1.83e-05, 0, 0.362, 0.711, 131.864] 150nEPVt6iqNyzBi9trIHs
[0.405, 0.989, 7, -4.043, 0.0912, 9.9e-06, 0.00166, 0.334, 0.569, 146.01] 6tBe5KzTODieAYIdwKrzXw
[0.655, 0.935, 1, -5.995, 0.0641, 0.00137, 0, 0.335, 0.743, 113.463] 4fIDGp50pwXQYoUY4JHPaT
[0.298, 0.841, 7, -8.267, 0.0453, 0.0123, 0.577, 0.207, 0.26, 150.022] 2mLXO7u1KeXkiRAi2blL8p
[0.496, 0.922, 9, -3.878, 0.0475, 0.00213, 0.21, 0.136, 0.617, 91.972] 7wjsFW5cSAGy2T9fZbJ6be
[0.109, 0.784, 1, -7.96, 0.0373, 5.81e-06, 0.612, 0.0775, 0.465, 80.08] 7GU03oCAPZXHB9jIBllINX
[0.291, 0.99, 5, -3.462, 0.0704, 7.9e-06, 0.971, 0.119, 0.275, 162.07] 5HcArU3qTLALFgcg6Aa1md
[0.247, 0.906, 1, -4.97, 0.139, 5.95e-05, 2.38e-05, 0.379, 0.199, 173.853] 1DxEUzCNoBXVtAfmRXTIvP
[0.267, 0.82, 9, -6.844, 0.044, 5.49e-05, 0.889, 0.128, 0.24, 111.97] 4sRfkBukIw2ilL4oBMOhGh
[0.531, 0.985, 5, -3.179, 0.298, 0.000106, 0.0148, 0.0935, 0.476, 106.986] 3E9CZaQsAr2Zi4FY4lKZmn
[0.481, 0.971, 5, -5.78, 0.0481, 0.0062, 0.679, 0.131, 0.427, 127.026] 6ngzbtL0bMpvVQdNwU6o99
[0.381, 0.974, 1, -3.175, 0.111, 0.00201, 1.51e-05, 0.0558, 0.496, 159.999] 5A5Go6p0P7jvjOfwev6axR
[0.454, 0.977, 4, -3.139, 0.0903, 0.000101, 5.07e-05, 0.0933, 0.444, 107.965] 0pOUzBcigBLFHw3eHuQbv1
[0.356, 0.948, 1, -4.39, 0.218, 0.000213, 0.0014, 0.124, 0.598, 184.167] 53iOy0Hp2M1cAqIidy6Xrh
[0.198, 0.91, 5, -5.924, 0.062, 0.000368, 3.62e-05, 0.198, 0.203, 93.989] 2bDZBnVXoExCegBPhnyIEI
[0.375, 0.976, 7, -4.938, 0.0714, 0.00251, 0.221, 0.254, 0.319, 151.053] 0zzq0sWSalb1PdF1rT1Him
[0.357, 0.904, 7, -7.505, 0.064, 2.26e-06, 0.426, 0.0919, 0.423, 160.037] 3F3ereXyiwg2W9VRS7dHR0
[0.424, 0.768, 0, -4.493, 0.0321, 0.000388, 0.000121, 0.262, 0.44, 87.562] 47MqyjjedTWB1axy60Nbwr
[0.502, 0.797, 6, -4.753, 0.0387, 0.00176, 0, 0.0536, 0.709, 108.006] 0gfkYDilLqvnXXoFVH6xMW
[0.47, 0.93, 6, -3.4, 0.0682, 5e-05, 0, 0.553, 0.265, 110.085] 1iM2zM2lMSwISrbNxvUYbQ
[0.299, 0.965, 5, -5.768, 0.0677, 9.55e-05, 1.09e-06, 0.75, 0.434, 175.038] 5Fwbkvl7gzBGje1xAZjbEX
[0.223, 0.985, 7, -4.326, 0.129, 6.75e-05, 0.00125, 0.193, 0.288, 104.183] 1gZlqlXt69ViTZnmNa3RW7
[0.51, 0.675, 4, -4.689, 0.0418, 0.00278, 0.0256, 0.334, 0.488, 84.011] 1Fq99PMGFq6YJL44XMqUov
[0.386, 0.745, 1, -6.708, 0.0366, 0.00241, 0.19, 0.419, 0.349, 137.108] 07JfNhTPgmKrZsrIyueNsI
[0.196, 0.817, 7, -10.078, 0.0527, 1.62e-05, 0.0133, 0.179, 0.292, 187.383] 4fQF06bBaqQieChnUOgKul
[0.262, 0.887, 4, -4.489, 0.11, 0.000107, 0.0113, 0.158, 0.568, 131.213] 2yxn88IGbq0Df4kgouhDdp
[0.647, 0.878, 5, -5.067, 0.0543, 4.11e-05, 0.00116, 0.0973, 0.375, 127.056] 1weZXazcEr3W2WNUhu6iRB
[0.35, 0.984, 10, -4.317, 0.21, 0.00779, 1.44e-06, 0.302, 0.426, 174.993] 5OqgGPFE3k0T7EXMdnHsvo
[0.381, 0.975, 0, -2.258, 0.156, 0.0457, 0.0706, 0.0713, 0.674, 191.974] 3Rw9J03nW964TruD23gfaS
[0.352, 0.968, 2, -3.811, 0.0603, 0.00384, 0.0304, 0.332, 0.22, 136.091] 2mVBpgyoIIHl1oB7DQlkwY
[0.385, 0.922, 0, -4.704, 0.056, 0.00189, 2.44e-05, 0.106, 0.541, 178.014] 6U1o3bzUsLKLc6BDjvhX5h
[0.3, 0.909, 4, -4.685, 0.0589, 0.000453, 0, 0.134, 0.44, 82.632] 2H64RW1BqYj41W7pgvlmOe
[0.44, 0.961, 7, -3.093, 0.0584, 2.51e-06, 0.0211, 0.0937, 0.28, 97.038] 6J55HRUtE7eTuMLECVWk5j
[0.491, 0.923, 2, -4.925, 0.0564, 0.000175, 0.108, 0.332, 0.582, 90.019] 12eK4AExJO48Va2Hb7XZvI
[0.563, 0.939, 2, -2.709, 0.143, 0.0627, 0, 0.0782, 0.535, 127.93] 1OrIgtkvSrtv0vkAd4QREB
[0.482, 0.811, 5, -6.507, 0.031, 0.00019, 0.881, 0.206, 0.767, 98.469] 6etcHBo1zAXMn1abMpnaIo
[0.369, 0.935, 5, -6.201, 0.0678, 0.000688, 0.00704, 0.282, 0.659, 170.991] 2vf1jOvN0hg07ggtZmK5Ek
[0.52, 0.983, 1, -2.412, 0.366, 1.69e-05, 0.00123, 0.271, 0.493, 109.999] 5fDvBKQYp8Jv5NosbVVuR0
[0.566, 0.86, 9, -6.804, 0.0378, 8.58e-05, 0.00143, 0.054, 0.706, 113.999] 0oHoOZJAnMj4FOWuej78Zj
[0.382, 0.833, 5, -5.879, 0.0628, 0.0478, 0.000848, 0.478, 0.228, 94.983] 5G25iiXIn16WjlZJPcrok2
[0.444, 0.892, 5, -4.596, 0.0508, 8.49e-05, 0.00802, 0.172, 0.508, 150.003] 4u97XuZjqPnLCh7wOZZxNE
[0.308, 0.953, 9, -4.423, 0.0952, 1.29e-05, 0.0897, 0.186, 0.441, 128.581] 4v6wHcAjo3yJBPGNrWqQfc
[0.437, 0.934, 6, -3.227, 0.0915, 0.00166, 0, 0.317, 0.431, 144.135] 40n8ZJVmwkdNAUBZSv8Xhg
[0.296, 0.887, 2, -6.082, 0.0666, 7.57e-05, 0.665, 0.234, 0.478, 108.291] 4oWGXZLDq9QTbv8795oVRM
[0.375, 0.969, 5, -5.727, 0.0723, 0.000685, 0.00147, 0.196, 0.676, 144.329] 7lxPjFRAPmlVkHD6ded89T
[0.368, 0.91, 11, -3.521, 0.146, 0.00171, 0.228, 0.128, 0.613, 182.582] 3YTPWpHfsGgDQp95PvLPfi
[0.547, 0.904, 5, -5.006, 0.0368, 4.42e-05, 0, 0.131, 0.137, 117.032] 1xgOEjPTp3dpTsqHiKPBFx
[0.504, 0.979, 3, -3.057, 0.11, 0.000112, 0.0084, 0.204, 0.481, 147.977] 6i5j7KG1CVyaNmFFmMo5B0
[0.374, 0.902, 0, -5.304, 0.104, 4.92e-06, 0.783, 0.0899, 0.618, 107.591] 3XGLELKiegvp0b3WAr3nPK
[0.357, 0.968, 7, -4.729, 0.0659, 4.85e-06, 4.47e-05, 0.19, 0.253, 153.04] 4olziiqxPRPnBE4H2mg6Xr
[0.393, 0.904, 5, -6.991, 0.0533, 2.9e-05, 0.0994, 0.276, 0.333, 162.871] 6v3jaxlxX4t2onszxNhxPM
[0.364, 0.947, 0, -4.552, 0.0671, 0.000131, 0, 0.0825, 0.515, 164.998] 5e16rOPjQLbmj8wLh59pTv
[0.484, 0.948, 5, -4.542, 0.0698, 7.11e-05, 0.000365, 0.348, 0.154, 139.95] 5jLm8MS0pkMrsyR0KdDKz5
[0.506, 0.875, 8, -5.496, 0.049, 0.00525, 8.42e-06, 0.351, 0.609, 134.993] 0xRihMpewrzS0vSJVxdHWv
[0.406, 0.919, 0, -4.675, 0.103, 0.000933, 9.92e-05, 0.0726, 0.601, 93.274] 47E5PZDMp6Wsg4S8wakGQZ
[0.389, 0.873, 4, -4.768, 0.0475, 0.00532, 0.0055, 0.273, 0.303, 106.767] 69QHm3pustz01CJRwdo20z
[0.31, 0.7, 9, -5.678, 0.047, 0.011, 0.00965, 0.0828, 0.763, 188.386] 08mG3Y1vljYA6bvDt4Wqkj
[0.456, 0.863, 3, -3.551, 0.0894, 0.133, 0.0545, 0.0553, 0.532, 135.966] 7nemcVsXVFZF01iqpIIo2Y
[0.573, 0.913, 6, -4.793, 0.132, 0.0591, 0.00173, 0.156, 0.422, 115.715] 2zYzyRzz6pRmhPzyfMEC8s
[0.501, 0.889, 4, -5.175, 0.0364, 0.000147, 0.0114, 0.217, 0.257, 133.519] 57bgtoPSgt236HzfBOd8kj
[0.529, 0.768, 7, -5.51, 0.0566, 0.00224, 0.000685, 0.297, 0.769, 127.316] 6yl8Es1tCYD9WdSkeVLFw4
[0.336, 0.792, 9, -10.875, 0.0848, 0.00349, 0.00178, 0.0437, 0.425, 155.588] 3IOQZRcEkplCXg6LofKqE9
[0.445, 0.955, 8, -8.027, 0.0856, 0.0326, 0.284, 0.317, 0.336, 123.343] 5NIPsWpDjJTFBoPxCUUeXp
[0.274, 0.949, 11, -8.642, 0.0896, 0.0214, 0.00778, 0.218, 0.497, 100.346] 5Q41NLTmGbVPozwHKK7bk2
[0.449, 0.901, 6, -7.711, 0.0526, 0.141, 0.0675, 0.128, 0.696, 125.148] 4MhTFsyqIJnjsOweVcU8ug
[0.48, 0.772, 6, -6.261, 0.0379, 0.0241, 0.0124, 0.103, 0.38, 132.376] 71PgBc2BnQtIBq6Ct2jDMO
[0.456, 0.59, 11, -8.638, 0.0327, 0.00182, 0.00379, 0.104, 0.243, 124.635] 2N2yrmodOnVF10mKvItC9P
[0.294, 0.641, 11, -9.316, 0.0291, 0.0163, 0.22, 0.112, 0.226, 79.759] 3YRCqOhFifThpSRFJ1VWFM
[0.537, 0.893, 9, -10.234, 0.0636, 0.15, 0.000286, 0.0688, 0.588, 163.727] 6UCb3me83cyCV19sjvucte
[0.381, 0.734, 2, -8.917, 0.0933, 0.0797, 0.0469, 0.173, 0.565, 96.614] 1Rdf1DO8NvgdkTAxBYKPSM
[0.346, 0.335, 7, -12.453, 0.0339, 0.575, 0.00674, 0.185, 0.213, 84.204] 51pQ7vY7WXzxskwloaeqyj
[0.444, 0.703, 7, -9.443, 0.0641, 0.00112, 0.0761, 0.127, 0.419, 106.228] 64Ret7Tf2M8pDE4aqbW2tX
[0.511, 0.972, 10, -3.751, 0.0413, 5.36e-06, 0.00101, 0.19, 0.532, 132.97] 77gY3WsOnEsq9JOWgBmdLj
[0.538, 0.872, 4, -7.658, 0.0361, 0.000608, 0.573, 0.0946, 0.593, 105.102] 6NwbeybX6TDtXlpXvnUOZC
[0.579, 0.824, 6, -8.71, 0.03, 0.00206, 0.00903, 0.059, 0.635, 123.331] 1hKdDCpiI9mqz1jVHRKG0E
[0.539, 0.597, 7, -9.581, 0.0258, 0.0108, 0.00552, 0.134, 0.251, 139.444] 5SnOyuBtyzufoXBAKOdcxD
[0.554, 0.816, 11, -7.871, 0.0353, 0.000526, 0.000711, 0.0988, 0.362, 131.409] 4zJLpLsfY52ih6y8u4mhKH
[0.558, 0.364, 4, -11.258, 0.0265, 0.0505, 5.02e-06, 0.0753, 0.17, 142.171] 3ZFwuJwUpIl0GeXsvF1ELf
[0.258, 0.907, 7, -7.287, 0.112, 0.0183, 0.201, 0.11, 0.317, 113.679] 12oSzrBIyirNs0aCwk6elL
[0.516, 0.906, 1, -4.525, 0.0658, 2.86e-05, 0.000101, 0.105, 0.728, 116.775] 5ghIJDpPoe3CfHMGu71E6T
[0.505, 0.825, 4, -5.721, 0.0401, 0.000182, 0.000948, 0.0855, 0.541, 119.987] 4P5KoWXOxwuobLmHXLMobV
[0.453, 0.906, 9, -4.001, 0.115, 0.361, 0.000569, 0.26, 0.473, 137.575] 2b9lp5A6CqSzwOrBfAFhof
[0.332, 0.814, 6, -4.462, 0.037, 9.79e-05, 0.00129, 0.666, 0.39, 102.601] 6DfC1aCH6TanpsEwewNn0m
[0.234, 0.866, 1, -3.1, 0.0429, 2.68e-05, 0.00062, 0.102, 0.444, 78.488] 0xew7FLYsNl89tLNsXa5bH
[0.287, 0.772, 2, -5.806, 0.0589, 0.214, 0.000127, 0.4, 0.384, 108.65] 0s2g1WxDlOXg5DvtYfHuIN
[0.415, 0.658, 4, -12.051, 0.0696, 4.52e-05, 0.000735, 0.176, 0.45, 163.015] 1Y373MqadDRtclJNdnUXVc
[0.587, 0.891, 11, -3.381, 0.0361, 0.000261, 0.00454, 0.314, 0.705, 124.005] 46QazXxQS0B31CnbRCy8CV
[0.598, 0.676, 0, -9.211, 0.0279, 0.13, 0.225, 0.112, 0.805, 114.169] 5MMnwYs0hIxkENRsbkWJ2G
[0.336, 0.787, 10, -8.803, 0.0732, 0.0793, 0.0648, 0.32, 0.383, 140.003] 0EHzXpyi1swR8sMpbVHcLJ
[0.647, 0.964, 9, -4.225, 0.06, 0.00434, 0.0036, 0.15, 0.875, 126.942] 5z6xHjCZr7a7AIcy8sPBKy
[0.29, 0.839, 9, -4.459, 0.078, 0.0014, 0.476, 0.0954, 0.42, 158.972] 4wYq5wugZDzQiMZQYG4wVB
[0.552, 0.791, 7, -8.356, 0.0303, 0.123, 1.42e-05, 0.162, 0.698, 91.2] 5UdShl12E6eHEgS8lQ1bPr
[0.629, 0.785, 5, -10.761, 0.0471, 0.0249, 9.45e-06, 0.0522, 0.869, 108.531] 2vX5WL7s6UdeQyweZEx7PP
[0.445, 0.856, 9, -3.674, 0.0327, 0.000202, 0.0101, 0.367, 0.486, 105.872] 0NJC0FDCODpPUntRTTQq97
[0.438, 0.805, 8, -6.237, 0.0624, 0.00255, 5.69e-05, 0.0842, 0.564, 113.253] 2aoo2jlRnM3A0NyLQqMN2f
[0.525, 0.855, 9, -6.537, 0.0372, 0.0452, 0.000295, 0.135, 0.516, 109.784] 7kleAV1lfwHi3XNsLaAKHR
[0.317, 0.981, 6, -7.102, 0.174, 0.00242, 0.00677, 0.0852, 0.234, 140.079] 6EPRKhUOdiFSQwGBRBbvsZ
[0.332, 0.623, 9, -12.365, 0.0803, 0.222, 0.000883, 0.278, 0.416, 182.63] 2rd9ETlulTbz6BYZcdvIE1
[0.318, 0.65, 6, -13.928, 0.0375, 0.0802, 0.132, 0.0962, 0.368, 149.994] 5clz8BOBulxx7q2yHxqOCk
[0.476, 0.556, 4, -10.586, 0.0646, 0.0838, 1.59e-05, 0.125, 0.43, 103.122] 2GnVuaoKSkB6Xa07l1BBg8
[0.43, 0.704, 1, -8.008, 0.0804, 0.000155, 0.00221, 0.0933, 0.703, 118.242] 7fcfNW0XxTWlwVlftzfDOR
[0.487, 0.976, 7, -7.567, 0.105, 6.8e-06, 0.352, 0.242, 0.305, 133.176] 49IA4BhFCOWZQ7A7wxfa4e
[0.564, 0.932, 11, -10.068, 0.0554, 0.013, 0.169, 0.349, 0.619, 112.937] 78lgmZwycJ3nzsdgmPPGNx
[0.527, 0.978, 8, -5.436, 0.109, 0.00124, 4.75e-05, 0.0744, 0.463, 141.169] 05RgAMGypEvqhNs5hPCbMS
[0.416, 0.995, 10, -5.376, 0.119, 0.000164, 0.0902, 0.34, 0.33, 112.014] 5tqSUxm3Wpql0dlLMrIAp1
[0.528, 0.909, 8, -5.712, 0.0381, 7.77e-05, 0.00959, 0.0891, 0.349, 112.083] 140u2dqlZbpi4ZLgeolKqA
[0.547, 0.58, 2, -13.415, 0.0293, 0.23, 0.00877, 0.0569, 0.505, 109.827] 3Xls4cNOwy01dtrNXb1inG
[0.529, 0.452, 2, -12.593, 0.136, 0.534, 0.000151, 0.301, 0.539, 78.196] 2idijP1bI3eqkU0gbVMdjU
[0.317, 0.887, 9, -7.292, 0.0375, 0.000582, 0.00258, 0.0891, 0.871, 169.613] 4PRGxHpCpF2yoOHYKQIEwD
[0.515, 0.534, 6, -8.045, 0.0768, 0.181, 0.00278, 0.0547, 0.426, 70.776] 1Eolhana7nKHYpcYpdVcT5
[0.274, 0.949, 11, -8.642, 0.0896, 0.0214, 0.00778, 0.218, 0.497, 100.346] 5Q41NLTmGbVPozwHKK7bk2
[0.527, 0.978, 8, -5.436, 0.109, 0.00124, 4.75e-05, 0.0744, 0.463, 141.169] 05RgAMGypEvqhNs5hPCbMS
[0.482, 0.601, 7, -12.846, 0.0486, 0.00853, 0.000187, 0.249, 0.774, 125.619] 0XIvZ82aDF7JiSi3ZE320u
[0.535, 0.967, 2, -4.082, 0.068, 0.000886, 0.0204, 0.233, 0.347, 110.97] 5X0bLSho0KTiSQYCI0IOcl
[0.267, 0.953, 1, -4.899, 0.096, 0.00211, 0, 0.283, 0.568, 84.989] 0PdM2a6oIjqepoEfcJo0RO
[0.403, 0.88, 0, -5.872, 0.0532, 0.00582, 0.000508, 0.319, 0.235, 100.457] 5PLPlz2rQlwMTFQqnQAPgu
[0.453, 0.906, 9, -4.001, 0.115, 0.361, 0.000569, 0.26, 0.473, 137.575] 2b9lp5A6CqSzwOrBfAFhof
[0.559, 0.825, 0, -10.725, 0.0401, 0.0771, 0, 0.363, 0.805, 122.821] 3U7H63zKWLjOuFZJUmTowp
[0.577, 0.676, 8, -11.931, 0.0295, 0.000895, 2.29e-06, 0.0625, 0.676, 95.98] 2ZS0wDcdfrJPC86u5aJGo9
[0.367, 0.445, 9, -13.615, 0.0286, 0.0478, 0.00284, 0.199, 0.149, 67.197] 6LFoyjCI9eFZw3QmN46x2V
[0.512, 0.947, 9, -5.659, 0.0401, 0.000692, 0.114, 0.0283, 0.612, 117.461] 2PpNgmrS9mAyrkRAwn6YPq
[0.442, 0.759, 10, -13.475, 0.0354, 0.000402, 0.0081, 0.174, 0.279, 198.117] 3D5ORNm9spaTcdRx50ksHx
[0.555, 0.973, 9, -3.804, 0.035, 0.048, 0, 0.0853, 0.805, 118.642] 72hcFp4tYkd3dbNA9dZ3Pv
[0.494, 0.933, 2, -5.977, 0.0808, 0.0434, 0.00108, 0.228, 0.507, 121.201] 28clONjZmul6FjfO6tZQDE
[0.536, 0.844, 6, -6.918, 0.058, 0.0628, 0.00084, 0.0608, 0.185, 117.652] 3MrRksHupTVEQ7YbA0FsZK
[0.403, 0.777, 5, -6.416, 0.0354, 0.0999, 3.28e-06, 0.124, 0.149, 76.329] 4zXvB4MoQD8onk0NCZbeHG
[0.505, 0.631, 9, -10.433, 0.038, 0.0203, 2.21e-05, 0.141, 0.835, 118.178] 26fZwf1ImE4aUJ4XaqOkUg
[0.476, 0.331, 5, -14.884, 0.0305, 0.31, 2.82e-06, 0.172, 0.24, 130.574] 43thLwzSasUUZEYjYPeJh3
[0.445, 0.955, 8, -8.027, 0.0856, 0.0326, 0.284, 0.317, 0.336, 123.343] 5NIPsWpDjJTFBoPxCUUeXp
[0.533, 0.637, 6, -5.571, 0.0323, 0.16, 1.12e-05, 0.369, 0.292, 140.167] 43GS3mtezoIFiuIZCLLiDY
[0.333, 0.79, 0, -6.802, 0.0386, 0.109, 0, 0.115, 0.534, 180.356] 3qwnfEm2N8lvD9BaJvOfaW
[0.686, 0.781, 2, -5.906, 0.0523, 0.187, 1.9e-05, 0.332, 0.64, 120.191] 3cXiUuiGpFmZ8OdAWKk8Ck
[0.723, 0.541, 0, -14.021, 0.0303, 0.028, 0.00339, 0.133, 0.607, 131.675] 7pkWZL0kA26s754CwyK0SH
[0.257, 0.803, 7, -3.886, 0.0411, 0.137, 0.0156, 0.297, 0.294, 150.818] 2fY6tqgrlrg1ky9fgs0t5u
[0.36, 0.527, 9, -9.883, 0.0289, 0.229, 0.000792, 0.0536, 0.247, 132.639] 3vPrFUtWpKT9oNW94NDDEW
[0.567, 0.867, 7, -11.541, 0.0484, 0.00384, 0.088, 0.112, 0.535, 146.008] 3D3lmTEhuWaunO1yxpYPD8
[0.6, 0.931, 7, -4.647, 0.0734, 0.0296, 7.1e-05, 0.392, 0.542, 140.123] 5xLyTbCFONUGUuG0LtUxjn
[0.39, 0.898, 7, -4.089, 0.045, 0.207, 6.64e-05, 0.217, 0.204, 90.703] 3rdxvEfBp86WNcRDLaFEk9
[0.52, 0.887, 0, -3.296, 0.0349, 0.0665, 0.000179, 0.186, 0.793, 122.528] 7qQnBfwXrw2tZNFG4Uf57N
[0.449, 0.901, 6, -7.711, 0.0526, 0.141, 0.0675, 0.128, 0.696, 125.148] 4MhTFsyqIJnjsOweVcU8ug
[0.441, 0.908, 11, -4.627, 0.115, 0.000183, 0.00328, 0.0612, 0.632, 145.439] 6FBmHx1FuaSnTnnnaThgbF
[0.547, 0.822, 0, -7.201, 0.0292, 0.0745, 0.00943, 0.0645, 0.774, 130.138] 2PfBSkCKZDXMsJogMT0wML
[0.562, 0.965, 4, -2.789, 0.0613, 0.036, 0, 0.326, 0.39, 105.305] 4NffXDmI70vw19P5Efoe0T
[0.49, 0.951, 11, -3.888, 0.0966, 0.00888, 0.00126, 0.376, 0.628, 158.075] 473dVAB97y06dfl6OBb1uj
[0.526, 0.924, 7, -5.591, 0.0391, 0.027, 0.000728, 0.598, 0.793, 147.28] 0sgDEFq9oeC8ueOK0mR5IA
[0.476, 0.901, 8, -6.751, 0.0975, 0.0642, 0.158, 0.0557, 0.109, 91.955] 57fqmDaokbxZ3TaB0jp39q
[0.474, 0.977, 7, -3.839, 0.176, 0.00111, 0.00298, 0.201, 0.236, 89.494] 0mDpR6DpKc2DyiGtH0NcX8
[0.616, 0.965, 11, -4.464, 0.0613, 0.0135, 0.000174, 0.119, 0.405, 126.535] 0SFS1LxNP5wgnoDA7nGKQu
[0.502, 0.924, 4, -6.299, 0.0503, 0.0127, 0, 0.162, 0.922, 149.186] 5RHG4SQ6iJ1qQJmt3EFJCX
[0.472, 0.946, 2, -4.591, 0.145, 0.0372, 0, 0.352, 0.486, 177.489] 7LygtNjQ65PSdzVjUnHXQb
[0.423, 0.696, 4, -11.589, 0.0335, 0.0025, 2.44e-06, 0.221, 0.786, 129.02] 2kR3B09M6KeJnchOkxwszt
[0.457, 0.794, 1, -6.624, 0.0298, 0.000384, 7.26e-05, 0.131, 0.354, 90.439] 1HlGblweLq0eAwnb0NY1EQ
[0.679, 0.859, 0, -5.945, 0.0665, 0.00536, 5.18e-05, 0.327, 0.792, 124.324] 1brpdmqkx3kSxyqzqXfW7J
[0.537, 0.978, 4, -2.921, 0.0442, 0.417, 1.56e-05, 0.0374, 0.931, 126.343] 6gQUbFwwdYXlKdmqRoWKJe
[0.523, 0.88, 9, -9.019, 0.0402, 0.00961, 0.000828, 0.329, 0.553, 132.426] 3W1iDAW7PVwlMC2zJIKF0k
[0.298, 0.612, 3, -9.002, 0.0379, 0.0194, 9.67e-05, 0.0906, 0.343, 156.727] 1j06ieEC2BOCM0fTmYhn2l
[0.3, 0.894, 2, -7.786, 0.109, 0.0515, 0.000333, 0.125, 0.268, 118.631] 1iQpStZpzBb5TOuTDKJKdj
[0.46, 0.974, 2, -5.095, 0.156, 0.0537, 7.95e-06, 0.329, 0.444, 112.684] 4QPRua3G7RQraiYX2NwdH6
[0.426, 0.961, 8, -4.365, 0.07, 0.013, 0.0259, 0.0621, 0.616, 171.411] 5CWWOxTehNz94b4Xs0xFYV
[0.296, 0.83, 1, -7.051, 0.0505, 0.00081, 0, 0.263, 0.478, 164.124] 5F8WPtrurLmNE3tv6Sm14m
[0.204, 0.794, 2, -7.586, 0.0618, 0.00122, 0, 0.148, 0.205, 149.346] 2QfjV18pg4Ye7Vo4TsSobq
[0.463, 0.926, 5, -3.563, 0.12, 4.95e-05, 0.000576, 0.0868, 0.501, 131.129] 6QtDzKo8oVwnOx7Sg7jxUe
[0.479, 0.822, 4, -6.412, 0.0444, 0.00434, 4.76e-06, 0.0843, 0.562, 130.035] 1o0hcMxI6jYzQm6ApPde3L
[0.33, 0.963, 9, -5.509, 0.106, 0.00388, 0.00714, 0.0793, 0.734, 171.59] 6q5vdf6Mfkk0eETYzmgokj
[0.498, 0.858, 7, -5.259, 0.0661, 0.159, 0, 0.262, 0.778, 132.718] 0gGJO7JM51uAUu7EE2lxx6
[0.619, 0.751, 7, -11.568, 0.0417, 0.0113, 7.87e-05, 0.123, 0.532, 126.079] 2mEk0VdrbDJ11DBC6Y92mh
[0.562, 0.991, 7, -2.654, 0.0745, 0.0373, 1.14e-05, 0.425, 0.266, 118.004] 0U2TocFjqul3sis3sE5jZl
[0.611, 0.883, 9, -11.225, 0.0539, 0.0846, 1.2e-06, 0.192, 0.604, 117.928] 2HXixVqzzm9rEUIMAWzshl
[0.817, 0.599, 0, -9.249, 0.0328, 0.132, 0.000311, 0.0873, 0.548, 108.873] 2KH16WveTQWT6KOG9Rg6e2
[0.468, 0.743, 0, -10.846, 0.0326, 0.00819, 7.88e-05, 0.369, 0.648, 156.103] 0kFM6t9htbB53Dg8frGDGh
[0.345, 0.531, 0, -12.708, 0.0305, 0.00642, 7.28e-06, 0.14, 0.49, 176.302] 4ZpXHlV2vQVfPXUvbDSZ92
[0.596, 0.896, 0, -4.635, 0.0382, 0.00742, 0.00057, 0.372, 0.456, 115.092] 41wWrTueWew7qUU0Ru87Mp
[0.462, 0.488, 6, -11.143, 0.0287, 0.115, 0, 0.128, 0.33, 145.789] 2dEgwtRjYl6TJkIwjRwn6z
[0.509, 0.935, 6, -3.633, 0.0493, 0.00864, 1.17e-06, 0.255, 0.501, 148.062] 27kMqdX3aoN3gBndVKlTfR
[0.489, 0.953, 0, -4.615, 0.0858, 0.02, 0.00021, 0.113, 0.447, 94.443] 1hqrYSqvNc9x3BETX1cZhk
[0.476, 0.897, 9, -4.237, 0.0627, 0.00482, 2.38e-05, 0.152, 0.667, 152.497] 0X1sqQ652p1sceKM2nJlIJ
[0.567, 0.889, 9, -11.782, 0.0304, 0.00465, 0.000183, 0.269, 0.555, 132.726] 1Qjpl8Kav6rrO92ZuG0OK8
[0.44, 0.772, 9, -8.838, 0.0335, 0.0158, 5.65e-06, 0.082, 0.321, 112.839] 5ZIU2kT1wNjQNclQeVCz5O
[0.531, 0.626, 0, -13.371, 0.0452, 0.0606, 0, 0.0767, 0.746, 88.236] 0TaT50ZZxT4ytZxuqkE3A9
[0.516, 0.733, 7, -11.341, 0.0326, 0.000373, 0.00716, 0.258, 0.552, 98.006] 1AsRjeavWPH8sCQbjMP8Xh
[0.273, 0.537, 2, -9.612, 0.0306, 0.0241, 0, 0.0922, 0.232, 81.814] 5t5rCnsgRBtcKqTB7SbD1Q
[0.656, 0.931, 1, -5.827, 0.0976, 0.046, 0, 0.0543, 0.909, 144.747] 7990Xs9HQx7FXVIDVPEwj9
[0.61, 0.824, 4, -6.046, 0.0534, 0.0136, 1.75e-06, 0.0606, 0.819, 134.992] 0IXpUl1fn2QZcBavfuq0H4
[0.372, 0.857, 5, -7.816, 0.0461, 0.0608, 9.01e-05, 0.187, 0.389, 146.08] 3iC3Numiy9P3AkF7iioKmx
[0.574, 0.93, 1, -2.949, 0.0413, 0.0657, 7.78e-06, 0.108, 0.69, 92.303] 1Z6lKdYhwp8WYoBqGCKxlM
[0.303, 0.961, 9, -5.333, 0.243, 0.00253, 6.2e-05, 0.132, 0.305, 146.591] 2E7W1X4maFFcjHrVrFA7Vs
[0.542, 0.839, 3, -4.404, 0.0487, 4.91e-05, 0, 0.0471, 0.611, 121.026] 5IXUAYqwxmAFj69RWYFzbU
[0.447, 0.348, 5, -16.199, 0.039, 0.159, 1.98e-06, 0.0835, 0.227, 177.356] 57trQKFZdJxHia4sMJioWk
[0.341, 0.406, 2, -8.139, 0.0359, 0.36, 0.0519, 0.126, 0.33, 79.995] 73jxc8OqPUqXEzsRnCgw8M
[0.518, 0.938, 8, -5.964, 0.0416, 0.021, 0.000305, 0.288, 0.71, 139.138] 6fybp4N6eW3bsFAvARxyVe
[0.317, 0.981, 6, -7.102, 0.174, 0.00242, 0.00677, 0.0852, 0.234, 140.079] 6EPRKhUOdiFSQwGBRBbvsZ
[0.537, 0.382, 7, -15.568, 0.0245, 0.0795, 0.00115, 0.114, 0.338, 148.061] 7wrBlgNqYBAC5yFfO4fnYb
[0.546, 0.91, 5, -6.736, 0.061, 0.0442, 5.61e-05, 0.263, 0.458, 90.58] 7Dtukb9NLJs1i0lohMlIC5
[0.551, 0.947, 2, -4.671, 0.152, 0.000652, 0.000257, 0.0637, 0.466, 127.657] 6QDbGdbJ57Mtkflsg42WV5
[0.616, 0.807, 8, -11.4, 0.0348, 0.000303, 2.37e-05, 0.193, 0.637, 111.054] 4lbhQdbiTpNP7GowZG8KsM
[0.5, 0.748, 4, -9.072, 0.0363, 0.127, 0, 0.447, 0.514, 118.852] 4bHsxqR3GMrXTxEPLuK5ue
[0.519, 0.61, 0, -10.256, 0.036, 0.0766, 6.49e-05, 0.248, 0.232, 121.324] 46Qy1xAr2K7rylRYwdQ6Gw
[0.601, 0.859, 5, -5.263, 0.0276, 0.000359, 0.00124, 0.0871, 0.446, 125.145] 1UBQ5GK8JaQjm5VbkBZY66
[0.415, 0.658, 4, -12.051, 0.0696, 4.52e-05, 0.000735, 0.176, 0.45, 163.015] 1Y373MqadDRtclJNdnUXVc
[0.532, 0.767, 7, -5.509, 0.0574, 0.00287, 0.000513, 0.39, 0.755, 127.361] 2SiXAy7TuUkycRVbbWDEpo
[0.768, 0.852, 4, -6.215, 0.038, 0.213, 7.45e-05, 0.0723, 0.867, 128.374] 2ZSCy3P1QzpJySCWA6NRIU
[0.526, 0.9, 4, -4.76, 0.0531, 0.00914, 0, 0.277, 0.458, 125.349] 2W7CvGjipq3EmHqNGN7lN9
[0.633, 0.732, 8, -6.785, 0.0707, 0.186, 1.37e-05, 0.13, 0.273, 126.567] 3WW3g2scq0m7ZY5JCxrdWw
[0.282, 0.656, 8, -6.557, 0.0302, 0.0105, 0, 0.0892, 0.242, 139.352] 0S3gpZzlT9Hb7CCSV2owX7
[0.472, 0.9, 8, -6.406, 0.0582, 0.148, 0.000297, 0.34, 0.42, 95.826] 3KhF2YiNpJvGpfiCW45R6D
[0.611, 0.853, 2, -4.983, 0.034, 0.0219, 0, 0.671, 0.376, 135.558] 5ZY7Gug850kv4heJcWZGHM
[0.716, 0.821, 7, -4.204, 0.0389, 0.551, 5.68e-06, 0.618, 0.931, 120.737] 4N4guy1faBG6oseDnhjkWy
[0.657, 0.567, 9, -12.871, 0.0261, 0.146, 2e-05, 0.0554, 0.563, 109.007] 1Fu3vJJwVKY7c7JnTX3Mvi
[0.547, 0.691, 4, -13.553, 0.0369, 0.015, 0.105, 0.144, 0.667, 137.148] 4KfSdst7rW39C0sfhArdrz
[0.453, 0.543, 0, -10.106, 0.0366, 0.297, 0, 0.0928, 0.282, 151.362] 6wjSNO6uJYlgbbfauyWhiw
[0.591, 0.869, 7, -6.383, 0.0655, 0.41, 0, 0.718, 0.74, 121.68] 3YSfGJNDtF8KrHlwCAaVns
[0.536, 0.72, 7, -11.277, 0.0436, 0.00202, 0.000127, 0.357, 0.633, 117.367] 1jF5Id0OPFU1Mae8BEUF5u
[0.576, 0.974, 1, -2.785, 0.0828, 0.0202, 0, 0.348, 0.531, 129.088] 2V8KvnD5LVeeDChMWEkSzC
[0.544, 0.739, 9, -7.383, 0.0517, 0.00392, 0.000143, 0.168, 0.328, 118.287] 2dbOYFfS7r7NAzquRvji9A
[0.197, 0.837, 9, -8.958, 0.0626, 0.000308, 0.752, 0.102, 0.136, 186.443] 3ATAV8kiC5wg7U0eSMHlQp
[0.366, 0.94, 1, -5.119, 0.0696, 0.000769, 9.42e-05, 0.188, 0.369, 130.198] 5FZxsHWIvUsmSK1IAvm2pp
[0.465, 0.919, 4, -4.025, 0.0408, 1.83e-05, 2.07e-05, 0.262, 0.537, 135.997] 5OQsiBsky2k2kDKy2bX2eT
[0.412, 0.882, 11, -5.54, 0.0369, 5.96e-05, 0.00031, 0.0805, 0.356, 158.066] 5UWwZ5lm5PKu6eKsHAGxOk
[0.583, 0.586, 5, -5.683, 0.0518, 0.000231, 0.000633, 0.494, 0.622, 167.798] 40Gxnw5Vc8hnhGFknXHe3R
[0.433, 0.959, 9, -4.04, 0.0431, 0.000917, 0, 0.028, 0.365, 172.984] 7x8dCjCr0x6x2lXKujYD34
[0.231, 0.866, 9, -5.131, 0.0517, 3.62e-05, 0.000552, 0.29, 0.191, 138.311] 76Je5Wklky23mVoxiRszcN
[0.373, 0.905, 4, -3.793, 0.0823, 1.17e-05, 7.53e-06, 0.321, 0.274, 144.574] 2ql32BJPN3hnyboml4JfER
[0.374, 0.927, 4, -4.212, 0.0652, 6.2e-05, 0.000177, 0.0575, 0.301, 154.047] 4dVbhS6OiYvFikshyaQaCN
[0.421, 0.938, 11, -4.212, 0.0522, 5.18e-05, 0.00291, 0.124, 0.427, 156.794] 2kh0u2d2YKQ7BCqeLPdHk6
[0.532, 0.664, 2, -4.428, 0.0304, 0.000261, 0, 0.205, 0.215, 135.306] 2kN05N1AQQplsgFweFAqYb
[0.358, 0.549, 11, -7.843, 0.0693, 0.000799, 0.00503, 0.22, 0.533, 130.733] 3kdMzXOcrDIdSWLdONHNK5
[0.399, 0.953, 4, -4.276, 0.0752, 1.83e-05, 2.53e-05, 0.149, 0.555, 174.216] 44wXefe8WB9Fd6xwtmAwbR
[0.359, 0.893, 4, -8.036, 0.0665, 3.4e-05, 0.0955, 0.751, 0.185, 136.115] 1wLQwg0mloy3yXjL0jPE0N
[0.426, 0.792, 9, -4.709, 0.0374, 0.000495, 5.1e-06, 0.142, 0.557, 161.994] 3KsatAMRt1a7iryhWt5I8U
[0.643, 0.344, 2, -11.342, 0.0349, 0.909, 0.0112, 0.106, 0.547, 144.171] 3QmesrvdbPjwf7i40nht1D
[0.579, 0.708, 0, -10.419, 0.0374, 0.442, 0, 0.11, 0.846, 130.97] 6pb5BBnIM5IM7R1cqag6rE
[0.401, 0.888, 0, -3.793, 0.0401, 0.000367, 0, 0.12, 0.365, 146.781] 0bORa4VpL8NzyMXEI6UFGK
[0.235, 0.869, 4, -4.284, 0.0609, 0.000457, 0.000987, 0.459, 0.513, 146.654] 7bdUH0npz854dv3plG8ieT
[0.228, 0.856, 2, -5.296, 0.0541, 0.000124, 5.66e-05, 0.285, 0.427, 186.969] 6REiraH7Pe3akd0mkFA4l9
[0.511, 0.728, 11, -4.874, 0.037, 2.52e-05, 7.41e-05, 0.0725, 0.541, 138.179] 7v0mtl6oInUtHOmTk2b0gC
[0.261, 0.964, 9, -6.654, 0.0638, 0.00141, 2.87e-05, 0.183, 0.326, 162.902] 2wO8aOvN1ogLy1N8XT1WJE
[0.632, 0.734, 9, -5.179, 0.0375, 0.000128, 1.05e-05, 0.337, 0.645, 116.336] 5TOYgNohZAFEPOtnchPhZS
[0.462, 0.913, 2, -4.298, 0.074, 0.000189, 0.00142, 0.0671, 0.72, 145.522] 1QZFn6QUNHfCp8s06C91hw
[0.42, 0.9, 11, -7.268, 0.05, 7.95e-05, 0.000254, 0.106, 0.459, 135.918] 7hlLPJo0pxh1jQUERqf5O2
[0.42, 0.914, 6, -4.322, 0.0431, 2.86e-05, 0.0282, 0.22, 0.301, 170.199] 0bHD1nLe7Nhw55ZGJ92332
[0.254, 0.959, 9, -3.447, 0.0672, 1.26e-05, 7.31e-06, 0.483, 0.525, 186.438] 2MKEQhvPb2VaJXjx5X8Yg6
[0.596, 0.557, 0, -6.401, 0.0299, 0.027, 1.64e-05, 0.0914, 0.314, 124.023] 2XvrMHbSO077Ajg7QTTNdY
[0.514, 0.864, 11, -3.817, 0.0378, 2.05e-05, 7.27e-05, 0.313, 0.698, 123.861] 6HeFCUg1F1v0bnE3JFTlxz
[0.556, 0.512, 2, -8.657, 0.0279, 0.0248, 0.00545, 0.86, 0.209, 101.495] 5OsCYPDUDPyoaVobsCwMnt
[0.405, 0.91, 2, -5.441, 0.0428, 5.61e-05, 2.63e-05, 0.0652, 0.575, 151.915] 40cLVGkjzcZ5FJ3vHkXB0e
[0.613, 0.887, 7, -5.989, 0.0263, 0.0643, 2.92e-05, 0.168, 0.76, 132.834] 02O71P5xudugRmFCFsQe9E
[0.332, 0.906, 11, -4.683, 0.105, 5.58e-05, 0.000304, 0.129, 0.497, 173.639] 1M4Wy6jRce1x17qyE7yQAB
[0.362, 0.866, 4, -6.319, 0.0725, 1.25e-05, 0.312, 0.0831, 0.371, 166.007] 5BfbdJLRp9gUyyxeGJUECL
[0.201, 0.624, 4, -5.59, 0.0328, 0.00196, 0.0195, 0.228, 0.127, 165.937] 1jH0OiLvqyyhUOEUu61XPI
[0.562, 0.754, 2, -5.686, 0.0634, 6.55e-05, 0.0459, 0.101, 0.474, 132.965] 0MXosG7BdA9uukm88V7zAD
[0.538, 0.534, 11, -10.538, 0.0298, 0.000527, 0.00091, 0.127, 0.722, 77.527] 1tDM9ElAIOimEPBEnkXqe2
[0.468, 0.924, 9, -3.937, 0.041, 0.00112, 0.0149, 0.337, 0.593, 152.694] 592nTDJAy8AucV4KKIDCmA
[0.326, 0.571, 4, -10.701, 0.026, 0.74, 0.551, 0.0802, 0.351, 108.657] 7pS2OVdIWviLpz5GOtJLzz
[0.381, 0.864, 1, -5.802, 0.0607, 0.00131, 0.166, 0.0491, 0.227, 178.008] 158nFMptPuI3UphKPg4UJo
[0.43, 0.866, 7, -5.412, 0.0413, 0.00222, 3.97e-06, 0.349, 0.174, 142.078] 74QDbj3qdHQhofu01RyFtT
[0.559, 0.933, 2, -7.51, 0.0561, 0.00078, 0.0741, 0.0595, 0.45, 141.939] 33OVwHAdsrJELptAp74TqW
[0.515, 0.917, 1, -7.312, 0.0417, 0.000209, 0.000476, 0.145, 0.409, 121.988] 6JSryEdVJTZq6YBn3wK2sn
[0.71, 0.304, 6, -10.756, 0.0332, 0.702, 7.92e-06, 0.0903, 0.312, 98.037] 7zaZlzl0XhthNwH3GQcyZ0
[0.354, 0.804, 2, -8.11, 0.0582, 4.96e-05, 0.00441, 0.454, 0.224, 175.731] 0MfVTButkC0WU7aUcIskU6
[0.306, 0.985, 0, -6.687, 0.0822, 0.00254, 0.626, 0.13, 0.255, 133.963] 4LGKzrdEeBwR9UHCGlDT0W
[0.389, 0.612, 4, -6.392, 0.0355, 0.00154, 1.03e-05, 0.116, 0.16, 138.351] 4P4s2KHOw0uISbLI3zkHtD
[0.502, 0.934, 7, -5.145, 0.05, 0.00203, 0.00102, 0.234, 0.67, 134.898] 1vziI0NCJKrqKiG94COHBa
[0.586, 0.858, 9, -5.254, 0.0313, 0.00481, 0.469, 0.238, 0.278, 122.996] 7dIh8FF0EzYKS8STv3v4F4
[0.74, 0.315, 7, -8.31, 0.0263, 0.739, 0.00024, 0.106, 0.403, 106.212] 11UCYTNMwm8tCj5Rbssfk8
[0.446, 0.152, 0, -14.579, 0.039, 0.819, 0.0222, 0.1, 0.111, 105.212] 2fDVMNQmFuMORDD3dP7GkN
