[0.448, 0.111, 10, -20.606, 0.0353, 0.991, 0.898, 0.0974, 0.0755, 74.76] 6iL0pob2CNH1KNXPsSl9Fo
[0.326, 0.0993, 7, -22.496, 0.072, 0.988, 0.916, 0.108, 0.417, 137.274] 5mRrklQD0rvuN6sV10HfPn
[0.223, 0.183, 9, -20.917, 0.0491, 0.988, 0.918, 0.103, 0.186, 71.934] 7JcglYj6qk3QPQSXPR9UVk
[0.286, 0.13, 1, -18.939, 0.0396, 0.981, 0.947, 0.119, 0.219, 79.816] 0mH9l3C0C3WTV4AhusmsMy
[0.23, 0.217, 10, -13.464, 0.0386, 0.989, 0.892, 0.0844, 0.156, 157.084] 4eYaDRhiL5iesFp2EuoODr
[0.285, 0.00323, 1, -31.788, 0.0428, 0.989, 0.944, 0.0705, 0.0399, 65.585] 4IGX4UOFxzRcRUaxC6PlIz
[0.252, 0.0691, 2, -26.124, 0.0506, 0.988, 0.917, 0.0998, 0.249, 150.221] 63v692IwILVoaGYLuW9KNp
[0.169, 0.0161, 9, -31.034, 0.0442, 0.986, 0.86, 0.0805, 0.0573, 128.143] 0jOnZhF75V68VsBObWx2XO
[0.155, 0.192, 2, -17.664, 0.0398, 0.946, 0.883, 0.101, 0.0565, 104.978] 2fXvAWQlomB2ZUfHPSqi5S
[0.148, 0.00261, 6, -36.152, 0.0367, 0.991, 0.918, 0.111, 0.0762, 68.931] 1Uld5u6GAksDqd6K8xnmGS
[0.314, 0.02, 4, -31.319, 0.0427, 0.995, 0.885, 0.0868, 0.307, 105.15] 4FddKCeFq1J6ALw9ZZ2P8U
[0.23, 0.0762, 7, -21.831, 0.0461, 0.987, 0.768, 0.0714, 0.0783, 73.227] 5jjYKNzTE6iTWK6Xr6n3uj
[0.433, 0.00824, 10, -29.236, 0.0516, 0.995, 0.886, 0.0742, 0.0807, 62.597] 2xEVhZew6VihAm4buanz2P
[0.406, 0.00645, 7, -32.739, 0.0453, 0.994, 0.935, 0.0895, 0.111, 59.156] 6jZj45D2jdR6fMEb58TlSc
[0.378, 0.0156, 0, -24.81, 0.0636, 0.986, 0.64, 0.142, 0.305, 125.348] 3T8qOmff5srzOHa14uTfKA
[0.507, 0.19, 8, -15.628, 0.0639, 0.987, 0.907, 0.11, 0.118, 179.221] 3WDjj4qNiMlArMHZFt9WyQ
[0.14, 0.248, 7, -14.361, 0.0456, 0.964, 0.929, 0.109, 0.0786, 76.286] 1y2VTYeE7Glc4UQF9kvuzj
[0.401, 0.0133, 11, -31.385, 0.0447, 0.996, 0.899, 0.0921, 0.066, 102.819] 40pWXzf0b893V7qfuU8w88
[0.209, 0.00299, 2, -33.974, 0.0491, 0.992, 0.955, 0.104, 0.039, 66.685] 4b59u2E74KcDuyHCRBkf5v
[0.228, 0.00272, 0, -38.686, 0.0496, 0.973, 0.0926, 0.0774, 0.0738, 66.941] 28LqsmaDKXDDzqhiAYqLzZ
[0.408, 0.0293, 7, -28.517, 0.0614, 0.981, 0.889, 0.135, 0.439, 116.383] 31CvpPHo8u00TmTzmUKZIO
[0.43, 0.00236, 7, -35.495, 0.0794, 0.995, 0.932, 0.0926, 0.371, 173.332] 7vuj72WTNRJfNaOBU4dTh1
[0.444, 0.0337, 3, -25.403, 0.0464, 0.994, 0.947, 0.115, 0.136, 116.073] 3NuBDQAPmxUbcbjY9lDggG
[0.371, 0.0229, 0, -22.241, 0.0477, 0.993, 0.911, 0.11, 0.141, 72.21] 6ljcjizmdPBfA8ltCtpqzb
[0.453, 0.0385, 9, -28.125, 0.0392, 0.995, 0.908, 0.0797, 0.155, 97.682] 7JCmSCrBUS9sebn2FjxWKB
[0.292, 0.101, 7, -19.78, 0.0376, 0.966, 0.896, 0.115, 0.04, 84.421] 3R3fvU2tZkS37H0tYjiOyQ
[0.436, 0.103, 6, -21.921, 0.0551, 0.994, 0.942, 0.174, 0.116, 95.03] 0eN0X7wnKFSHGk1YVowa48
[0.418, 0.269, 5, -11.773, 0.0342, 0.984, 0.867, 0.0983, 0.168, 135.92] 06XspRiZpjqVdXVdJNVxzB
[0.327, 0.00563, 8, -36.248, 0.0374, 0.993, 0.882, 0.115, 0.048, 67.351] 46kSY1nOCYLJVmTuC6cuHD
[0.237, 0.205, 7, -17.381, 0.0459, 0.937, 0.948, 0.638, 0.0704, 79.707] 6kiUS9iifCJEucumjIIArI
[0.194, 0.144, 2, -21.586, 0.0501, 0.971, 0.922, 0.0967, 0.043, 172.819] 0DaLmo1JEiiob5yWevJNxH
[0.212, 0.0458, 5, -13.128, 0.0431, 0.996, 0.845, 0.11, 0.247, 76.854] 1EJ3Bt8YMSzZWHmZomDTef
[0.361, 0.062, 2, -27.905, 0.0439, 0.987, 0.931, 0.102, 0.363, 109.682] 06MWWxWRuBtYxcJP71tN0q
[0.337, 0.0101, 5, -35.036, 0.0448, 0.991, 0.715, 0.102, 0.141, 136.719] 485ieTlwT0v8RalwQUtl19
[0.376, 0.00579, 5, -31.615, 0.0576, 0.996, 0.944, 0.0882, 0.0369, 71.827] 6fA0ItjPMuHOlmkeVpwU2w
[0.455, 0.00887, 4, -32.354, 0.0536, 0.994, 0.9, 0.0668, 0.413, 74.616] 3Ivf7gyRe76ob9VW45ilJj
[0.281, 0.0131, 9, -28.85, 0.0361, 0.99, 0.921, 0.0875, 0.0741, 72.744] 3iGGRjfZXYoYqYxNEYYbBX
[0.374, 0.113, 7, -20.557, 0.0529, 0.992, 0.917, 0.106, 0.0419, 95.007] 4imyXxsul98cYFhQyN4D6y
[0.0829, 0.0107, 9, -39.295, 0.0435, 0.983, 0.106, 0.0607, 0.0328, 83.142] 2dz4Rdp2hxzGbFoEuzfkzn
[0.252, 0.193, 5, -17.863, 0.0447, 0.971, 0.949, 0.108, 0.184, 82.903] 35pO11yyhKYnOv9L8pLwa8
[0.193, 0.0973, 2, -20.387, 0.0381, 0.981, 0.836, 0.0886, 0.0377, 119.465] 0Z81WpSPWqDIJeh7NRqAKI
[0.254, 0.0163, 2, -28.818, 0.0451, 0.979, 0.101, 0.0872, 0.18, 73.977] 424Na7LnxGnIbBH4wAtX0H
[0.0513, 0.0642, 9, -30.474, 0.0467, 0.971, 0.881, 0.0769, 0.225, 73.831] 0uBN8MWZDnMsFEGOIeDz44
[0.218, 0.0474, 7, -27.844, 0.0403, 0.926, 0.785, 0.138, 0.152, 113.551] 79pNCP7uoLzufikP6QjTkV
[0.157, 0.0114, 1, -27.428, 0.0469, 0.98, 0.081, 0.0655, 0.0304, 135.001] 6WYAMMtzTa8J3EMqWz8mdL
[0.179, 0.158, 0, -17.727, 0.0426, 0.725, 0.828, 0.13, 0.0375, 72.207] 1eeRBdZ22KoULKkPmLK5Kc
[0.144, 0.0615, 1, -20.882, 0.0404, 0.989, 0.915, 0.0927, 0.0374, 76.286] 6d8j9f2dBHjsLURCsGO55B
[0.118, 0.0191, 2, -23.86, 0.0452, 0.988, 0.8, 0.0927, 0.0766, 90.678] 7adKM9jXaCfnXFxOeZf0OE
[0.567, 0.00775, 9, -39.695, 0.129, 0.996, 0.944, 0.0654, 0.381, 77.566] 4oOIflViMVttUskTUOSC3Y
[0.171, 0.0717, 0, -24.973, 0.0524, 0.839, 0.766, 0.131, 0.146, 76.582] 3vWrAdF7h3LN4skYdJydQD
[0.162, 0.0345, 4, -20.703, 0.0403, 0.978, 0.897, 0.181, 0.0355, 138.977] 5c3QaDCLg5clINbXr3rTME
[0.102, 0.032, 4, -26.785, 0.044, 0.98, 0.933, 0.079, 0.0368, 69.523] 6TedhhLVDmgASTFtvGDe0L
[0.151, 0.121, 4, -25.046, 0.0536, 0.799, 0.0851, 0.0775, 0.0726, 88.935] 30LiWXN5RbJWVWUYxe4k8s
[0.21, 0.365, 3, -15.199, 0.0527, 0.843, 0.636, 0.0943, 0.0828, 84.816] 2kvOUrXzIvXxBp5u9vtPIA
[0.448, 0.111, 10, -20.606, 0.0353, 0.991, 0.898, 0.0974, 0.0755, 74.76] 1dWxSS2a93X4XVfs1mSYkB
[0.507, 0.19, 8, -15.628, 0.0639, 0.987, 0.907, 0.11, 0.118, 179.221] 3WDjj4qNiMlArMHZFt9WyQ
[0.33, 0.528, 5, -9.412, 0.0322, 0.874, 0.85, 0.302, 0.293, 139.917] 70SEaZTmoHrxBoz62c6lhu
[0.326, 0.0993, 7, -22.496, 0.072, 0.988, 0.916, 0.108, 0.417, 137.274] 5mRrklQD0rvuN6sV10HfPn
[0.132, 0.0195, 0, -29.76, 0.0445, 0.993, 0.888, 0.0569, 0.14, 81.616] 2kyEgPaAW8wdpvevPnkf0Z
[0.361, 0.062, 2, -27.905, 0.0439, 0.987, 0.931, 0.102, 0.363, 109.682] 06MWWxWRuBtYxcJP71tN0q
[0.412, 0.218, 0, -18.843, 0.0323, 0.993, 0.869, 0.0961, 0.0661, 94.289] 28g4E4TTsknsARmsO5A5S4
[0.253, 0.202, 2, -18.462, 0.0362, 0.906, 0.963, 0.403, 0.302, 93.184] 1Tk3SUk1XycYWT311uRe8Q
[0.228, 0.252, 7, -14.994, 0.0336, 0.947, 0.949, 0.102, 0.0994, 97.543] 2mRzR5As98D4UWLIH3v5Rl
[0.176, 0.123, 5, -26.343, 0.0371, 0.807, 0.9, 0.0963, 0.0381, 119.994] 4yvZmwaE0RUvcD1aCXzM9M
[0.189, 0.0579, 3, -16.665, 0.0414, 0.991, 0.748, 0.104, 0.145, 71.512] 76vpjsz9JbD4qsSyVScMDq
[0.549, 0.122, 9, -18.079, 0.04, 0.99, 0.924, 0.114, 0.0398, 135.458] 5I893Y0mB5DDezEbJQSRGs
[0.428, 0.0756, 0, -21.777, 0.0396, 0.992, 0.933, 0.109, 0.0577, 75.841] 0Pgkq5UtJgK1dG0dvIN0Fv
[0.5, 0.015, 5, -31.658, 0.0422, 0.982, 0.87, 0.0906, 0.215, 115.25] 7eL7yfCL9hs0mAW6B5Rfmg
[0.371, 0.0229, 0, -22.241, 0.0477, 0.993, 0.911, 0.11, 0.141, 72.21] 6ljcjizmdPBfA8ltCtpqzb
[0.17, 0.274, 7, -14.759, 0.046, 0.924, 0.882, 0.113, 0.0394, 78.858] 6KOBMsYaTl9ehUTF3NcX3c
[0.266, 0.0212, 0, -34.496, 0.0416, 0.993, 0.894, 0.0847, 0.265, 72.177] 3IXGkfKL3hFA7GZ2S5p0HQ
[0.23, 0.217, 10, -13.464, 0.0386, 0.989, 0.892, 0.0844, 0.156, 157.084] 0E0xI4AgMNU7UkwBt3FCVN
[0.453, 0.0452, 8, -27.344, 0.0446, 0.993, 0.936, 0.0975, 0.093, 132.226] 6388HGab7WTMCCJYYtHQ2z
[0.246, 0.0833, 9, -25.533, 0.0488, 0.992, 0.915, 0.0883, 0.161, 92.413] 17kTjPCSx2WsrWDuvvUDt8
[0.429, 0.258, 7, -16.967, 0.0549, 0.957, 0.893, 0.115, 0.0972, 78.809] 3Dgmyz32dxvtxvUTPS0CUI
[0.397, 0.0172, 5, -26.724, 0.0439, 0.994, 0.904, 0.114, 0.156, 115.668] 34AKDbfFkFbpLHO74EyV8T
[0.508, 0.324, 0, -16.532, 0.0393, 0.988, 0.854, 0.119, 0.13, 122.684] 6YsT9qiuma7Va2plkkjSw1
[0.43, 0.00236, 7, -35.495, 0.0794, 0.995, 0.932, 0.0926, 0.371, 173.332] 7vuj72WTNRJfNaOBU4dTh1
[0.113, 0.034, 4, -32.991, 0.0475, 0.883, 0.204, 0.0865, 0.133, 181.306] 0z3SZVPIfl1TGHpyyye6oi
[0.289, 0.0306, 9, -30.79, 0.0446, 0.987, 0.911, 0.102, 0.118, 125.61] 3vKuqqPVclNrnaTRG1ycQR
[0.566, 0.211, 10, -19.529, 0.0425, 0.986, 0.916, 0.11, 0.229, 139.924] 3Jj5Jho1NVrUXi9j6Nunf1
[0.232, 0.142, 7, -19.339, 0.0415, 0.988, 0.895, 0.113, 0.297, 169.835] 6bpsmIyYGFBkNYooj595ji
[0.282, 0.149, 10, -27.872, 0.0415, 0.993, 0.883, 0.117, 0.462, 91.09] 6jYl96tQY0lsG1tZtACDZx
[0.356, 0.155, 5, -17.951, 0.036, 0.959, 0.929, 0.111, 0.128, 133.251] 1RhNCsoel7Tz5VQm8t6qo2
[0.326, 0.0239, 2, -26.397, 0.0561, 0.992, 0.362, 0.209, 0.161, 57.69] 1WSwBOF7SM9LwM9nx2LWVw
[0.317, 0.00905, 2, -26.627, 0.0406, 0.971, 0.658, 0.286, 0.238, 125.382] 5MgjArL3UZx23VQGbpAPbE
[0.286, 0.13, 1, -18.939, 0.0396, 0.981, 0.947, 0.119, 0.219, 79.816] 0mH9l3C0C3WTV4AhusmsMy
[0.414, 0.105, 10, -22.523, 0.0476, 0.995, 0.892, 0.0934, 0.14, 150.28] 3LQwGnHo2iHiRGbLl5aPXQ
[0.35, 0.0303, 9, -26.407, 0.0415, 0.99, 0.928, 0.147, 0.305, 110.786] 56NPOuOGTYiLKGhuC8CNRJ
[0.345, 0.0534, 6, -24.109, 0.03, 0.976, 0.892, 0.112, 0.27, 143.742] 0pDvI7nE1VQ6McDEgqaTrV
[0.387, 0.0225, 7, -20.961, 0.0569, 0.976, 0.908, 0.0912, 0.119, 119.532] 2OT0D7g8Y0CotmE5DYcbvy
[0.14, 0.248, 7, -14.361, 0.0456, 0.964, 0.929, 0.109, 0.0786, 76.286] 1y2VTYeE7Glc4UQF9kvuzj
[0.408, 0.0293, 7, -28.517, 0.0614, 0.981, 0.889, 0.135, 0.439, 116.383] 31CvpPHo8u00TmTzmUKZIO
[0.265, 0.0156, 11, -31.633, 0.045, 0.987, 0.949, 0.365, 0.0359, 71.978] 2pjVc5p0WErAQX26ogtYdQ
[0.259, 0.0201, 9, -25.857, 0.0344, 0.989, 0.873, 0.102, 0.144, 58.495] 3aiEQFwGBPX7tfvyx7L7ys
[0.436, 0.103, 6, -21.921, 0.0551, 0.994, 0.942, 0.174, 0.116, 95.03] 0eN0X7wnKFSHGk1YVowa48
[0.209, 0.163, 9, -17.729, 0.039, 0.96, 0.836, 0.146, 0.121, 130.813] 2ePw9WuHnM4XMosq81MvVM
[0.287, 0.292, 9, -19.285, 0.0541, 0.968, 0.978, 0.09, 0.346, 145.703] 3xr8COed4nPPn6XWZ0iCGr
[0.119, 0.146, 5, -21.009, 0.0385, 0.737, 0.842, 0.183, 0.04, 84.176] 1UACBciJIALcsix15WJ7Vc
[0.278, 0.00448, 1, -32.897, 0.0528, 0.993, 0.926, 0.0579, 0.0391, 70.871] 1p6E7j1YIlrJ82hOoG1OM4
[0.169, 0.00802, 5, -28.629, 0.051, 0.993, 0.829, 0.0718, 0.0783, 181.221] 6wUznuTYOoSU8KGZ6CVGMA
[0.417, 0.184, 2, -11.3, 0.037, 0.574, 0.859, 0.137, 0.296, 109.459] 1uC8D2peyTZAL8NjfnBj1D
[0.448, 0.0052, 4, -36.512, 0.0564, 0.995, 0.88, 0.0698, 0.0398, 62.171] 1juisCcrVdwoLbDWyVvNrX
[0.353, 0.206, 9, -16.771, 0.0336, 0.973, 0.894, 0.114, 0.0393, 127.963] 4zCied5aTF214M3Ly2kw7G
[0.549, 0.124, 9, -16.713, 0.032, 0.981, 0.927, 0.109, 0.0798, 79.906] 37VCPePaHSM2GxHWEt6ffp
[0.197, 0.0216, 6, -26.593, 0.0412, 0.987, 0.939, 0.0675, 0.0393, 90.132] 2eSK6jy4LLth6hLBvYptJl
[0.483, 0.185, 7, -16.786, 0.0459, 0.991, 0.942, 0.129, 0.14, 139.807] 6dkiVnH6l01dOmxIHzW3bg
[0.148, 0.283, 0, -14.84, 0.0388, 0.962, 0.889, 0.171, 0.15, 86.018] 5QfaUrfaiJmIH2sCujtGF6
[0.387, 0.0175, 10, -27.615, 0.0412, 0.966, 0.00896, 0.0825, 0.267, 162.671] 22u8Sy1jzQzJWuVrD9djwj
[0.0837, 0.11, 7, -22.459, 0.0446, 0.935, 0.825, 0.117, 0.0393, 171.817] 2XIiIZQnNV1ss0t9N5v4Hi
[0.148, 0.00261, 6, -36.152, 0.0367, 0.991, 0.918, 0.111, 0.0762, 68.931] 1Uld5u6GAksDqd6K8xnmGS
[0.501, 0.0775, 8, -20.061, 0.0455, 0.99, 0.95, 0.118, 0.132, 127.314] 7s5P5uFz2xEukDvMJ1xSEg
[0.0785, 0.215, 5, -17.233, 0.036, 0.959, 0.935, 0.0925, 0.0403, 78.427] 6t52BHKOeX3os9AxPqET1R
[0.251, 0.0802, 7, -24.034, 0.0547, 0.984, 0.809, 0.165, 0.199, 80.164] 6sp6BwJCvTDRE0HIKBSYxk
[0.209, 0.00299, 2, -33.974, 0.0491, 0.992, 0.955, 0.104, 0.039, 66.685] 4b59u2E74KcDuyHCRBkf5v
[0.557, 0.0958, 8, -18.457, 0.0542, 0.99, 0.872, 0.145, 0.202, 112.819] 4qto2kJITIHyE086P4WtkU
[0.183, 0.0312, 11, -22.664, 0.0416, 0.989, 0.906, 0.0838, 0.0959, 79.28] 74HDtVEO05wv3FYpysBHHv
[0.339, 0.00527, 7, -38.406, 0.0387, 0.988, 0.888, 0.079, 0.0993, 90.473] 0rIrhciGzAHjBA2y2tQlI2
[0.397, 0.0137, 2, -29.383, 0.0542, 0.994, 0.916, 0.0847, 0.0399, 71.256] 5fGDVELBhwGGXgfsaJiWgD
[0.171, 0.238, 0, -14.916, 0.0358, 0.968, 0.928, 0.115, 0.0987, 105.304] 23gAoPwAbX4EjGuXImSXSi
[0.226, 0.193, 10, -23.194, 0.0398, 0.958, 0.816, 0.262, 0.225, 136.522] 41ep17sTXJZNalfNbLQ048
[0.108, 0.224, 2, -18.621, 0.047, 0.896, 0.893, 0.103, 0.105, 66.203] 6RPHuiQjLKtTnh2BOH9v2E
[0.258, 0.0703, 0, -21.879, 0.0323, 0.914, 0.938, 0.111, 0.346, 91.611] 5pZ8NKmr5yKc78NrxhEyVR
[0.538, 0.00808, 7, -35.85, 0.0939, 0.995, 0.922, 0.0762, 0.281, 103.729] 7gzsp9dv8bKRq8gnK6NzmS
[0.41, 0.0651, 5, -18.343, 0.0541, 0.994, 0.933, 0.109, 0.0913, 175.176] 1W7s5YCGMVFoznpLdnAfy5
[0.232, 0.0892, 2, -17.934, 0.0385, 0.986, 0.892, 0.0791, 0.103, 79.675] 3FvgjfERD2q146UmzjNTc4
[0.212, 0.06, 8, -22.014, 0.0419, 0.988, 0.944, 0.101, 0.0351, 56.548] 3RBnXSQE09YZN8GWDQFsgu
[0.169, 0.0161, 9, -31.034, 0.0442, 0.986, 0.86, 0.0805, 0.0573, 128.143] 0jOnZhF75V68VsBObWx2XO
[0.15, 0.0493, 5, -23.149, 0.0372, 0.978, 0.909, 0.0952, 0.067, 181.665] 0igLGiKYSIoFoXRllbPvfe
[0.519, 0.165, 0, -19.028, 0.0317, 0.991, 0.947, 0.136, 0.224, 100.055] 2zlfbhaKlYE45y5LyJawmh
[0.386, 0.0478, 9, -19.97, 0.0586, 0.992, 0.937, 0.112, 0.304, 74.81] 6cHA8D6uwwAGqOYxzUiv9v
[0.156, 0.0167, 2, -30.526, 0.0393, 0.991, 0.801, 0.0987, 0.0395, 166.362] 3UbkxJ0T9beSr82DPrQizX
[0.362, 0.208, 9, -12.478, 0.0398, 0.928, 0.906, 0.11, 0.299, 77.305] 6VMLTjHtZc6QPt0RcWPUOJ
[0.376, 0.00579, 5, -31.615, 0.0576, 0.996, 0.944, 0.0882, 0.0369, 71.827] 6fA0ItjPMuHOlmkeVpwU2w
[0.197, 0.0527, 7, -24.809, 0.0432, 0.991, 0.945, 0.0731, 0.0386, 82.876] 3ZYIIUaTnqIox0MS5r6Y74
[0.525, 0.112, 9, -16.315, 0.0442, 0.991, 0.925, 0.0977, 0.0897, 135.982] 6R4Btdwl7xTsxquilaVkIw
[0.174, 0.122, 6, -16.03, 0.0401, 0.97, 0.895, 0.102, 0.0398, 117.352] 3fRiEjy20oa5hy6JCBJbYe
[0.165, 0.0136, 3, -30.763, 0.0507, 0.976, 0.562, 0.0966, 0.0713, 99.169] 4Gb7QMlNFmq00JsoRYcNfl
[0.419, 0.0121, 9, -20.516, 0.0606, 0.989, 0.932, 0.0761, 0.332, 130.344] 24zx9El6ngLPt6F4igcrbH
[0.187, 0.25, 2, -16.156, 0.0394, 0.685, 0.0338, 0.0945, 0.0897, 90.676] 21rKK1lBgAMGqCShuqUyOf
[0.574, 0.0792, 4, -19.404, 0.0296, 0.974, 0.91, 0.101, 0.165, 104.468] 4TgnE8P8swQ0QwN9CPsVAQ
[0.125, 0.00615, 6, -37.308, 0.0365, 0.991, 0.887, 0.0802, 0.0585, 70.116] 2iKBwP3nXg9EtaW6IckERw
[0.453, 0.0385, 9, -28.125, 0.0392, 0.995, 0.908, 0.0797, 0.155, 97.682] 7JCmSCrBUS9sebn2FjxWKB
[0.52, 0.0272, 3, -26.404, 0.0511, 0.987, 0.906, 0.108, 0.545, 70.299] 3eOngKiYIgmNzoegICdswB
[0.5, 0.0104, 2, -26.764, 0.0622, 0.996, 0.949, 0.0573, 0.133, 114.76] 4ksxLnn1ymLGRKnwhba45Y
[0.221, 0.00921, 4, -34.063, 0.0384, 0.995, 0.901, 0.0837, 0.105, 138.205] 2ZoSiPSkWqz36Qqtl940zr
[0.299, 0.0319, 2, -30.624, 0.0603, 0.994, 0.928, 0.105, 0.0975, 105.922] 1Zv6RyHM08gyC4qvOlCZUL
[0.522, 0.0704, 0, -17.239, 0.0658, 0.991, 0.939, 0.108, 0.223, 128.827] 77nRDRPHDWe6h8DiujshtU
[0.211, 0.169, 0, -21.761, 0.0367, 0.735, 0.936, 0.0985, 0.0466, 49.654] 0K9XD6kV0t9JTbk5w5TdUX
[0.187, 0.0306, 5, -27.399, 0.0404, 0.991, 0.968, 0.0979, 0.036, 96.639] 05yzhEWkmVXiigqWfcNTQS
[0.132, 0.0378, 6, -24.596, 0.0461, 0.992, 0.878, 0.0971, 0.128, 177.931] 5MbhmnLkvcZDnUSsx2JJk6
[0.372, 0.00297, 6, -31.65, 0.057, 0.995, 0.951, 0.0587, 0.226, 89.567] 5ZPbqdt0JiuUnxHUyEeKLg
[0.341, 0.00393, 8, -39.003, 0.0433, 0.994, 0.919, 0.106, 0.263, 124.66] 6rekxn9Gvk1ORkU9o7yLBO
[0.549, 0.111, 4, -18.401, 0.0575, 0.986, 0.935, 0.0853, 0.238, 110.702] 3ZHydjpcOhKsqBFpt4y8PI
[0.472, 0.0584, 0, -22.632, 0.0383, 0.989, 0.876, 0.11, 0.158, 104.461] 6WPFpbZ1hTIUtFGFTYOXpl
[0.319, 0.163, 5, -15.653, 0.0623, 0.981, 0.923, 0.112, 0.169, 163.209] 2PSARXIFrABbd5wil6ogJ9
[0.0818, 0.0218, 0, -28.778, 0.0409, 0.965, 0.841, 0.104, 0.0616, 172.879] 4Weo3vMehKR84QR3gEgwm8
[0.451, 0.0992, 2, -22.819, 0.0433, 0.993, 0.913, 0.0966, 0.531, 114.751] 4IgbTmv3HX25PJoSRBURjR
[0.482, 0.177, 4, -16.019, 0.0528, 0.979, 0.932, 0.121, 0.177, 123.526] 13UfniDYquDjMTLHdeEPWe
[0.319, 0.00393, 0, -37.503, 0.0412, 0.994, 0.949, 0.0671, 0.0453, 70.628] 5VdS3Hg0XeCWBNRkhT53ew
[0.453, 0.159, 0, -18.896, 0.038, 0.987, 0.957, 0.1, 0.182, 112.614] 7qcO2OdezDWyhNV8j9p3m2
[0.314, 0.0157, 1, -36.252, 0.0356, 0.991, 0.916, 0.134, 0.0939, 95.89] 1lOVilzLQuYY2fnFrQ76DK
[0.372, 0.0709, 8, -19.146, 0.0467, 0.993, 0.949, 0.104, 0.12, 164.653] 77OfUElb1qTM1txv6oH3O1
[0.321, 0.0822, 7, -19.555, 0.0334, 0.991, 0.924, 0.128, 0.102, 74.093] 5nmsFfHXPb8J5MnafFmQ7o
[0.374, 0.113, 7, -20.557, 0.0529, 0.992, 0.917, 0.106, 0.0419, 95.007] 4imyXxsul98cYFhQyN4D6y
[0.462, 0.126, 5, -19.819, 0.0555, 0.992, 0.945, 0.157, 0.148, 75.361] 4ra39jk1NXruq64mCqrKAc
[0.269, 0.00856, 1, -29.686, 0.0367, 0.991, 0.913, 0.132, 0.0808, 70.131] 66QFC1l8Oe1bKSLdZYwr9B
[0.432, 0.267, 5, -17.26, 0.0474, 0.918, 0.917, 0.086, 0.485, 127.763] 6pSrjr3DNEjtK2fp47b05H
[0.306, 0.176, 8, -18.862, 0.0471, 0.976, 0.916, 0.111, 0.233, 147.272] 0zzlimCBvlYTBxySIWFPRX
[0.3, 0.245, 7, -12.223, 0.0429, 0.962, 0.902, 0.115, 0.496, 96.813] 0AOvD8LrdeDVDaLzSB7YsM
[0.362, 0.0158, 0, -33.777, 0.0406, 0.993, 0.934, 0.108, 0.331, 70.859] 2NPoTBCs2YKz4jxxyNRuJf
[0.324, 0.0333, 11, -27.409, 0.0436, 0.993, 0.93, 0.099, 0.163, 97.125] 4HQhrSV6l2lxs7KZxOWCC1
[0.538, 0.0416, 8, -25.889, 0.0399, 0.941, 0.915, 0.109, 0.16, 59.173] 7qfuAHc88ZCpkVh5nCbcE5
[0.563, 0.0788, 4, -20.174, 0.0409, 0.994, 0.922, 0.112, 0.151, 123.997] 6tOI25A4elcvCXwMLbdF7Y
[0.312, 0.00198, 3, -38.245, 0.0534, 0.995, 0.947, 0.0909, 0.122, 75.291] 7wyC0Lz81oZo91NGH8zHq2
[0.33, 0.0815, 9, -19.277, 0.0356, 0.956, 0.969, 0.0907, 0.0389, 135.169] 6TPw1o9LBXU2Afbg6u4QPQ
[0.315, 0.152, 11, -15.952, 0.0566, 0.987, 0.936, 0.143, 0.234, 81.178] 0bugfVBn7nP2jIbjs1Fl7Y
[0.24, 0.011, 5, -36.134, 0.0463, 0.995, 0.853, 0.0796, 0.161, 63.033] 7gycwUycYbjSidIazG5PfL
[0.327, 0.0733, 9, -20.667, 0.04, 0.946, 0.913, 0.339, 0.0384, 137.139] 7eTDwpm5XKKssoMhMbo67y
[0.305, 0.00522, 9, -23.633, 0.143, 0.995, 0.9, 0.0596, 0.036, 67.727] 1ZK0nmqABJNmLMES0NovUV
[0.34, 0.149, 0, -18.16, 0.0437, 0.657, 0.00491, 0.138, 0.248, 104.839] 0rbLwE28ejXKqJLgxCuS6K
[0.406, 0.134, 10, -19.338, 0.0366, 0.893, 0.818, 0.123, 0.203, 121.792] 5Rv5iKvwNRrfi0VeGZ6Q7x
[0.246, 0.00592, 2, -38.92, 0.0466, 0.993, 0.898, 0.067, 0.0696, 65.342] 0vqNv43ZdOMGwq6ZZiRBEH
[0.466, 0.159, 11, -14.627, 0.0436, 0.975, 0.916, 0.11, 0.137, 132.569] 5sZElmXKLwx4EdhvBYZvBC
[0.3, 0.0132, 7, -33.472, 0.0387, 0.995, 0.871, 0.0917, 0.0934, 83.693] 7oVbUYJLIcNnB0ETXLVrvh
[0.294, 0.00684, 4, -29.3, 0.047, 0.993, 0.939, 0.0616, 0.055, 49.792] 1EwvP4mPzurPA5axgvUoM6
[0.454, 0.0139, 4, -29.966, 0.0514, 0.995, 0.943, 0.0736, 0.244, 130.253] 5bu9A6uphPWg39RC3ZKeku
[0.252, 0.197, 6, -17.642, 0.0597, 0.945, 0.949, 0.105, 0.27, 162.898] 6D23tNd0c1w8NVP5Uc2njg
[0.243, 0.00993, 4, -33.111, 0.0431, 0.994, 0.893, 0.1, 0.136, 168.758] 1fz5D2xY8W4CUXicAhvG5D
[0.32, 0.0575, 10, -28.05, 0.0441, 0.994, 0.908, 0.0758, 0.188, 132.109] 3aNRPjJKZdDP5mmD5Us5qL
[0.342, 0.0245, 3, -28.261, 0.0448, 0.992, 0.901, 0.106, 0.0849, 114.066] 6Y27Jxspe6k2qHAd6KJHGd
[0.38, 0.0842, 4, -30.289, 0.0402, 0.994, 0.841, 0.129, 0.532, 144.768] 4KuGb0cwL8KKSySLhS5F3H
[0.367, 0.0213, 1, -30.275, 0.0324, 0.992, 0.686, 0.106, 0.0995, 86.568] 6lPpszEzV7rE4KJujMYV86
[0.375, 0.00406, 7, -31.824, 0.0671, 0.994, 0.908, 0.0842, 0.358, 139.682] 02BumRY2OTFMkMxrXSVMat
[0.175, 0.0825, 9, -31.241, 0.0546, 0.994, 0.923, 0.0918, 0.154, 157.776] 66wyZC4RxaN7kpNY8mO3pn
[0.264, 0.0233, 1, -32.543, 0.0451, 0.993, 0.945, 0.103, 0.512, 145.794] 6FZ53SQb9creiKY4PDm5NF
[0.462, 0.182, 9, -21.617, 0.0497, 0.991, 0.887, 0.0828, 0.687, 90.478] 1REoiN5aLx1aNk2gWjM1Ld
[0.348, 0.0687, 4, -18.621, 0.0495, 0.992, 0.918, 0.0813, 0.188, 177.516] 44N88sNHQkshMjQsF2mJfG
[0.369, 0.00245, 2, -35.132, 0.0481, 0.995, 0.952, 0.0718, 0.0736, 96.613] 3Fxe1YhQPbltqNMADDDpRM
[0.276, 0.192, 8, -16.538, 0.0543, 0.991, 0.947, 0.125, 0.0777, 173.78] 7KJi2xxfLYVKHkmmTUhbT2
[0.541, 0.0112, 3, -24.44, 0.177, 0.996, 0.956, 0.181, 0.505, 74.301] 0tkzNwewExunrcknfrbEvI
[0.368, 0.202, 5, -23.873, 0.0364, 0.992, 0.896, 0.124, 0.835, 100.867] 3mK6uZ3sUo2ZOpU7EuKqsG
[0.396, 0.00854, 4, -30.096, 0.0768, 0.994, 0.928, 0.084, 0.0774, 63.516] 3Ab2FlAiubuhaXQHPXZxm0
[0.401, 0.0429, 2, -30.223, 0.0379, 0.993, 0.913, 0.0982, 0.226, 69.027] 4n0sDUR5L1Appw011Uj9gs
[0.157, 0.00296, 9, -42.117, 0.0405, 0.991, 0.852, 0.0866, 0.0393, 172.639] 6xpxh32vZI09GIVUc9j801
[0.342, 0.0989, 5, -17.186, 0.0449, 0.992, 0.955, 0.101, 0.186, 108.246] 0j58yLqW56FurCtgSDeWtZ
[0.265, 0.0322, 11, -27.297, 0.0408, 0.94, 0.94, 0.153, 0.074, 75.616] 4rRwgnpIFWqpf7fRztfwsX
[0.138, 0.0337, 2, -27.266, 0.0476, 0.989, 0.974, 0.1, 0.181, 72.134] 0P7UwPB9vL74bD6gzYaKIu
[0.0627, 0.0717, 3, -20.986, 0.0394, 0.966, 0.854, 0.119, 0.0374, 68.3] 7zVVB70NVYOQA9v6hLI72W
[0.479, 0.0242, 5, -20.151, 0.047, 0.993, 0.965, 0.11, 0.157, 136.437] 5kvy7YAXJaGrG5FvUwv2Nq
[0.281, 0.0131, 9, -28.85, 0.0361, 0.99, 0.921, 0.0875, 0.0741, 72.744] 3iGGRjfZXYoYqYxNEYYbBX
[0.203, 0.104, 2, -22.281, 0.032, 0.851, 0.0255, 0.279, 0.128, 100.78] 3q4Y3PqfJUFCIxaSA0H0Aa
[0.297, 0.06, 8, -26.92, 0.0357, 0.994, 0.903, 0.105, 0.0641, 113.755] 1P5LXjpV8a5GsnMtvqaZ88
[0.17, 0.104, 2, -17.169, 0.0445, 0.954, 0.784, 0.193, 0.079, 112.161] 4Tk8vNVQfIzlNsAHz4BN6l
[0.449, 0.0378, 11, -31.383, 0.0373, 0.992, 0.951, 0.141, 0.168, 83.757] 5olY8yO9tGgPee9xNasVpN
[0.339, 0.0233, 5, -27.004, 0.0595, 0.995, 0.879, 0.105, 0.0564, 71.241] 0P1lQfGgElilE8QLHR5BBU
[0.449, 0.105, 5, -17.547, 0.0484, 0.991, 0.947, 0.118, 0.197, 140.883] 01cPn4G79LtatXnwTql2FJ
[0.377, 0.0725, 0, -22.218, 0.0584, 0.993, 0.912, 0.174, 0.0472, 67.547] 6L6TuOAEZHf93tJULIjQrj
[0.499, 0.051, 2, -32.684, 0.0509, 0.995, 0.916, 0.0949, 0.56, 73.782] 6k0PPC5BDLBvkBcikB3BBv
[0.413, 0.0679, 2, -16.808, 0.0508, 0.992, 0.936, 0.124, 0.106, 146.346] 2piS58WNI6Qayi8ZYQGSZa
[0.554, 0.00581, 2, -31.374, 0.0746, 0.996, 0.957, 0.0571, 0.42, 109.884] 5g59bO2ANSSYKdltauM0WA
[0.494, 0.016, 10, -32.307, 0.0426, 0.995, 0.922, 0.136, 0.118, 98.224] 7wEql4SrP9nL5U4zxmcrVM
[0.51, 0.0885, 5, -27.083, 0.0676, 0.992, 0.88, 0.683, 0.396, 81.7] 6zzn6E0PT9kXZYkmDTOhGS
[0.52, 0.148, 7, -16.363, 0.0545, 0.928, 0.937, 0.105, 0.162, 96.771] 76uPQxLAUJF6mLl47loUnk
[0.175, 0.00886, 4, -32.144, 0.0457, 0.99, 0.883, 0.0867, 0.0336, 66.935] 4wKGetA5crT9tZhjqTLTka
[0.333, 0.134, 2, -23.563, 0.0601, 0.989, 0.928, 0.101, 0.0677, 152.544] 3kEzQNwz0SWn53UPX7rwS6
[0.288, 0.101, 11, -24.78, 0.0522, 0.992, 0.93, 0.0908, 0.0368, 77.531] 7KqUsJHKzB3cJYdGi4lq0H
[0.13, 0.229, 7, -23.479, 0.039, 0.993, 0.864, 0.16, 0.766, 95.995] 4rviMEL9aNZ4KcP9JpL3Wz
[0.0916, 0.104, 5, -20.199, 0.0407, 0.862, 0.897, 0.255, 0.0364, 86.803] 7zkHCFPDIRn31DRIiekNmh
[0.164, 0.149, 10, -17.711, 0.0414, 0.983, 0.938, 0.109, 0.0337, 95.359] 7ob1hDIwInykgIGVspdTjk
[0.243, 0.111, 7, -21.415, 0.0453, 0.959, 0.941, 0.106, 0.185, 143.278] 58I1vBvQyCzucuxkMl9Pwc
[0.358, 0.0161, 5, -26.069, 0.0471, 0.992, 0.948, 0.0861, 0.078, 67.332] 3TlcksVyTHDbF3BaxsiJJA
[0.292, 0.0332, 4, -26.977, 0.042, 0.973, 0.901, 0.0777, 0.23, 94.82] 28W5lTZMClVz9fLt6iiaJN
[0.355, 0.0443, 0, -24.512, 0.0355, 0.994, 0.882, 0.109, 0.149, 76.587] 2hNbUtLFQxp0uQ3fKju16M
[0.281, 0.0185, 0, -36.873, 0.0459, 0.996, 0.872, 0.102, 0.313, 76.383] 6ktfNaraJuHmJ3BNeRLw4o
[0.288, 0.212, 0, -21.625, 0.0304, 0.951, 0.927, 0.0903, 0.148, 139.186] 78u6bK6q6W42GafkUjHFSh
[0.453, 0.00715, 5, -33.859, 0.0709, 0.995, 0.931, 0.0647, 0.257, 135.407] 50VVlZROGaROAwNqAMxA6B
[0.426, 0.0249, 7, -27.846, 0.0321, 0.938, 0.869, 0.117, 0.259, 97.137] 4nh2Pp5dWsciJjMLfePYI7
[0.252, 0.0292, 4, -25.987, 0.0438, 0.992, 0.914, 0.0711, 0.0598, 125.572] 3WLqGgeJPPGSM2ZvOznDSr
[0.167, 0.0439, 0, -17.999, 0.0437, 0.948, 0.913, 0.0904, 0.0366, 76.877] 48bFgWuYofpZqmIxC82R8V
[0.0945, 0.057, 5, -24.673, 0.0476, 0.976, 0.403, 0.091, 0.0375, 67.598] 7Ly4vpc0e0JaqKIbCHtSHX
[0.286, 0.00636, 0, -32.601, 0.0426, 0.972, 0.283, 0.107, 0.102, 124.465] 08JqZxMgLW6Y8vyGYC6WJC
[0.219, 0.0279, 0, -32.223, 0.0476, 0.948, 0.741, 0.0767, 0.0952, 78.838] 1kcjdYPbav3SL5yz1doeWF
[0.0787, 0.0126, 2, -36.457, 0.0448, 0.988, 0.908, 0.112, 0.267, 34.856] 5w7zbR1ZV0Ee7tNFgVROwz
[0.348, 0.177, 4, -24.618, 0.0302, 0.953, 0.946, 0.1, 0.261, 103.858] 5xAiHNRN7YNM4BuZzfZ6Ao
[0.205, 0.00832, 3, -33.503, 0.0506, 0.989, 0.598, 0.104, 0.215, 77.781] 59cPOVxrn3Yjwydl1pullI
[0.365, 0.01, 1, -25.268, 0.0519, 0.995, 0.924, 0.0584, 0.0364, 135.048] 6kf7ZCJjEbjZXikivKOsvJ
[0.136, 0.0362, 4, -24.515, 0.0402, 0.969, 0.916, 0.125, 0.0364, 64.904] 5ib9giBSAv5Mcgr25qZtra
[0.283, 0.113, 2, -19.542, 0.0426, 0.974, 0.561, 0.22, 0.198, 98.162] 1TXJ6GZdDMnakAbSk1M7vV
[0.4, 0.0375, 1, -23.292, 0.0366, 0.991, 0.949, 0.108, 0.094, 121.836] 4u6YszxvyDjE9UoNCyJQmx
[0.23, 0.0592, 7, -23.594, 0.0445, 0.989, 0.941, 0.0906, 0.103, 89.965] 1Bdgn4nmMlADRQ6DPJh7UM
[0.393, 0.17, 9, -21.919, 0.0692, 0.995, 0.854, 0.105, 0.0691, 115.227] 1gVXTJVSekOTCH8hhibcqi
[0.312, 0.0268, 7, -26.537, 0.0369, 0.994, 0.885, 0.107, 0.188, 68.534] 5I6Fw45e8wOsNldU1kYPr4
[0.285, 0.142, 10, -22.301, 0.046, 0.991, 0.929, 0.109, 0.155, 115.612] 5TtM1IoaHk51lLEaIOagSz
[0.583, 0.0238, 0, -32.244, 0.0369, 0.994, 0.847, 0.103, 0.426, 108.74] 7iiOQHrIPuafVip6E9hIqZ
[0.484, 0.0111, 0, -36.334, 0.0384, 0.995, 0.878, 0.0556, 0.2, 121.708] 1gU5jNTPxkrF52O7vUTWzR
[0.406, 0.0963, 5, -26.651, 0.111, 0.937, 0.703, 0.139, 0.0563, 79.926] 6vSczg0UFMXkqpFJEE03Dr
[0.404, 0.0731, 5, -25.042, 0.0321, 0.984, 0.953, 0.104, 0.0566, 107.382] 6pdG1mJfMjVlMQXSUq1fJF
[0.354, 0.00717, 7, -23.13, 0.0413, 0.987, 0.671, 0.0959, 0.116, 80.518] 2akcJMRlaauR6M2q64Tc9j
[0.0764, 0.136, 5, -17.373, 0.0408, 0.939, 0.193, 0.245, 0.069, 63.115] 6d1NPNNXtUPmqdwg8bEGSo
[0.381, 0.0943, 0, -24.325, 0.04, 0.986, 0.915, 0.0906, 0.0794, 127.71] 0PCduL4v5QEEKqeRUv7TEC
[0.163, 0.196, 0, -16.515, 0.0577, 0.228, 0.766, 0.363, 0.0334, 90.56] 7hO4pYr7WwA0DfwmxFzJtq
[0.131, 0.122, 10, -20.571, 0.0342, 0.93, 0.933, 0.0917, 0.0383, 89.595] 3jS0Wdw1uvAgFroBI6LUfd
[0.221, 0.0777, 0, -24.752, 0.0417, 0.995, 0.875, 0.138, 0.0706, 132.738] 46sowCER8WKOuYQD0tuvWr
[0.467, 0.0152, 1, -25.448, 0.096, 0.993, 0.963, 0.1, 0.209, 73.418] 4tesNMsqVVoxUB9ZSeFzBG
[0.176, 0.0151, 3, -28.811, 0.0365, 0.989, 0.832, 0.0878, 0.164, 73.302] 0jk8nkN1oFIkiTDknoCEyC
[0.417, 0.0939, 6, -20.98, 0.0402, 0.984, 0.826, 0.0903, 0.0384, 84.241] 3H6kmfPVjIUEBE2nDypDqM
[0.178, 0.078, 7, -27.509, 0.04, 0.819, 0.944, 0.111, 0.0397, 79.558] 6dJnup5SONQ4YRV44eThsh
[0.326, 0.084, 5, -17.5, 0.0349, 0.635, 0.853, 0.177, 0.0373, 126.205] 0VcBeMHpiVgptTEE7Enxra
[0.266, 0.00361, 8, -29.735, 0.052, 0.995, 0.925, 0.0723, 0.0631, 94.861] 29S6PLRccSCyKozzwIik0J
[0.064, 0.299, 10, -12.341, 0.0343, 0.882, 0.829, 0.128, 0.0374, 66.667] 56VXudU7PvM8WJccxCjlTj
[0.155, 0.0666, 11, -24.501, 0.0454, 0.415, 0.637, 0.264, 0.0545, 89.317] 2nwX1J90shV6dJk2zGkJuW
[0.234, 0.148, 7, -22.02, 0.0508, 0.977, 0.858, 0.125, 0.0703, 69.289] 5GiftxLAo8ydnpUulCIREX
[0.265, 0.0171, 3, -25.118, 0.0383, 0.992, 0.934, 0.104, 0.0946, 79.354] 2vvuFgKz1DVcMDymMI3eBH
[0.258, 0.0238, 0, -28.865, 0.0428, 0.994, 0.904, 0.106, 0.0757, 140.596] 4XPq8MBYuWi4Z5PzmebwYo
[0.0954, 0.0987, 3, -26.176, 0.0513, 0.915, 0.896, 0.105, 0.0904, 74.545] 5uEvpWZEOm9W5aLJwipSra
[0.0717, 0.115, 4, -22.146, 0.038, 0.962, 0.955, 0.073, 0.0392, 77.77] 5ZQ31qlgo4S5U1WEjZCz1V
[0.0807, 0.138, 10, -14.534, 0.0401, 0.977, 0.948, 0.106, 0.0382, 174.378] 0k7INMOvaXEMmUMHNA26YK
[0.409, 0.143, 9, -18.075, 0.0513, 0.992, 0.948, 0.0828, 0.309, 67.026] 2YTVSDyIdZtxLzuiCbiCTc
[0.187, 0.121, 10, -22.489, 0.0435, 0.901, 0.973, 0.111, 0.0438, 78.231] 3iWv0rOO5pug9sqkgCjsZW
[0.27, 0.19, 9, -16.837, 0.0369, 0.99, 0.925, 0.0772, 0.103, 103.311] 3f0fdqHKwH5HlYLY5uosFl
[0.262, 0.0679, 5, -25.938, 0.0361, 0.974, 0.975, 0.206, 0.0407, 138.412] 5hPDhBTrpHW0ZIdfKCYjsL
[0.45, 0.00274, 9, -36.215, 0.0619, 0.996, 0.967, 0.0722, 0.0666, 131.059] 4spRh4pB3fg6CNQ8JWjmXS
[0.393, 0.0429, 9, -25.727, 0.0341, 0.992, 0.925, 0.0821, 0.0394, 135.405] 1G0gPuaIFKB8Ua6mFUh2pu
[0.299, 0.00582, 7, -34.837, 0.0445, 0.993, 0.936, 0.086, 0.134, 65.049] 70u9P6hlJe0K5rOkXTlzfD
[0.499, 0.351, 9, -11.509, 0.0448, 0.951, 9.94e-05, 0.118, 0.616, 90.664] 28XMNc5If5BmJWYDU42gkw
[0.173, 0.0025, 0, -38.725, 0.0418, 0.994, 0.892, 0.0758, 0.112, 64.283] 1z3mg458llq1uJ9llkiKc1
[0.326, 0.0735, 0, -24.975, 0.0419, 0.991, 0.873, 0.0481, 0.0875, 135.209] 55U56qbqS1g1PaeyIznUjr
[0.292, 0.0117, 7, -33.688, 0.0316, 0.995, 0.951, 0.0758, 0.26, 81.552] 5y4trSGAgnkJF93i5UuIWD
[0.398, 0.046, 5, -21.927, 0.0367, 0.994, 0.947, 0.118, 0.0583, 95.748] 3242jIEQi3VsTfwY6B2iBP
[0.14, 0.159, 1, -17.845, 0.0401, 0.867, 0.917, 0.392, 0.0331, 142.239] 0uMgtxvlfFqa4T0YIMEDIj
[0.177, 0.141, 6, -16.333, 0.0453, 0.919, 0.903, 0.112, 0.0399, 131.234] 0U76FlqWAehMCXWjfToANs
[0.165, 0.0423, 3, -17.689, 0.0367, 0.994, 0.889, 0.0942, 0.0395, 170.251] 1UeWk8R5Oa2yD5arLf0jBs
[0.21, 0.0476, 4, -24.34, 0.0407, 0.994, 0.927, 0.0779, 0.215, 73.962] 3gHLPpjlgCSheBHxJfHhw3
[0.251, 0.0681, 4, -25.069, 0.0345, 0.971, 0.92, 0.19, 0.0911, 98.828] 6qRi4Nuw8lU4pn0kK3LGJA
[0.381, 0.016, 11, -24.862, 0.0489, 0.989, 0.969, 0.0788, 0.0795, 64.547] 4x7jbVEv7VpnaJjldKIZ9w
[0.297, 0.0963, 7, -27.33, 0.0359, 0.993, 0.906, 0.162, 0.308, 90.291] 2SnypQhLbQLJMTNBCHGCm6
[0.31, 0.0037, 1, -36.613, 0.0339, 0.974, 0.905, 0.109, 0.0938, 83.009] 6l1vatoZMm2xF6Qksm3s7O
[0.499, 0.0258, 2, -23.715, 0.049, 0.991, 0.907, 0.102, 0.333, 90.004] 3mBgho28CcyXHnVqF2sssR
[0.209, 0.0393, 9, -26.048, 0.0362, 0.995, 0.882, 0.0554, 0.0609, 76.474] 11kFCPT3e5GGpDQhX6d4sD
[0.629, 0.0914, 0, -33.589, 0.0406, 0.994, 0.947, 0.0864, 0.241, 111.454] 60nYU5mvv5mOlYELcnQ4xF
[0.175, 0.266, 11, -16.38, 0.0422, 0.0761, 0.791, 0.0999, 0.0975, 119.857] 4ojDL8NmuJXTgY4Wb0Vmpa
[0.166, 0.107, 10, -18.633, 0.0364, 0.983, 0.85, 0.0977, 0.0366, 70.962] 23pA44aBQ9IOcZuXPUxJIA
[0.108, 0.138, 9, -23.522, 0.0461, 0.99, 0.942, 0.178, 0.0481, 62.608] 3RtQOIoG4TICCpCkAJ5Qdi
[0.154, 0.119, 9, -22.124, 0.0437, 0.61, 0.929, 0.064, 0.0371, 135.78] 2oi8Rpxzn3rf9DbcModLh5
[0.347, 0.0187, 10, -33.019, 0.0367, 0.994, 0.891, 0.0756, 0.074, 131.91] 2aPv6kSebEeobZgGCyF885
[0.183, 0.131, 1, -17.785, 0.0401, 0.785, 0.899, 0.121, 0.0543, 111.851] 7tJi6GDPUK9PgIA44dLWtn
[0.332, 0.131, 2, -26.78, 0.0501, 0.993, 0.912, 0.0955, 0.0742, 117.9] 3jPGemJdr95abo520vyvVk
[0.163, 0.0366, 7, -27.021, 0.0451, 0.98, 0.912, 0.0908, 0.17, 84.642] 5s8B58Hj2GlkAoo5V658bU
[0.377, 0.229, 5, -17.502, 0.0365, 0.979, 0.932, 0.0991, 0.0553, 118.937] 5JrS01j0FFInA832fKwThQ
[0.166, 0.0895, 4, -23.316, 0.0434, 0.974, 0.882, 0.098, 0.0958, 86.342] 0JXSi46jgn17CpDT6haz2O
[0.491, 0.0467, 0, -23.576, 0.0821, 0.991, 0.957, 0.241, 0.304, 114.713] 54G9aLjJ86I1r4KQgqqz63
[0.134, 0.126, 10, -15.995, 0.0401, 0.931, 0.928, 0.121, 0.0736, 145.047] 2YwnEfwjU9yaPbz3iZ6MZ5
[0.285, 0.0227, 2, -27.431, 0.0556, 0.98, 0.146, 0.117, 0.206, 79.856] 6srtY79KSpTSwsFRGeJSBX
[0.245, 0.0942, 0, -20.079, 0.0395, 0.985, 0.893, 0.0631, 0.0713, 71.782] 3qslIzC1V8no9hJqgZbGY6
[0.348, 0.0353, 2, -28.569, 0.107, 0.991, 0.806, 0.114, 0.383, 171.694] 0z5lgOqdWID9iAH5fxITk5
[0.321, 0.00713, 7, -29.271, 0.062, 0.995, 0.924, 0.0995, 0.285, 69.326] 6aiLNtvcneNec2IYeyXXk3
[0.302, 0.194, 7, -16.81, 0.0318, 0.315, 0.819, 0.164, 0.0642, 74.371] 6BOEwn9UtUVaZm6EebzRBF
[0.325, 0.261, 7, -19.634, 0.0309, 0.983, 0.877, 0.0992, 0.0456, 179.89] 5jn7oalQtxEoEKngVtUjKn
[0.523, 0.0444, 9, -21.502, 0.0481, 0.995, 0.953, 0.104, 0.224, 106.671] 6jP8veGopi7UjFP8Uk5prz
[0.335, 0.17, 10, -20.236, 0.0517, 0.993, 0.955, 0.12, 0.0781, 77.194] 5ih49fmvqPDV9Hq7IRzf7U
[0.356, 0.00715, 1, -31.384, 0.0408, 0.974, 0.917, 0.115, 0.323, 70.035] 6OaJWCAMKKZOP8Fu2TYQo6
[0.519, 0.0384, 7, -20.794, 0.054, 0.995, 0.88, 0.109, 0.14, 133.563] 5hsuZVScJroTpr9jaxKM66
[0.607, 0.0885, 11, -20.685, 0.0374, 0.993, 0.896, 0.0947, 0.166, 138.019] 4z0spwzLajA7R76czkAIEE
[0.187, 0.0467, 1, -26.133, 0.0395, 0.983, 0.784, 0.106, 0.315, 175.056] 23DarNj68Jdadgb8ETaSV9
[0.257, 0.0628, 5, -22.921, 0.039, 0.995, 0.918, 0.106, 0.342, 167.417] 6p1DiRU5INxaJPVlhRk8Xd
[0.193, 0.0811, 8, -19.106, 0.0357, 0.987, 0.896, 0.0961, 0.0433, 69.956] 51s3ibJpDlmrr41l331xJA
[0.559, 0.0738, 2, -24.326, 0.0461, 0.991, 0.956, 0.0914, 0.174, 109.982] 7AmuUFfqrVzJSCcOLXDfgf
[0.513, 0.0213, 0, -22.013, 0.058, 0.994, 0.96, 0.11, 0.2, 133.441] 4LIMo4IqvNMCtYsCE8Pewg
[0.493, 0.01, 10, -26.589, 0.0484, 0.996, 0.962, 0.115, 0.349, 69.47] 7x8ILiGyZAFW3F0rPUPYxm
[0.331, 0.0542, 7, -23.525, 0.0503, 0.986, 0.94, 0.113, 0.0761, 71.943] 3XImShg9jroGPxnpJm5bjs
[0.488, 0.116, 7, -13.638, 0.0584, 0.995, 0.942, 0.116, 0.167, 78.785] 5JwtahJeHWFPETXjxBH74B
[0.648, 0.118, 3, -20.03, 0.0655, 0.991, 0.942, 0.111, 0.329, 119.918] 7AgPMkEsH3t2g75HAVsruh
[0.376, 0.0176, 11, -22.767, 0.0456, 0.988, 0.909, 0.0975, 0.288, 106.806] 5eIifmrzK2XxqiABsZhYGK
[0.504, 0.0379, 10, -18.456, 0.0521, 0.988, 0.948, 0.108, 0.431, 135.183] 0xlEsMzBdsxaKBKKOmB5rz
[0.284, 0.0308, 1, -28.498, 0.0432, 0.989, 0.928, 0.109, 0.59, 69.897] 5VceRZmSDeW6y7ipxiwOvK
[0.588, 0.0891, 2, -32.152, 0.044, 0.99, 0.931, 0.151, 0.271, 66.001] 0QijsaMELH5n5T012X6LYb
[0.361, 0.0165, 0, -27.874, 0.0615, 0.995, 0.967, 0.0834, 0.452, 114.346] 6uWjjaiquXsjuQuks2mZME
[0.409, 0.0418, 8, -26.094, 0.0464, 0.985, 0.96, 0.107, 0.144, 105.986] 10VDlhdsvk4DH3jdbGKhwJ
[0.134, 0.00458, 8, -33.929, 0.0464, 0.994, 0.923, 0.092, 0.0863, 175.166] 3guxwqIaamTCMA0rXL5uKj
[0.412, 0.00289, 2, -29.012, 0.0523, 0.994, 0.937, 0.0857, 0.171, 68.711] 1nPTaQHgrjKhSGb5ILEV47
[0.264, 0.022, 5, -16.245, 0.0445, 0.986, 0.919, 0.0854, 0.0789, 164.907] 6JTqDxly4C62KNa6tBgpTu
[0.429, 0.0407, 11, -23.967, 0.0523, 0.994, 0.945, 0.0856, 0.134, 97.563] 1pfOyfuKafxJXajfsnU731
[0.521, 0.0629, 0, -24.43, 0.0363, 0.992, 0.94, 0.0809, 0.297, 105.44] 6vwuSjfe1UjY6fn43HZ4CK
[0.458, 0.0451, 8, -18.605, 0.0489, 0.995, 0.921, 0.144, 0.121, 69.41] 0XJDI1IdcTSa8xDevziOFi
[0.475, 0.00772, 5, -30.437, 0.0386, 0.99, 0.94, 0.143, 0.146, 74.033] 7v9FUpTcXP57BJTvC7r8GO
[0.372, 0.233, 10, -20.704, 0.0352, 0.878, 0.833, 0.0874, 0.171, 96.086] 557iYakWWJQeKbJS3UYMxG
[0.541, 0.09, 3, -14.066, 0.0935, 0.992, 0.961, 0.112, 0.479, 69.404] 5pEXKNDXvtfW0XE1YL4tZM
[0.28, 0.0123, 7, -30.466, 0.0345, 0.992, 0.936, 0.0978, 0.0337, 82.206] 0srnfIuDWbYSJqIWjYXtmQ
[0.32, 0.014, 1, -22.601, 0.0453, 0.996, 0.935, 0.0982, 0.109, 70.411] 4aN7eVpleDPkp3C1oDFd4x
[0.533, 0.00749, 1, -23.214, 0.0859, 0.993, 0.951, 0.254, 0.54, 131.116] 5sWFhWNyWU55TDmGSXQMpM
[0.293, 0.199, 2, -17.799, 0.0308, 0.878, 0.917, 0.134, 0.0712, 93.238] 06TClywcQwhei9AGsOZes5
[0.307, 0.0825, 10, -20.958, 0.0385, 0.966, 0.844, 0.111, 0.0421, 138.539] 5m803psXyQGvNBHupCqHSi
[0.184, 0.2, 4, -16.465, 0.0409, 0.869, 0.798, 0.111, 0.0381, 86.196] 1E0RGmeX5QjPeWTdd99mAh
[0.324, 0.216, 5, -12.467, 0.0294, 0.931, 0.86, 0.152, 0.245, 75.983] 4JOjSfJqokAV6Ff2DhCZcf
[0.501, 0.286, 3, -17.033, 0.0295, 0.773, 0.944, 0.11, 0.181, 116.035] 3sT8aDoeiMZszGpDOiRoPo
[0.465, 0.0706, 10, -19.317, 0.0365, 0.993, 0.91, 0.121, 0.0493, 98.783] 2puVVtCgLSTUN6fxRiLeng
[0.156, 0.138, 0, -19.958, 0.0362, 0.984, 0.953, 0.0983, 0.0386, 68.062] 7DGFxOJp8gfV3Y1JqOJ1A4
[0.531, 0.073, 7, -24.006, 0.0407, 0.729, 0.841, 0.0893, 0.0676, 81.941] 49iaI2NVe2c0iz4YzpzeB3
[0.28, 0.0951, 9, -16.643, 0.0307, 0.988, 0.991, 0.119, 0.044, 81.358] 45vuHzBLsQMveqJNn3oEuA
[0.323, 0.0147, 3, -22.803, 0.0331, 0.979, 0.896, 0.0909, 0.048, 64.767] 4AehexHi0PKsVVaWGmgdVJ
[0.602, 0.0259, 7, -25.665, 0.0512, 0.982, 0.881, 0.1, 0.203, 120.259] 5V0CsDlHxo6ndcPiQx9M7z
[0.401, 0.165, 0, -14.152, 0.0352, 0.97, 0.929, 0.121, 0.0881, 111.885] 6aF7MKsIbYTQyRq4ep2l7b
[0.226, 0.0327, 0, -22.473, 0.0343, 0.976, 0.842, 0.0994, 0.0354, 71.92] 3l8ILux1wF7VJt8MJXmLyN
[0.489, 0.0377, 8, -19.419, 0.0515, 0.92, 0.867, 0.109, 0.0401, 130.125] 5QQ2pX7NqNl6rVS6aqCwGA
[0.604, 0.0164, 3, -23.464, 0.0656, 0.943, 0.953, 0.116, 0.0553, 67.349] 1nDyZWeu2ZGzEofZkdilzU
[0.62, 0.000877, 5, -21.242, 0.363, 0.995, 0.951, 0.124, 0.516, 69.302] 6IGo9GEMwAUHmdMZeWHu45
[0.0722, 0.0619, 5, -27.257, 0.0421, 0.981, 0.968, 0.373, 0.0722, 75.183] 10Fb5CydCmYW3lqQGjNb04
[0.353, 0.017, 5, -27.471, 0.0516, 0.993, 0.892, 0.108, 0.24, 101.389] 1LQsAMbRfl2644biYjwHhz
[0.151, 0.0928, 0, -20.167, 0.0389, 0.982, 0.921, 0.0771, 0.113, 156.658] 7tUQIhueKYGnKThIseP69M
[0.556, 0.0134, 0, -24.244, 0.0859, 0.995, 0.947, 0.0706, 0.246, 119.535] 6ppQV7oq5k1utPnzmcVgfz
[0.364, 0.277, 0, -14.744, 0.034, 0.913, 0.942, 0.107, 0.196, 77.026] 5NiK1YYi0VsRnYAd0agBEo
[0.257, 0.229, 0, -14.015, 0.0648, 0.988, 0.925, 0.152, 0.0841, 209.191] 12ZrUYjD11STbDbPUt8BBY
[0.496, 0.0436, 0, -26.326, 0.0473, 0.993, 0.915, 0.129, 0.192, 170.173] 2jFfDGcVzMONceohrF4Jre
[0.5, 0.0235, 0, -19.233, 0.0454, 0.99, 0.935, 0.112, 0.141, 95.4] 4cmmWMIqEMDhq2GFT2dl6f
[0.438, 0.0199, 8, -25.155, 0.0485, 0.992, 0.867, 0.0887, 0.0428, 68.323] 2AS9ZM50B6JkihVq1KY6b6
[0.164, 0.127, 7, -22.679, 0.0363, 0.912, 0.835, 0.109, 0.0391, 70.687] 3uJhBCgvI4Gmkfoz7R5Be8
[0.542, 0.0501, 2, -17.623, 0.0328, 0.954, 0.891, 0.0912, 0.0634, 110.739] 5w8M2WZDLoFwycrmB3QfBm
[0.446, 0.065, 0, -18.246, 0.0577, 0.991, 0.954, 0.107, 0.31, 69.751] 2ZBrOKj7dDANWEA4DcXQ2N
[0.422, 0.158, 4, -23.138, 0.0464, 0.988, 0.937, 0.104, 0.19, 119.951] 4rk9U1jbpCh5Nqu1HTCKJ5
[0.42, 0.153, 7, -9.334, 0.0338, 0.889, 0.915, 0.135, 0.0641, 85.006] 3YNbisxUYGwvlqlGYoa0fo
[0.433, 0.187, 8, -14.389, 0.0343, 0.958, 0.93, 0.121, 0.35, 138.509] 60CFGgbdZ315nIOuK5nYmM
[0.477, 0.0418, 2, -21.168, 0.0859, 0.995, 0.968, 0.105, 0.295, 174.134] 5R3VFevA9XCuAlRlqCazge
[0.375, 0.131, 6, -19.125, 0.033, 0.946, 0.936, 0.111, 0.0366, 64.128] 0Dz5F370dENsaTc8TL9fK2
[0.409, 0.0645, 4, -28.086, 0.0456, 0.99, 0.937, 0.0645, 0.202, 94.011] 15gILuLKAf30TQRZNV17AY
[0.307, 0.0938, 5, -25.652, 0.0365, 0.982, 0.895, 0.0903, 0.405, 148.835] 1RiKbwqb2O03JT7Bu3dIr2
[0.358, 0.00371, 10, -29.259, 0.0497, 0.993, 0.953, 0.105, 0.112, 136.908] 43CBnlr309XH9gyu8cIHSl
[0.501, 0.00206, 8, -25.161, 0.0957, 0.995, 0.939, 0.0912, 0.724, 92.261] 2lqE8DC0T5F0bGnJTrlRtd
[0.421, 0.0029, 3, -26.907, 0.0633, 0.996, 0.947, 0.107, 0.0794, 128.335] 0ZzrRY9C8Y13uJ1zPMD3vP
[0.363, 0.0263, 6, -29.73, 0.0708, 0.996, 0.962, 0.0848, 0.357, 165.688] 5pW55ydTQ4a810ReUk8haw
[0.512, 0.121, 9, -19.46, 0.0338, 0.991, 0.74, 0.0726, 0.298, 69.981] 3FBk3DcCOC5gkhX50rbHbC
[0.504, 0.0133, 8, -30.89, 0.0586, 0.993, 0.959, 0.107, 0.139, 65.953] 0QDTA0d6RMhVZbgTaVHHsp
[0.273, 0.00782, 4, -25.901, 0.0385, 0.983, 0.904, 0.0875, 0.104, 70.253] 5ty0J5vB4R43V7yMDs7cYL
[0.433, 0.152, 7, -17.758, 0.0397, 0.208, 0.77, 0.162, 0.0405, 109.844] 1RnmnjIrfyOtOwGPhzxKHM
[0.284, 0.13, 9, -20.847, 0.0585, 0.878, 0.957, 0.15, 0.0422, 139.757] 4N8fN2tAm0WbJ57ZIFsvTm
[0.317, 0.096, 7, -23.091, 0.0352, 0.979, 0.93, 0.111, 0.0324, 126.028] 5wpgs5loRGLkzayBZS42WE
[0.415, 0.0167, 10, -26.521, 0.0662, 0.994, 0.964, 0.119, 0.425, 73.301] 4cq0zgDNcYj3auhiT6i7Cx
[0.43, 0.00378, 7, -26.48, 0.0914, 0.993, 0.958, 0.125, 0.343, 64.22] 0xR5qpX99rvym6UwrQUlW9
[0.563, 0.0923, 9, -24.057, 0.0456, 0.977, 0.902, 0.114, 0.147, 120.043] 6iPhqRUT1a2JZBzhmHgsuF
[0.333, 0.138, 0, -16.602, 0.0418, 0.983, 0.886, 0.0926, 0.0378, 136.523] 1iRrLvRjllhC2zCTNeNoqW
[0.544, 0.0842, 8, -17.49, 0.0515, 0.989, 0.915, 0.111, 0.195, 62.415] 1FwYuCPPEepHIWydsi37gI
[0.573, 0.0198, 3, -25.76, 0.0449, 0.993, 0.941, 0.112, 0.284, 61.978] 0NOzMlTrPHMQ68snNK891G
[0.535, 0.0512, 2, -24.513, 0.0421, 0.995, 0.87, 0.115, 0.134, 119.882] 4WxzfHy7cuUv7OdWIU8jNW
[0.326, 0.00707, 3, -27.734, 0.082, 0.995, 0.942, 0.151, 0.625, 178.942] 1FnxV6fUZcd2dJaFhQno2j
[0.179, 0.0259, 0, -18.753, 0.0422, 0.956, 0.741, 0.11, 0.0786, 169.694] 7aHY4Yb2qUc8qqpSmVo3YM
[0.478, 0.104, 4, -25.954, 0.0313, 0.952, 0.947, 0.134, 0.107, 130.057] 1hfWDjVkzKln266hbHSmPh
[0.383, 0.116, 10, -20.438, 0.0354, 0.991, 0.918, 0.0959, 0.0916, 150.441] 6a4A00EF2xOOIMXRetisKS
[0.422, 0.0163, 3, -26.561, 0.0399, 0.989, 0.918, 0.177, 0.108, 64.079] 2FP7JttwbYPXcXxIihEvop
[0.194, 0.0324, 5, -28.215, 0.0382, 0.982, 0.961, 0.0916, 0.0596, 144.13] 2YarjDYjBJuH63dUIh9OWv
[0.227, 0.152, 1, -18.372, 0.0355, 0.918, 0.96, 0.102, 0.0569, 116.391] 7weVuu0EBJF9abMczrzB0c
[0.309, 0.0446, 0, -26.075, 0.0301, 0.907, 0.825, 0.0867, 0.165, 95.69] 4TewheY5HBdF1Qv1DVZwcJ
[0.349, 0.208, 11, -17.749, 0.0393, 0.979, 0.918, 0.14, 0.174, 137.43] 2RJJn4dnp3l9FUQino0zbd
[0.375, 0.00607, 1, -29.405, 0.0501, 0.992, 0.883, 0.0562, 0.0445, 67.978] 0mjT194sWauS2YBwxM2ZhS
[0.376, 0.0337, 7, -30.001, 0.0509, 0.995, 0.955, 0.0667, 0.194, 60.671] 2ZSnZs3Fzt639wrC0VEeFd
[0.345, 0.266, 9, -19.25, 0.0445, 0.989, 0.473, 0.109, 0.0778, 76.616] 7IfvgYJ0Jh0KH5EvYj20yA
[0.317, 0.00903, 2, -32.105, 0.0666, 0.996, 0.902, 0.0753, 0.689, 184.893] 2Q1UsLusUZfQ0BiRmo9LVy
[0.373, 0.0241, 8, -30.749, 0.0487, 0.995, 0.9, 0.112, 0.0884, 64.098] 0rU4dLUSToe7uQUfaFCoda
[0.394, 0.00948, 1, -27.572, 0.045, 0.993, 0.914, 0.112, 0.0423, 132.018] 1nGDsTkP1npeWj4hJ9s9pw
[0.0974, 0.127, 2, -21.161, 0.0404, 0.98, 0.95, 0.215, 0.0723, 172.745] 4nAvEP0TxzNPiu710Dl5va
[0.401, 0.0225, 10, -29.978, 0.0377, 0.993, 0.913, 0.122, 0.113, 99.207] 3DcE75ZUXb6eZPPaaswpJq
[0.348, 0.041, 4, -26.826, 0.053, 0.995, 0.934, 0.105, 0.179, 137.049] 4eZvePoGXSlQ56kIbRLR4h
[0.187, 0.0306, 5, -27.399, 0.0404, 0.991, 0.968, 0.0979, 0.036, 96.639] 05yzhEWkmVXiigqWfcNTQS
[0.331, 0.0848, 5, -18.027, 0.0362, 0.905, 0.832, 0.247, 0.128, 105.945] 4HiqmoxqcXXFycUIno4oWn
[0.0596, 0.00121, 2, -39.952, 0.0559, 0.987, 0.262, 0.0991, 0.0383, 62.51] 02H2meQsn2tcMNqx6NUZoC
[0.174, 0.0576, 4, -22.991, 0.0459, 0.895, 0.695, 0.526, 0.126, 80.33] 27apRDnKAwsCCj6xtAfezu
[0.384, 0.0274, 4, -26.64, 0.0339, 0.975, 0.623, 0.23, 0.196, 86.948] 7xI0wxBQhYMSWDhkuvbRgM
[0.291, 0.0573, 7, -28.273, 0.0382, 0.99, 0.901, 0.135, 0.428, 137.489] 688T7aVGomCvoPqH4YL9yc
[0.498, 0.0206, 7, -31.92, 0.0337, 0.994, 0.924, 0.105, 0.165, 105.048] 5j727Nhk1HDNflsWfEWZGE
[0.184, 0.0238, 11, -27.658, 0.0561, 0.574, 0.0209, 0.111, 0.0828, 35.995] 40ZPsNphjG4km1PWwslyJp
[0.208, 0.00643, 2, -44.347, 0.0433, 0.992, 0.935, 0.0849, 0.476, 66.291] 4iXgy9zH7eYSwDuYwb7waL
[0.489, 0.0174, 6, -18.839, 0.0339, 0.822, 1.33e-06, 0.294, 0.343, 103.006] 6mTNu7JmkRwCHiPpdn0co3
[0.0908, 0.00241, 8, -39.06, 0.0424, 0.961, 0.596, 0.087, 0.315, 86.879] 4JrrAz6CdcawJthf1LdCbE
[0.475, 0.00201, 9, -32.196, 0.123, 0.995, 0.913, 0.057, 0.281, 68.06] 7xrs7lNCLYp4j6O4Vv4Kgz
[0.534, 0.181, 2, -20.694, 0.0687, 0.991, 0.874, 0.0803, 0.319, 85.178] 19hvFlGcPYCzFmsYyqEmuq
[0.421, 0.14, 8, -20.289, 0.038, 0.855, 0.0629, 0.192, 0.513, 35.903] 42zODXOqKVHzOI7sN9ZFnn
[0.411, 0.0248, 10, -27.683, 0.064, 0.996, 0.941, 0.0702, 0.0567, 88.882] 0QgKSCaOjfBkMLxNlI2VpB
[0.523, 0.00956, 6, -28.441, 0.0439, 0.934, 0.00259, 0.158, 0.4, 112.361] 5Olix25Y5aNqIWGDrrB0Pb
[0.29, 0.0077, 11, -38.933, 0.0434, 0.983, 0.921, 0.0787, 0.0386, 135.607] 0eiT0cfG4TT3u6Zw68A1Kw
[0.512, 0.0114, 11, -30.281, 0.0415, 0.75, 6.59e-05, 0.0969, 0.29, 132.065] 04HFjYp900E9b3Plshyvzo
[0.0724, 0.00997, 7, -23.385, 0.0476, 0.944, 0.604, 0.096, 0.046, 66.095] 2MmtlG1iKqeQNpRHctELIa
[0.304, 0.0143, 8, -30.75, 0.0404, 0.99, 0.938, 0.106, 0.126, 148.583] 3Mb9IoWbfxU27yEdxAUEDp
[0.148, 0.0169, 6, -31.437, 0.0427, 0.964, 0.8, 0.0702, 0.0338, 93.1] 1pvdhULiFFPXxLL3bGHaq7
[0.314, 0.0157, 1, -36.252, 0.0356, 0.991, 0.916, 0.134, 0.0939, 95.89] 2B3WDmb4UpscirWQfIvtNW
[0.509, 0.00589, 7, -27.203, 0.0863, 0.995, 0.86, 0.115, 0.193, 170.208] 6E3Oc5In7zHfpqHqR603za
[0.317, 0.0123, 2, -30.127, 0.0463, 0.955, 0.404, 0.172, 0.153, 73.514] 3DruXfuowq2uyM9FkTt6A4
[0.546, 0.00997, 9, -28.266, 0.258, 0.995, 0.949, 0.0851, 0.353, 77.483] 50EMA40T710iKQUlAxkVLe
[0.18, 0.0238, 3, -31.705, 0.0452, 0.98, 0.93, 0.0999, 0.184, 128.848] 3eHSMvfEhVNjavnS3yemOI
[0.369, 0.0264, 7, -23.602, 0.0578, 0.938, 0.0151, 0.0855, 0.112, 115.85] 5p2665rdi1sFIoCY5BFTy0
[0.371, 0.0814, 10, -19.738, 0.0416, 0.933, 1.82e-05, 0.32, 0.32, 120.264] 2MyWdPMQtipdlfGAff5tHM
[0.169, 0.027, 5, -30.15, 0.0514, 0.797, 0.92, 0.117, 0.0318, 113.478] 1SMDuZThgauvMckxone4sT
[0.199, 0.00834, 11, -28.213, 0.0389, 0.993, 0.882, 0.0555, 0.0411, 63.573] 7znKXBOyLR50MmA99KgHO8
[0.485, 0.00383, 2, -34.252, 0.062, 0.995, 0.926, 0.0502, 0.081, 98.679] 3D6cnlBHXkFAa0CSFAXeaK
[0.343, 0.0177, 1, -25.631, 0.0432, 0.993, 0.921, 0.0956, 0.0525, 88.925] 3qtmteHNFbo5hp2XdsaXIy
[0.308, 0.0127, 3, -28.787, 0.0377, 0.99, 0.893, 0.0871, 0.0565, 67.191] 11mr6MSfxepLWMRqASkdVA
[0.388, 0.00269, 4, -32.97, 0.0516, 0.995, 0.869, 0.063, 0.0397, 63.386] 1aMUmQmSBpmMVpyY804ksh
[0.319, 0.0262, 9, -37.243, 0.0422, 0.984, 0.928, 0.069, 0.144, 69.597] 71MpmxCJ1TW05c7Fvv1SfI
[0.355, 0.00863, 3, -32.914, 0.0443, 0.984, 0.883, 0.0835, 0.0993, 61.81] 1VNvsvEsUpuUCbHpVop1vo
[0.272, 0.00397, 1, -31.601, 0.0475, 0.992, 0.9, 0.0763, 0.19, 72.059] 0bcGY7mfG10QfeaDbz97hC
[0.233, 0.00192, 6, -39.206, 0.0608, 0.995, 0.928, 0.0879, 0.193, 71.102] 4tFuBmZ0ZA8aYXY4FVK3AN
[0.36, 0.00556, 6, -32.573, 0.0465, 0.989, 0.904, 0.0689, 0.175, 66.13] 5tmpcGNMG3vlSYOxcQ62qF
[0.36, 0.0177, 1, -23.79, 0.0432, 0.992, 0.895, 0.127, 0.0384, 70.353] 5xXjqFnvQbxZglR1sGm0Yc
[0.398, 0.00293, 1, -29.481, 0.0666, 0.995, 0.922, 0.0897, 0.0804, 130.464] 4q8f3Ls32PcXE8Ks4V1ufx
[0.394, 0.0826, 1, -21.738, 0.0439, 0.994, 0.927, 0.12, 0.106, 63.172] 088OWVKqW0SPLbv7f78SUc
[0.343, 0.00822, 5, -26.533, 0.0371, 0.992, 0.901, 0.0613, 0.104, 133.774] 5tx6c2YLbXJsldPeb1BQR8
[0.38, 0.00921, 5, -32.795, 0.0422, 0.993, 0.902, 0.0852, 0.149, 63.037] 4enYj5VBLp4qYox1BS6G3k
[0.344, 0.0671, 1, -26.195, 0.0393, 0.988, 0.924, 0.141, 0.0945, 96.787] 38J3F2EqXt9DnRstJiziTJ
[0.37, 0.0636, 8, -22.627, 0.0417, 0.987, 0.917, 0.161, 0.0772, 131.445] 1BPsXqDKyApGZTDQy69zOk
[0.212, 0.0351, 8, -28.526, 0.0419, 0.995, 0.91, 0.107, 0.0664, 75.949] 2GsXE49M5f126iuAFurXcq
[0.253, 0.00757, 4, -30.64, 0.0379, 0.992, 0.906, 0.092, 0.1, 67.345] 64LTn5fTsPR0QLy7bVYl9w
[0.262, 0.204, 9, -21.727, 0.0374, 0.965, 0.896, 0.111, 0.108, 58.701] 30CHRIB0Zv1U92pj9dh4O3
[0.403, 0.022, 10, -31.921, 0.0434, 0.994, 0.852, 0.0627, 0.218, 127.507] 2kdzG37VTbJRtCSfgqtrLB
[0.34, 0.015, 6, -29.435, 0.0436, 0.993, 0.886, 0.0859, 0.135, 130.822] 2WIwqBA8i4KkY7r27r0SaT
[0.336, 0.0143, 1, -29.32, 0.0412, 0.993, 0.921, 0.074, 0.0362, 114.087] 1l9ra1BpB3DcS4gSBg8Qra
[0.306, 0.0112, 11, -32.51, 0.0593, 0.993, 0.918, 0.119, 0.0828, 67.969] 3UiLTMeqt1zQOyZqmU5jiP
[0.291, 0.0522, 6, -26.225, 0.043, 0.992, 0.92, 0.0829, 0.11, 137.946] 5qQRvqCXuO3uZTazifcGvO
[0.344, 0.186, 5, -18.338, 0.0332, 0.984, 0.853, 0.141, 0.138, 62.544] 0jqaIOXeq0YiJEVJLWFCLk
[0.396, 0.0931, 4, -23.473, 0.051, 0.995, 0.885, 0.0636, 0.0399, 124.352] 2SZVGupkjNHEqsCDXbzko2
[0.415, 0.0333, 4, -21.988, 0.0401, 0.99, 0.875, 0.181, 0.0478, 69.179] 66zOdwAIuFXNrB3kcnrkyr
[0.209, 0.00759, 3, -30.225, 0.0502, 0.991, 0.949, 0.116, 0.0593, 65.385] 07BYxoTub5POnsajOsoTXb
[0.28, 0.0671, 6, -23.747, 0.0436, 0.994, 0.868, 0.105, 0.0711, 84.516] 4Lsgzw70sqXIB7pWZ0Z3Vq
[0.314, 0.0231, 11, -28.419, 0.0461, 0.992, 0.881, 0.134, 0.0677, 88.48] 5UpQqGyhYg70rRXgPuy28o
[0.274, 0.171, 8, -15.863, 0.0439, 0.992, 0.882, 0.0929, 0.0373, 73.165] 6aZvn2GoPxfjGrbVNOG4ly
[0.191, 0.0207, 4, -28.815, 0.0447, 0.994, 0.906, 0.065, 0.0676, 73.099] 10uRxefFamrk6OGym4JLlS
[0.442, 0.017, 4, -24.902, 0.0812, 0.995, 0.893, 0.061, 0.0375, 76.726] 6DtkdC9g7j5nprKIYwSVxx
[0.323, 0.0206, 1, -27.847, 0.0366, 0.988, 0.927, 0.0788, 0.0378, 88.167] 585DlWLG4WtBbmCWXkiOlF
[0.297, 0.112, 5, -20.01, 0.0354, 0.988, 0.86, 0.0706, 0.0459, 78.88] 6AECxptTdcCHiLjOEYmsYj
[0.532, 0.00484, 2, -32.177, 0.0558, 0.995, 0.954, 0.0536, 0.0761, 130.94] 2CjowtXXjbnHuV9LWFVrPH
[0.305, 0.00973, 1, -28.905, 0.0439, 0.993, 0.937, 0.0834, 0.0549, 65.504] 309pjx20oVCqayBgzZR6mh
[0.382, 0.0679, 4, -22.494, 0.0558, 0.995, 0.89, 0.0797, 0.0375, 135.509] 3nSDoy25fLyorJdiui7OwS
[0.323, 0.0197, 3, -30.173, 0.0503, 0.993, 0.909, 0.0964, 0.0859, 71.758] 78eHNe9UocsHmcgAyTxixZ
[0.215, 0.245, 7, -14.514, 0.0426, 0.993, 0.892, 0.109, 0.0397, 69.561] 7gXWx5DBR5MfsFBzPm9zSS
[0.351, 0.0269, 10, -28.267, 0.0378, 0.992, 0.878, 0.116, 0.0899, 68.506] 3GIinvDCi2LlQdxPCH1ECa
[0.311, 0.00326, 1, -24.979, 0.0614, 0.993, 0.949, 0.0803, 0.0656, 66.356] 6JoT2QRzUZ8IpkamI6WkeN
[0.363, 0.0326, 1, -31.492, 0.0383, 0.981, 0.886, 0.126, 0.0635, 66.883] 69oUJ4qeLrbFHCloblMglx
[0.289, 0.0797, 11, -18.229, 0.0404, 0.994, 0.908, 0.0988, 0.0395, 68.394] 39s9QVDt83ZezQiQ6yTyLH
[0.359, 0.0323, 1, -24.408, 0.0377, 0.989, 0.91, 0.0938, 0.0728, 107.169] 4hbvrHgfZ8lqFrPx1Ztd6j
[0.302, 0.0512, 8, -24.372, 0.0416, 0.989, 0.91, 0.0709, 0.0521, 64.655] 60mXuNLcWyzYgEXI6hhLt8
[0.282, 0.0176, 7, -31.88, 0.0402, 0.988, 0.934, 0.0672, 0.0756, 144.444] 06sDDrEwEG9ewXmV5fkETR
[0.198, 0.0797, 5, -25.766, 0.0439, 0.973, 0.813, 0.291, 0.0714, 84.462] 1KYB512ns3RGzkKBIrPBsz
[0.145, 0.152, 2, -22.707, 0.0362, 0.769, 0.925, 0.12, 0.0495, 85.873] 04WSwyLo2UNf4XPpwMUDUj
[0.158, 0.029, 5, -27.779, 0.034, 0.975, 0.944, 0.094, 0.0778, 175.679] 6C44E7huvRZW4cbzSusGaz
[0.199, 0.144, 2, -18.336, 0.0379, 0.665, 0.951, 0.14, 0.206, 135.467] 5mUset8GbI6fQLRs3YHtXJ
[0.137, 0.356, 2, -13.257, 0.0325, 0.956, 0.487, 0.111, 0.111, 79.174] 78afatmTS3fEf7iBr80W8D
[0.403, 0.00385, 1, -30.724, 0.0453, 0.99, 0.878, 0.0683, 0.0923, 134.82] 3hZuYfgwX8IFL9mMDmWIFf
[0.246, 0.264, 7, -12.839, 0.0502, 0.874, 0.917, 0.104, 0.407, 77.192] 5EgSqm2IAm39QjE9EgDN5k
[0.614, 0.293, 0, -15.014, 0.0606, 0.951, 0.452, 0.0847, 0.758, 110.22] 5PSG81TX7bKtTRw77bnK4M
[0.264, 0.0318, 1, -27.131, 0.0361, 0.995, 0.913, 0.0743, 0.113, 76.529] 2ZeGcwGSk9BqzmJreQznep
[0.359, 0.0693, 5, -18.719, 0.0334, 0.834, 0.343, 0.115, 0.157, 107.841] 03iLq96hhPmgLS2mAOxgBH
[0.28, 0.0558, 2, -24.041, 0.0389, 0.995, 0.879, 0.0785, 0.0991, 62.455] 3xoysVvrA7923dAQnbUvvt
[0.759, 0.301, 11, -22.488, 0.0675, 0.884, 0.133, 0.0547, 0.937, 114.867] 3WDfmUotahHVbgMZ4TVW1y
[0.377, 0.914, 0, -12.257, 0.222, 0.852, 0.807, 0.256, 0.101, 95.258] 3tuyRdNQVCyPT8rfSWaRn9
[0.306, 0.0896, 4, -23.18, 0.035, 0.982, 0.918, 0.128, 0.0763, 129.77] 4hLpmczsSpiHCbyopEWB9E
[0.339, 0.104, 0, -21.956, 0.0671, 0.994, 0.926, 0.189, 0.197, 73.681] 6L5Wkgv3SkdhkBFp7aXSEp
[0.147, 0.274, 0, -14.189, 0.0493, 0.95, 0.914, 0.121, 0.0969, 78.947] 35uHDtXtmJIW26SXZMeLq1
[0.12, 0.164, 0, -14.718, 0.0411, 0.858, 0.903, 0.146, 0.0391, 86.342] 7IeURUbgSWTFXMmM2draLk
[0.385, 0.167, 2, -15.838, 0.0453, 0.976, 0.931, 0.351, 0.377, 81.907] 4OqD9QeOhedLmcgtPelodV
[0.214, 0.224, 4, -14.334, 0.0356, 0.969, 0.908, 0.0833, 0.0391, 106.268] 4CCpBpTlchqNcGR85DFHnj
[0.352, 0.213, 2, -16.599, 0.0455, 0.974, 0.352, 0.22, 0.354, 89.361] 4upzkjJyGpEaourx4D6IT8
[0.386, 0.169, 0, -13.926, 0.041, 0.971, 0.845, 0.118, 0.31, 79.14] 7bDfKrkfsryzPxgzPQwGB6
[0.214, 0.00893, 1, -39.897, 0.0387, 0.994, 0.915, 0.147, 0.277, 71.079] 66L4BEVGq3fE7XGjXgC5Va
[0.377, 0.335, 7, -12.387, 0.0356, 0.979, 0.76, 0.271, 0.317, 111.987] 1HEbgHPCebF58biMUkJmqi
[0.207, 0.105, 2, -23.648, 0.0387, 0.886, 0.777, 0.133, 0.173, 69.844] 5NUTnvOylG4QPRILoUcNCx
[0.14, 0.267, 2, -14.975, 0.0532, 0.994, 0.902, 0.269, 0.0381, 171.821] 2onlUT7YfzgiL4rFfIirK2
[0.241, 0.08, 5, -22.657, 0.0425, 0.869, 0.131, 0.28, 0.129, 101.656] 6khw6cFEMEX6Ms2ZrklZv6
[0.158, 0.235, 7, -10.154, 0.0372, 0.493, 0.463, 0.164, 0.0878, 65.698] 5168N7CFmjghFqAYgSIrmb
[0.136, 0.0883, 4, -19.286, 0.0387, 0.937, 0.936, 0.111, 0.0516, 77.114] 2snuslkSL8p0zMBwjD51Td
[0.134, 0.142, 10, -21.213, 0.054, 0.975, 0.942, 0.698, 0.0999, 83.252] 30FrLNmsEGgO54yyf98s6c
[0.428, 0.186, 11, -19.675, 0.0623, 0.85, 0.54, 0.156, 0.535, 78.044] 59g0qYEsUvmHizC5FCsp58
[0.386, 0.124, 4, -19.685, 0.0414, 0.995, 0.888, 0.104, 0.0832, 107.128] 6JCToNBu9M95ekPBabPBI0
[0.719, 0.242, 4, -15.632, 0.0425, 0.971, 0.268, 0.092, 0.556, 73.356] 2MibjL38V0eGc7bHXdxvFP
[0.309, 0.193, 9, -18.068, 0.0379, 0.913, 0.922, 0.114, 0.354, 80.192] 6zhRyggDbA9t2aKa70OU5m
[0.362, 0.0217, 6, -30.733, 0.0362, 0.993, 0.943, 0.112, 0.194, 89.925] 75YGOd1hBWRj1v3dF0PYJs
[0.366, 0.203, 2, -18.92, 0.0468, 0.89, 0.931, 0.0852, 0.2, 141.272] 7wshQt56RC2tDfACAvgXa0
[0.449, 0.121, 7, -15.682, 0.0729, 0.884, 0.828, 0.101, 0.377, 137.778] 4FwWBvrLUsXjWO48p7Pvuq
[0.286, 0.218, 0, -16.233, 0.0443, 0.967, 0.904, 0.0892, 0.139, 84.389] 17Yw9rE9sqPhln7cRdUVcx
[0.308, 0.16, 4, -16.037, 0.0476, 0.777, 0.524, 0.157, 0.248, 180.598] 0a1zQgrBJQIBy5NGjYBvrz
[0.512, 0.32, 7, -13.901, 0.052, 0.968, 0.124, 0.106, 0.89, 91.115] 6McYdNZRRbFYCbhCMvWZNq
[0.448, 0.127, 7, -19.264, 0.081, 0.951, 0.355, 0.112, 0.236, 72.419] 1nNiLOv6qhffgDOYFP47nk
[0.107, 0.00769, 0, -41.128, 0.0498, 0.995, 0.871, 0.0631, 0.242, 83.219] 76TZhqUOMLV4aCa2mKH5Jp
[0.314, 0.0263, 0, -28.425, 0.0387, 0.995, 0.869, 0.0809, 0.135, 60.106] 2hFlPUGcDx81CyvoXp8Hgh
[0.516, 0.0517, 0, -25.25, 0.0823, 0.994, 0.928, 0.111, 0.237, 91.211] 3FWHzIqLpT1Di1tVVLlla6
[0.478, 0.00324, 7, -43.946, 0.0419, 0.994, 0.957, 0.119, 0.559, 57.621] 1YNiZgchh7KkyzDUYDww9U
[0.394, 0.0028, 5, -32.394, 0.0795, 0.993, 0.908, 0.103, 0.086, 76.168] 597zNgApe7O8njVGeDlEzM
[0.503, 0.0518, 7, -19.562, 0.0957, 0.991, 0.946, 0.341, 0.323, 79.274] 0P036y2mWteWNcAzDDumjz
[0.388, 0.0779, 10, -20.551, 0.0478, 0.981, 0.945, 0.113, 0.039, 126.568] 5n9qiBw4dmjeRVnYC52E73
[0.509, 0.0558, 0, -16.598, 0.153, 0.975, 0.856, 0.178, 0.0668, 86.216] 4rKyP3usUC4jSTeIyaXDfN
[0.513, 0.00895, 7, -27.018, 0.0495, 0.965, 0.945, 0.108, 0.296, 120.2] 2P0WL3w27j4X5Fy23Rrk7L
[0.392, 0.132, 9, -21.764, 0.0493, 0.988, 0.91, 0.108, 0.317, 99.282] 1Y3LUG0ARo6xnabcDbR5SG
[0.33, 0.201, 0, -23.243, 0.0373, 0.987, 0.915, 0.11, 0.348, 115.868] 3rQ1zUQKQkHNXnZ4bLE99K
[0.301, 0.00124, 4, -32.984, 0.0822, 0.994, 0.918, 0.0709, 0.111, 83.486] 3VD55OjUjb1RjPqBQopRV2
[0.509, 0.0578, 0, -18.6, 0.0399, 0.992, 0.904, 0.149, 0.0848, 74.618] 6i8PKmx0fN8WE542qNhTJn
[0.426, 0.00305, 2, -40.929, 0.0448, 0.994, 0.948, 0.101, 0.368, 86.689] 3x2iRtELdbzoX7KjqEaqb5
[0.193, 0.0048, 0, -35.638, 0.0439, 0.991, 0.917, 0.0614, 0.0328, 68.688] 6CJ62zfIyqIyDILB8miQSp
[0.454, 0.0868, 2, -20.799, 0.0565, 0.993, 0.93, 0.388, 0.607, 80.636] 5tfQqsg8yKqD40loiYlqGK
[0.5, 0.176, 0, -15.373, 0.0621, 0.972, 0.846, 0.131, 0.565, 66.515] 2p4RFVWoMs3PecNOuyTgQP
[0.381, 0.132, 7, -20.517, 0.0771, 0.966, 0.888, 0.0858, 0.215, 83.352] 02TEWpbeJfGFC6rIIfYXC4
[0.494, 0.0239, 0, -20.804, 0.044, 0.969, 0.865, 0.123, 0.538, 144.877] 6Ayn5H4Zffc6YUjCYjidhq
[0.394, 0.0645, 2, -24.765, 0.0437, 0.967, 0.902, 0.11, 0.131, 140.536] 7Mszr1pGu7JE7DdzJAD4oE
[0.277, 0.149, 1, -26.007, 0.0403, 0.981, 0.839, 0.111, 0.906, 146.014] 5kMlyc6bQ0tJyFje172anV
[0.15, 0.0175, 7, -35.213, 0.0315, 0.992, 0.887, 0.0873, 0.44, 71.153] 5fg7lBz9cTPag2lZyvKCSR
[0.431, 0.104, 1, -18.765, 0.0476, 0.987, 0.896, 0.104, 0.0487, 66.06] 0oNHeWW2RRyoHOzkxisgme
[0.459, 0.00545, 0, -45.186, 0.207, 0.995, 0.958, 0.137, 0.582, 66.001] 67RQZZm4Qqr8wU7vbf6oCk
[0.323, 0.0378, 7, -26.356, 0.0469, 0.993, 0.887, 0.0808, 0.296, 177.1] 08O4lueP2pAn0L7One0zJy
[0.205, 0.00569, 11, -36.618, 0.0396, 0.993, 0.921, 0.104, 0.0568, 108.402] 7mwha6lEQfdg4Sksnoj6DP
[0.517, 0.0685, 8, -20.684, 0.069, 0.995, 0.909, 0.119, 0.309, 71.715] 3QAn9pRNP5ZGW82gLJflWv
[0.565, 0.00815, 11, -24.719, 0.0832, 0.992, 0.945, 0.108, 0.259, 151.194] 2OmZTfcpJ920qJGab3KMzu
[0.51, 0.142, 4, -20.839, 0.0641, 0.977, 0.764, 0.0692, 0.33, 101.294] 0qhMCM4W6Nl7xuc7lIZjG2
[0.53, 0.104, 7, -15.551, 0.0611, 0.972, 0.939, 0.167, 0.0778, 119.222] 2vAi6tyDCN2YeUeYUYb1Ev
[0.345, 0.141, 7, -20.892, 0.0464, 0.986, 0.939, 0.126, 0.304, 66.831] 3LtOJCwjbj6R1YvzP6qkh2
[0.351, 0.0561, 1, -30.098, 0.0512, 0.992, 0.887, 0.0892, 0.241, 77.248] 6lLhU4avJ0kSQjqnhionrL
[0.441, 0.00518, 0, -30.6, 0.0744, 0.995, 0.911, 0.0571, 0.0365, 114.757] 7dVSJcKJHYfRG7OURogSCo
[0.432, 0.131, 1, -17.916, 0.0664, 0.993, 0.941, 0.104, 0.141, 74.024] 7CK4YSK5HuhPkkNhvtnLRz
[0.585, 0.000549, 1, -39.408, 0.597, 0.995, 0.955, 0.132, 0.18, 132.291] 0dGiMPar62D7w5OK7Jymic
[0.344, 0.00516, 4, -34.225, 0.0494, 0.994, 0.917, 0.079, 0.0363, 68.017] 7GZ5dlvZp788nLONAqDFkQ
[0.597, 0.0581, 2, -21.727, 0.193, 0.98, 0.828, 0.084, 0.19, 125.454] 3aRoPyTkPy6isKg0l1qgGh
[0.471, 0.156, 3, -15.622, 0.0648, 0.992, 0.924, 0.119, 0.17, 81.498] 7ICB2wiOWUygZmcI3CeW2b
[0.469, 0.148, 5, -15.041, 0.0745, 0.928, 0.871, 0.0686, 0.1, 127.371] 3xWU3O7rMKKbumswGarEDW
[0.448, 0.00874, 7, -20.829, 0.0679, 0.973, 0.955, 0.109, 0.254, 65.53] 03fbnZIWcLQIWzcXj1sk4Q
[0.315, 0.0962, 9, -22.351, 0.0347, 0.978, 0.921, 0.0786, 0.249, 212.205] 1cysDGZ9EkwvlzTFouJrvf
[0.267, 0.176, 2, -25.944, 0.0375, 0.987, 0.939, 0.116, 0.836, 150.004] 5KKV6ggMKBcJSPQrpYGFRJ
[0.307, 0.0965, 2, -27.991, 0.0466, 0.995, 0.876, 0.0968, 0.325, 64.566] 1Gpsjsqo3Cq2F1OZPvbtOo
[0.423, 0.14, 2, -20.029, 0.0524, 0.993, 0.902, 0.115, 0.12, 76.915] 4oqYBbCFgog3PxXro0GiHy
[0.534, 0.000393, 6, -38.471, 0.342, 0.994, 0.946, 0.107, 0.271, 132.9] 1aFWi4HV1Z4HnPrFjzzxX2
[0.347, 0.038, 7, -26.721, 0.0681, 0.99, 0.866, 0.101, 0.114, 85.353] 7u3Nq1yHps9UGIoORAcHFj
[0.29, 0.0325, 1, -27.959, 0.0383, 0.99, 0.857, 0.0498, 0.0889, 78.733] 10G2sCl5hHGplN2Si3rKV9
[0.479, 0.166, 0, -19.771, 0.315, 0.986, 0.903, 0.207, 0.231, 109.381] 2GoVmw8OVRM8Zs0BffID4N
[0.258, 0.135, 0, -22.127, 0.0663, 0.986, 0.904, 0.124, 0.0388, 75.505] 3poLIDrrh2amlIheyU7gbo
[0.377, 0.0718, 8, -19.762, 0.134, 0.98, 0.867, 0.0975, 0.233, 180.4] 0Lwn09k662WCVsxcLUb3iM
[0.391, 0.0642, 1, -21.543, 0.0376, 0.989, 0.883, 0.17, 0.151, 134.318] 3z3leskZnUft7Xtdv0KS6Z
[0.374, 0.0301, 6, -23.865, 0.106, 0.983, 0.865, 0.105, 0.158, 174.412] 5NKOeftEl1VChPhKzttlzJ
[0.438, 0.0507, 7, -23.341, 0.0443, 0.986, 0.863, 0.131, 0.205, 95.695] 4evQRDAFs9xYRxrN49rlKD
[0.346, 0.147, 2, -25.51, 0.0362, 0.989, 0.911, 0.102, 0.589, 90.389] 60FxToU8vN7sFlAHxTvPze
[0.387, 0.00217, 4, -35.211, 0.0592, 0.995, 0.917, 0.0685, 0.039, 85.724] 1zmdG1GzXlmQukSBEV5LLI
[0.45, 0.165, 2, -16.556, 0.0513, 0.987, 0.928, 0.127, 0.0553, 73.201] 7C5M4dtkHWxU53rXAP7giZ
[0.341, 0.000825, 8, -39.799, 0.0593, 0.99, 0.967, 0.111, 0.124, 130.343] 4lauCupOhk6CmVfKWGnbSZ
[0.329, 0.00106, 2, -42.641, 0.0659, 0.99, 0.817, 0.0765, 0.0433, 78.977] 1UWN2Og6N8clwUFIlstp5e
[0.611, 0.0255, 6, -22.159, 0.3, 0.985, 0.847, 0.182, 0.399, 93.284] 1U9ByA3s93dePskTtJ9xIO
[0.395, 0.206, 0, -15.764, 0.0427, 0.977, 0.874, 0.132, 0.183, 85.357] 5VAfX8IATr9HxcCT8uuxqo
[0.549, 0.0503, 1, -21.627, 0.144, 0.976, 0.903, 0.0759, 0.132, 97.268] 1z7Rk7koAYM2EXpk0mLyjN
[0.562, 0.0257, 0, -19.238, 0.097, 0.986, 0.957, 0.0882, 0.26, 136.117] 7scq7xYaSf7FyjRsj13x22
[0.502, 0.18, 7, -22.16, 0.0388, 0.977, 0.904, 0.0828, 0.535, 92.024] 1BzFb2nEgWxiHNwBJK2SKU
[0.268, 0.0962, 3, -24.95, 0.0369, 0.991, 0.888, 0.142, 0.219, 167.631] 4jRuFV3E032j7m1jog7V6h
[0.533, 0.00167, 9, -37.331, 0.071, 0.994, 0.898, 0.0666, 0, 74.122] 3ydCa0nsjNUrpuvoAYbHMn
[0.397, 0.0771, 3, -21.169, 0.0491, 0.995, 0.923, 0.103, 0.42, 68.367] 1OExcb13zNXf5EGjY4jfNb
[0.379, 0.0203, 7, -33.981, 0.0533, 0.994, 0.919, 0.0888, 0.0653, 106.257] 459y9JSnNcT6sN2V9mNFIk
[0.254, 0.11, 6, -22.431, 0.0358, 0.986, 0.877, 0.107, 0.0343, 75.932] 17LJdYZ7R1Dr6mM3s8iGSl
[0.43, 0.217, 3, -18.886, 0.0845, 0.99, 0.862, 0.292, 0.266, 107.448] 7KclNpVKToedQ5BjeIhufT
[0.313, 0.0889, 1, -20.766, 0.049, 0.989, 0.923, 0.124, 0.383, 84.246] 6m3AJo2baFrIahyp1kDnwj
[0.43, 0.0274, 2, -22.733, 0.078, 0.983, 0.876, 0.088, 0.642, 142.865] 1spPcdBupTAJMKdOwCny00
[0.35, 0.181, 0, -18.915, 0.043, 0.988, 0.899, 0.153, 0.181, 85.199] 6xKrQAtHqqTMWydiHXkW3P
[0.414, 0.00125, 10, -28.599, 0.0573, 0.954, 0.545, 0.0889, 0.46, 60.957] 00H2jMjVFCtE8oTr3Ro0iT
[0.307, 0.135, 8, -19.661, 0.0589, 0.986, 0.887, 0.1, 0.135, 71.654] 1iDsv5k8gvjfATgLQ8j58m
[0.333, 0.00403, 8, -32.337, 0.0771, 0.992, 0.946, 0.0762, 0.139, 76.666] 5h8xfPLth0isyv1YRzupGf
[0.24, 0.115, 1, -23.791, 0.0393, 0.995, 0.917, 0.086, 0.0705, 76.973] 3OYOOJOQnGTZY5cvpWV9s0
[0.416, 0.217, 3, -14.955, 0.0453, 0.981, 0.886, 0.145, 0.0715, 69.454] 7rbIc15HCYm2xkzLAMZq98
[0.386, 0.00687, 5, -42.056, 0.0452, 0.995, 0.953, 0.0917, 0.11, 69.865] 7tiqYTYwCV01loyJv5MJQG
[0.393, 0.0311, 2, -28.368, 0.0423, 0.987, 0.826, 0.0841, 0.214, 56.91] 4SiSXm5M63daunookiD9Fe
[0.219, 0.00351, 6, -38.959, 0.0519, 0.994, 0.912, 0.0642, 0.169, 73.339] 5b7Pcrh76V13Lc7CZQv1zN
[0.426, 0.187, 7, -18.159, 0.0673, 0.986, 0.945, 0.141, 0.24, 126.769] 6cSHRt0uKO6XdeV8mGyymJ
[0.496, 0.0772, 1, -29.208, 0.0455, 0.99, 0.858, 0.101, 0.546, 115.8] 5EOvtxazRJdiyOvwWsJGk9
[0.404, 0.0674, 9, -18.081, 0.0752, 0.956, 0.885, 0.088, 0.151, 90.232] 7g5qUntn37lJbA0pzm8Zf3
[0.687, 0.09, 0, -16.972, 0.0693, 0.984, 0.705, 0.14, 0.527, 102.675] 6jKKGFGt5eiF5WX0qvX2cP
[0.294, 0.194, 7, -20.188, 0.0465, 0.987, 0.904, 0.0977, 0.256, 134.695] 59HZRWfzJOce0KdZz2y0M2
[0.36, 0.0565, 4, -31.426, 0.0407, 0.993, 0.92, 0.101, 0.656, 95.509] 0fAcLxWSzz89P2OclAhzSH
[0.335, 0.0543, 4, -23.695, 0.0381, 0.991, 0.841, 0.108, 0.0385, 138.098] 6BrnerJc68wNojAMS5BFkw
[0.511, 0.131, 9, -16.863, 0.078, 0.972, 0.888, 0.116, 0.0957, 110.601] 3XwvJun0MEWV6Cu8D5ztpC
[0.222, 0.0052, 2, -43.214, 0.0438, 0.995, 0.955, 0.122, 0.0588, 69.475] 4ntZQuJ5KhjAjEu7hVeYP9
[0.383, 0.0204, 1, -32.345, 0.0394, 0.991, 0.933, 0.095, 0.139, 67.39] 7yUPr1VuySa0JqYnIWqUxt
[0.529, 0.156, 4, -16.143, 0.0573, 0.987, 0.87, 0.113, 0.118, 108.305] 0q5M4Udey3eYycn0kdPwY6
[0.403, 0.166, 2, -17.976, 0.0739, 0.984, 0.946, 0.0916, 0.236, 138.535] 3477uZgUC0MOJylud8RvzK
[0.572, 0.027, 0, -23.495, 0.17, 0.959, 0.908, 0.0957, 0.578, 135.548] 03tepVofu8mjSPGkwbz1Ei
[0.538, 0.605, 10, -16.833, 0.106, 0.984, 0.779, 0.11, 0.473, 145.564] 4jJyKkYUue2rxYQB4otccl
[0.358, 0.13, 7, -20.634, 0.0404, 0.991, 0.907, 0.132, 0.256, 105.384] 2FZzZEOIhKoaCSt5qCSGIY
[0.338, 0.0321, 4, -28.332, 0.0369, 0.984, 0.93, 0.0959, 0.272, 103.326] 4l7fg4EskZd0yN7fsCbSbn
[0.313, 0.00647, 1, -35.714, 0.0397, 0.987, 0.975, 0.0966, 0.414, 77.108] 0G8LAa4yK9TehFqly6VzN0
[0.312, 0.187, 4, -18.275, 0.0394, 0.979, 0.906, 0.135, 0.0897, 78.698] 4NUDXQpVw5nec2ZExLD89f
[0.349, 0.00866, 9, -41.801, 0.0431, 0.995, 0.936, 0.143, 0.057, 129.408] 59nOY0ir56NgMNrapTWKVh
[0.477, 0.00213, 2, -25.674, 0.0531, 0.987, 0.91, 0.0683, 0.0396, 64.604] 4L6tqbGKD1Da6BW7afxfhG
[0.592, 0.199, 1, -21.086, 0.149, 0.982, 0.816, 0.158, 0.138, 107.458] 3lkgCCJIHtXd8yew5tAd01
[0.222, 0.176, 2, -17.306, 0.0452, 0.964, 0.922, 0.0671, 0.0876, 84.198] 74Nsem0lBMvozIz8R4JMyH
[0.604, 0.0535, 11, -25.065, 0.337, 0.98, 0.939, 0.0912, 0.489, 104.218] 353BMA5WVlMvTAMDI7HRFn
[0.496, 0.0852, 0, -18.056, 0.0552, 0.941, 0.87, 0.149, 0.374, 130.384] 7BYC6ZJWVT9RxsRtuHbgUx
[0.405, 0.301, 2, -19.234, 0.0444, 0.986, 0.907, 0.182, 0.963, 119.661] 3jbnmZg4iChGU9XffEsn3t
[0.355, 0.00802, 11, -33.407, 0.0444, 0.996, 0.831, 0.0995, 0.461, 110.763] 6pJGqdlcor12BaoLggSsfv
[0.536, 0.0862, 5, -20.729, 0.106, 0.994, 0.908, 0.15, 0.395, 129.433] 2mw4ZurAlU18axGEFW1uCA
[0.226, 0.00647, 0, -32.287, 0.0364, 0.991, 0.893, 0.111, 0.0481, 63.015] 4lz0kc8sx6rRkSTPm9mSNV
[0.347, 0.176, 1, -23.188, 0.0511, 0.982, 0.961, 0.0876, 0.0447, 122.528] 0hwVfJLOcQvlZobOLaCN5A
[0.257, 0.0222, 8, -33.421, 0.0332, 0.993, 0.882, 0.664, 0.0373, 78.018] 0DYYYxzIg0744QnatcrR9n
[0.527, 0.126, 5, -18.867, 0.0603, 0.989, 0.903, 0.177, 0.571, 95.465] 1cDy6EKrzkqu8rfoEHZtcZ
[0.408, 0.192, 3, -17.091, 0.0823, 0.95, 0.907, 0.111, 0.214, 202.792] 027aYdBEPjBxM3WChfmJDR
[0.408, 0.0467, 7, -21.969, 0.0547, 0.985, 0.873, 0.153, 0.16, 79.111] 5g10RDvNekt2qIkXBz0DIC
[0.363, 0.116, 0, -20.477, 0.0492, 0.993, 0.912, 0.155, 0.293, 146.64] 32dRY1qHQ1ZfzhOjfg2Ina
[0.253, 0.157, 7, -21.807, 0.0422, 0.988, 0.87, 0.15, 0.215, 142.685] 5aSBaYby0s1iBM4eF9lPr6
[0.525, 0.113, 5, -23.702, 0.0563, 0.995, 0.913, 0.103, 0.508, 134.431] 6yZV21EWAFjeAqm66MAMuq
[0.349, 0.0872, 8, -23.046, 0.0399, 0.995, 0.909, 0.0985, 0.234, 123.314] 05I9v4pPvV2AStXWwPEXBK
[0.355, 0.119, 5, -18.839, 0.0498, 0.983, 0.898, 0.118, 0.115, 124.113] 2F4eIkZRKhyIIOAM3qLOJu
[0.316, 0.0308, 4, -31.873, 0.0357, 0.97, 0.925, 0.123, 0.235, 94.136] 7MapUPmx6ySZlHCVWMBwL3
[0.458, 0.0414, 2, -28.92, 0.0362, 0.994, 0.927, 0.14, 0.176, 95.115] 6xd0ki2gG5cxmODNUmpvlX
[0.46, 0.129, 10, -20.002, 0.0771, 0.987, 0.87, 0.0487, 0.16, 96.956] 0hr2HkWVuvHbbERnnVVTzE
[0.222, 0.0159, 3, -25.586, 0.0555, 0.991, 0.89, 0.0975, 0.543, 178.686] 7eXe5CacYQqyj5Ekb5FCUA
[0.557, 0.118, 9, -21.674, 0.151, 0.978, 0.862, 0.0928, 0.473, 76.999] 5xNNEnHhg7dt65duiNlKui
[0.214, 0.0693, 0, -18.299, 0.06, 0.973, 0.91, 0.109, 0.0557, 179.523] 6Kl1ItVphhrTgWBbdaTTZP
[0.387, 0.173, 6, -24.752, 0.0483, 0.993, 0.916, 0.102, 0.817, 132.569] 2abjJqXdnSVeuEdV15oVJ6
[0.349, 0.00201, 6, -33.656, 0.0486, 0.994, 0.896, 0.0971, 0.175, 126.279] 1BjoyAMJBUohQVuVUPeVTU
[0.566, 0.0751, 6, -19.573, 0.0458, 0.989, 0.918, 0.118, 0.0974, 63.785] 6Hm2KXHekOF2uPMLbnXZx0
[0.447, 0.025, 2, -24.267, 0.0675, 0.995, 0.926, 0.119, 0.14, 125.918] 0R49bUdsqSFiYaCg914wAE
[0.199, 0.00919, 1, -38.768, 0.0375, 0.993, 0.868, 0.135, 0.0351, 82.806] 1sOiX0nwzytY73FxqCCOXX
[0.55, 0.127, 9, -21.579, 0.148, 0.983, 0.94, 0.0758, 0.358, 119.376] 4kjA1IVAoElsGTCHIQ9Fh5
[0.477, 0.0209, 4, -20.296, 0.297, 0.979, 0.872, 0.114, 0.113, 78.937] 5ihQhOsCrnhmWc1o4662Qq
[0.526, 0.0438, 7, -23.709, 0.0691, 0.969, 0.843, 0.098, 0.0549, 72.451] 17Su48qC1uB3v5f5WxCfiT
[0.427, 0.316, 9, -12.259, 0.0571, 0.953, 0.868, 0.0977, 0.217, 94.49] 5zhKwTqUY2oaNiBH2CTrBq
[0.389, 0.332, 6, -18.873, 0.0392, 0.991, 0.875, 0.106, 0.893, 100.727] 3ZrFph1H9a316faLAqk9Ex
[0.328, 0.0463, 7, -24.896, 0.0693, 0.994, 0.913, 0.147, 0.331, 118.991] 7rbVqasw9H1MUmvBNevIQZ
[0.151, 0.216, 3, -21.971, 0.0363, 0.975, 0.677, 0.108, 0.299, 142.84] 549gFl1Vv4QTmOk2IHgcqf
[0.466, 0.0919, 6, -20.414, 0.0509, 0.988, 0.902, 0.126, 0.112, 77.263] 0A81bRY7mlnqwv0GinQf9J
[0.48, 0.0254, 2, -22.729, 0.0394, 0.995, 0.934, 0.136, 0.101, 133.082] 3rfvA228ZIAALCagvRi2YV
[0.422, 0.00184, 1, -36.809, 0.0515, 0.992, 0.915, 0.0848, 0.0763, 104.82] 69WcbvJ6r5WFMTGluLFUmq
[0.431, 0.358, 6, -14.959, 0.302, 0.974, 0.877, 0.0833, 0.0742, 77.815] 5YbIabiWBNwV7IqDWdOWBt
[0.412, 0.274, 4, -15.055, 0.0617, 0.978, 0.853, 0.209, 0.5, 101.938] 5N0C1Z2L8mA3MUuGanEgJP
[0.462, 0.0525, 6, -23.399, 0.111, 0.991, 0.882, 0.095, 0.694, 73.855] 4z7cK4bFLpPpJdjzWVJK7Q
[0.404, 0.0313, 10, -19.938, 0.0541, 0.986, 0.904, 0.11, 0.08, 73.819] 5Dn5wLvW1DrFA2rNgE5dwE
[0.441, 0.237, 7, -19.674, 0.0311, 0.988, 0.932, 0.216, 0.939, 96.204] 2v7cCz0VWGslcEMRVqLKKY
[0.411, 0.00261, 1, -28.569, 0.0506, 0.992, 0.858, 0.0515, 0.0984, 117.122] 57uz4HFy8x5RlMejWvRSEO
[0.477, 0.0873, 0, -20.652, 0.0459, 0.989, 0.89, 0.112, 0.362, 87.194] 1WK64vAeM4RfLImdumGXLq
[0.461, 0.0376, 2, -21.629, 0.0413, 0.993, 0.924, 0.113, 0.182, 63.729] 5r0dJCB4hdwoD5Nv9oXoDi
[0.262, 0.0067, 1, -31.333, 0.0373, 0.993, 0.87, 0.0903, 0.0386, 55.475] 2PV9zXGzwdEiDbDcqwh15W
[0.499, 0.0993, 5, -20.271, 0.0585, 0.993, 0.846, 0.114, 0.358, 101.475] 4iCXYzDuGH1K7InOqzN6Tx
[0.424, 0.36, 5, -17.534, 0.0536, 0.972, 0.871, 0.146, 0.0796, 95.138] 3hbIgsRd2AypvzIMxnkOSM
[0.575, 0.00988, 1, -25.699, 0.104, 0.988, 0.93, 0.0935, 0.378, 79.55] 4C9FbQIpGuK8Yqr5lxrxmR
[0.341, 0.341, 0, -12.655, 0.0431, 0.947, 0.957, 0.203, 0.331, 96.694] 7oLhnqHdphD9nHYQlzX63X
[0.353, 0.237, 7, -19.715, 0.0648, 0.986, 0.853, 0.059, 0.201, 125.908] 0DFLfPK2PW3DtsB8Oeskxa
[0.332, 0.0623, 7, -27.224, 0.0366, 0.992, 0.927, 0.0911, 0.382, 150.814] 6Dy4pVqPG0mqp5ObwnSPTo
[0.307, 0.139, 10, -20.734, 0.0351, 0.982, 0.973, 0.127, 0.247, 74.722] 0F2N5QqLLNlkasGAtjuWea
[0.385, 0.13, 3, -17.412, 0.0538, 0.985, 0.906, 0.121, 0.0782, 69.161] 1928IvGle8TUxcZ2UWbkGZ
[0.4, 0.0155, 4, -27.11, 0.0427, 0.992, 0.931, 0.115, 0.192, 163.267] 2YPW5BwrneqeMk1M1v1kgG
[0.415, 0.0361, 0, -24.668, 0.0859, 0.99, 0.912, 0.106, 0.146, 167.841] 4jtdEAAd9xWwEX6wSx9p9Y
[0.297, 0.0158, 8, -34.668, 0.0319, 0.993, 0.925, 0.0698, 0.0637, 66.975] 7kpawAfEyZzygvvU1VegI0
[0.455, 0.0745, 6, -20.484, 0.0477, 0.992, 0.91, 0.179, 0.116, 74.486] 49bKbmY5L5bTefFVdEbis0
[0.309, 0.0435, 5, -19.791, 0.0479, 0.988, 0.928, 0.129, 0.484, 82.83] 4kGFR3QeYw0edwYZ9H5Xy8
[0.421, 0.213, 0, -16.337, 0.0414, 0.9, 0.865, 0.111, 0.323, 124.604] 0JheaHvkOiGF3SHodVYXqu
[0.59, 0.234, 8, -22.18, 0.0502, 0.992, 0.875, 0.129, 0.979, 118.496] 0PnkRdjUjysZDoYUDi0oGm
[0.354, 0.00677, 8, -27.428, 0.0377, 0.995, 0.901, 0.111, 0.0397, 69.526] 2KQEf9ZtyWqJ146x79b4fx
[0.459, 0.0973, 8, -20.985, 0.043, 0.982, 0.966, 0.133, 0.252, 85.051] 3LyqOqAQHLjR5wbCdEXt0h
[0.516, 0.0387, 2, -25.468, 0.0487, 0.996, 0.943, 0.0724, 0.135, 70.13] 5Ps6npGkidLGxn5zBhos8u
[0.237, 0.015, 8, -33.829, 0.0426, 0.993, 0.874, 0.123, 0.141, 66.39] 5U2ij4TT4bioNVq6mQCqbE
[0.547, 0.108, 10, -22.116, 0.0737, 0.988, 0.893, 0.0926, 0.428, 73.663] 58WarhwtAtRBwCSG3fZha6
[0.533, 0.122, 1, -15.692, 0.151, 0.973, 0.924, 0.142, 0.0843, 86.787] 23ZwzuZRd8EmKkt0rspflz
[0.573, 0.0999, 7, -17.416, 0.0554, 0.974, 0.876, 0.112, 0.384, 134.746] 5n1lWZVdKRkkZhuyIDBjP6
[0.49, 0.0884, 8, -27.581, 0.0505, 0.994, 0.853, 0.177, 0.599, 99.52] 3uCU5CN92ASMF1ocOgfFoJ
[0.346, 0.127, 10, -20.557, 0.0466, 0.989, 0.794, 0.165, 0.458, 137.818] 5lEiVmw5oa22WednS7ERt9
[0.437, 0.0848, 8, -15.796, 0.0539, 0.988, 0.9, 0.114, 0.127, 63.996] 1vOUKMAfyKp2WBHLt2TEpi
[0.349, 0.00751, 0, -33.351, 0.0393, 0.996, 0.865, 0.108, 0.0689, 107.856] 5UimgHyQCtkoEk2CVwAI2j
[0.425, 0.0301, 0, -26.599, 0.0427, 0.992, 0.92, 0.219, 0.216, 99.265] 0biegPIlwcFeu0BqrDReFk
[0.518, 0.128, 1, -20.416, 0.0595, 0.993, 0.914, 0.0845, 0.842, 111.963] 7rqxAmIyi3Ad0LOOlVTET7
[0.531, 0.0422, 10, -24.372, 0.353, 0.957, 0.918, 0.113, 0.218, 132.569] 69LsF4bfOhrUEO43SZCmM7
[0.339, 0.104, 7, -17.502, 0.058, 0.96, 0.88, 0.2, 0.337, 181.867] 0KHOM703YLuv8cu9DYMHkC
[0.283, 0.309, 6, -19.82, 0.043, 0.988, 0.828, 0.135, 0.81, 154.175] 20sijJurnRj8ezLhsUkw2D
[0.386, 0.0423, 3, -31.511, 0.0439, 0.99, 0.955, 0.128, 0.183, 100.83] 26GSIVl3WPCZVl8ESFr9cS
[0.42, 0.233, 9, -15.258, 0.0437, 0.958, 0.899, 0.228, 0.119, 137.524] 0zgamqgl0JOLqg7TjsZvLK
[0.396, 0.00413, 7, -38.837, 0.0394, 0.996, 0.948, 0.107, 0.329, 66.386] 2aYJcfEYfxoGDwDV7JTgiC
[0.45, 0.052, 0, -27.862, 0.0443, 0.986, 0.907, 0.137, 0.153, 111.867] 4e8ohMHpfAHqCbTehEdhM4
[0.379, 0.00369, 6, -35.661, 0.0454, 0.988, 0.814, 0.0752, 0.0364, 70.196] 3vSkDjOSOVgNUGjWDiPw63
[0.435, 0.213, 2, -21.353, 0.0745, 0.988, 0.922, 0.173, 0.35, 122.643] 54RxJDh03App31O4yxqn6y
[0.447, 0.12, 7, -22.619, 0.079, 0.971, 0.841, 0.0679, 0.207, 83.666] 3yKjp0TAevEv626gh2wMO5
[0.527, 0.137, 7, -18.389, 0.067, 0.992, 0.913, 0.126, 0.148, 100.159] 6ZSNnTDdGJm754diujwjJb
[0.566, 0.239, 9, -20.597, 0.0404, 0.991, 0.864, 0.13, 0.964, 128.964] 4OSZiekEenDIcp6ZPRdcnf
[0.563, 0.000727, 8, -22.512, 0.599, 0.989, 0.956, 0.089, 0.341, 129.074] 2hou2Zp13wFwrRO2kKZR5j
[0.445, 0.102, 9, -19.439, 0.0446, 0.985, 0.887, 0.119, 0.143, 107.285] 4dkELnYrxSJK0x42hSDAmw
[0.215, 0.00585, 7, -33.938, 0.0403, 0.995, 0.926, 0.131, 0.0676, 62.296] 1teOoJVpui5pLQCnTJw6ee
[0.228, 0.014, 9, -35.162, 0.0415, 0.994, 0.94, 0.0945, 0.038, 65.619] 3c2SpvKpXTxagsrZPT86JK
[0.342, 0.15, 1, -21.463, 0.0502, 0.987, 0.916, 0.0558, 0.538, 84.237] 20urqfpsR53FH6R230C3zE
[0.348, 0.296, 7, -13.665, 0.0722, 0.955, 0.855, 0.19, 0.373, 70.154] 545p0gk6hqi2TqNgewNHrN
[0.313, 0.0687, 0, -19.514, 0.0447, 0.979, 0.927, 0.112, 0.224, 182.531] 2qbJOe75oj6mH89kb481Af
[0.399, 0.154, 10, -23.657, 0.0414, 0.982, 0.881, 0.115, 0.712, 80.413] 6WYwDns2KezUlHllvtUbdQ
[0.281, 0.00558, 10, -27.497, 0.0614, 0.994, 0.908, 0.0765, 0.0399, 79.226] 687p50vP9rflKHBREtKQOf
[0.425, 0.147, 2, -18.55, 0.0447, 0.984, 0.927, 0.069, 0.158, 125.647] 0mCyqgHkYuXP0slLWrtlCJ
[0.36, 0.0587, 9, -23.462, 0.058, 0.987, 0.958, 0.102, 0.24, 179.504] 4TliAtlXrg34IborlywqRY
[0.512, 0.0494, 1, -25.056, 0.107, 0.993, 0.923, 0.0733, 0.165, 119.372] 2OHqPi1YOsCmuoYSunORMv
[0.707, 0.0036, 8, -27.23, 0.413, 0.993, 0.955, 0.11, 0.312, 63.971] 1IIJnMukbf54Ze2ZgK7pGu
[0.351, 0.0727, 5, -22.094, 0.0479, 0.976, 0.841, 0.0973, 0.4, 173.285] 1pOfw702Qn1ivZfOQvX9IF
[0.636, 0.0482, 10, -27.549, 0.0935, 0.995, 0.947, 0.094, 0.138, 74.138] 08QxsY4rQo71YyrDyDAlzm
[0.228, 0.337, 8, -17.658, 0.0426, 0.975, 0.618, 0.131, 0.337, 69.918] 0NPwuivLAATheqcVhHNHUH
[0.47, 0.19, 10, -14.157, 0.0451, 0.979, 0.918, 0.123, 0.254, 78.983] 5Ts4lBKBv14Im4P0VXhyyi
[0.443, 0.00271, 2, -40.712, 0.0432, 0.988, 0.627, 0.0631, 0.0578, 127.608] 1SRWueGfUYNcJLNC6djBTy
[0.341, 0.196, 0, -19.075, 0.0513, 0.988, 0.937, 0.153, 0.177, 151.429] 5mK0pkZ6KyWSm9aQ4g9e2I
[0.438, 0.177, 11, -20.003, 0.0584, 0.983, 0.902, 0.136, 0.673, 137.823] 0RRHToiFMyud4yU9Fkn3Oa
[0.502, 0.0388, 8, -22.885, 0.13, 0.968, 0.916, 0.0439, 0.0845, 78.52] 44rngpu6iBcFnz5qZSkFgg
[0.429, 0.121, 0, -17.242, 0.0349, 0.927, 0.91, 0.112, 0.412, 84.637] 0XM3wWLgBYfMy2OxIqB1Zu
[0.412, 0.0927, 8, -24.967, 0.0368, 0.992, 0.851, 0.135, 0.745, 111.411] 02kUTMd6PCsA35AvCA8Wf8
[0.301, 0.0303, 5, -38.487, 0.0442, 0.981, 0.534, 0.0641, 0.0932, 70.212] 5wFfyBNUD4LfkoHFwIKuJG
[0.398, 0.108, 3, -19.153, 0.0472, 0.994, 0.911, 0.189, 0.295, 171.831] 34LEB7ne3uCdHpX2LGCF1I
[0.3, 0.0905, 3, -32.665, 0.0375, 0.992, 0.852, 0.121, 0.216, 138.95] 0oDGwFOCJn5h8hxO4H4sGc
[0.641, 0.0165, 1, -22.439, 0.166, 0.988, 0.857, 0.164, 0.484, 70.336] 7bZ849Jen2GuAzjYqaeN71
[0.388, 0.0223, 9, -17.778, 0.381, 0.981, 0.848, 0.106, 0.0754, 67.091] 2BT5otzZpcrNO2WurDx6h6
[0.332, 0.109, 9, -16.767, 0.0828, 0.956, 0.911, 0.0792, 0.151, 66.12] 59ylIxlU1n3lvnYIClEjkV
[0.574, 0.0573, 2, -27.493, 0.113, 0.995, 0.945, 0.0809, 0.372, 63.433] 0O7pkPro3WGZ1ThrXWV0mN
[0.268, 0.227, 9, -18.408, 0.036, 0.978, 0.927, 0.262, 0.045, 62.673] 5j1Lh0NuXUpSX6dAfEW1Y5
[0.419, 0.187, 11, -18.982, 0.0657, 0.99, 0.939, 0.129, 0.534, 193.466] 0g7hd0EnKS4fWi1WA1GUX4
[0.281, 0.0741, 8, -24.651, 0.0449, 0.988, 0.885, 0.0462, 0.0334, 70.979] 7ej8qqZPmv9Q3XED6xSVs1
[0.402, 0.208, 0, -18.775, 0.0519, 0.993, 0.938, 0.115, 0.677, 114.196] 53DE6zeK8T6tu5CH90qpvQ
[0.557, 0.135, 6, -27.939, 0.268, 0.989, 0.92, 0.112, 0.157, 126.902] 6ZXKWH6Xs7GqqI4hMWThRq
[0.378, 0.239, 10, -17.836, 0.0481, 0.969, 0.912, 0.112, 0.49, 77.22] 3r3PEMjy0zVm6HPiMmoCaW
