[0.582, 0.946, 0, -3.801, 0.034, 9.66e-05, 0.00129, 0.251, 0.806, 124.986] 1EEt3kxO1yZSZd13DqvT8f
[0.481, 0.765, 7, -4.025, 0.0388, 0.00381, 0.000737, 0.119, 0.465, 102.829] 1Yi8XPnCPoimWwqxwm3uz9
[0.523, 0.896, 11, -3.221, 0.138, 0.00283, 0.0315, 0.183, 0.639, 188.137] 79DQcqdOuzHH5g0fI8KShf
[0.72, 0.893, 1, -3.279, 0.0376, 0.0109, 2.52e-05, 0.0729, 0.795, 100.96] 2QoDAlMnML5haTXvYRS86X
[0.606, 0.679, 2, -7.445, 0.0321, 0.015, 0.000427, 0.234, 0.705, 122.012] 6XRgC4KAp4upKu0v7H4tQo
[0.615, 0.858, 0, -3.3, 0.0396, 0.00393, 0, 0.0789, 0.323, 97.038] 03CbQgFxnBFoaaVJTfEqMD
[0.573, 0.875, 0, -3.841, 0.0297, 0.000456, 0, 0.403, 0.843, 102.003] 3sZSnOUL2kskr3gpyXCEWk
[0.535, 0.836, 2, -5.593, 0.0746, 0.00121, 0, 0.102, 0.443, 85.005] 1JG8pJ7G8qJiy98DzCBL2E
[0.568, 0.961, 9, -2.182, 0.065, 0.00428, 0, 0.138, 0.924, 148.126] 3NyovXfcpc8PDWWKH7xEDs
[0.659, 0.65, 8, -7.37, 0.0242, 0.0507, 6.78e-05, 0.082, 0.484, 90.065] 58Xf9pv08HhsBdLshzIYAQ
[0.42, 0.976, 0, -2.236, 0.108, 3.17e-05, 0.00321, 0.0426, 0.39, 164.023] 36GhBMw1CVJpsrazHYbXQy
[0.561, 0.782, 0, -5.863, 0.04, 0.0209, 0, 0.315, 0.486, 94.004] 1Xls3QHvOQ7YLB54R6BvgG
[0.539, 0.886, 1, -6.133, 0.0459, 0.000436, 0.000122, 0.168, 0.5, 95.995] 1DqpFQJcBRkfTs6U6XlfIQ
[0.43, 0.879, 1, -4.11, 0.132, 0.00295, 0.0373, 0.102, 0.561, 177.934] 3Lj2PcKAkTXYiSVSeT7UA7
[0.542, 0.818, 4, -3.261, 0.0395, 0.000629, 1.22e-06, 0.0876, 0.432, 131.018] 4fB1OI42wuC0SirSR64qc1
[0.552, 0.804, 8, -4.299, 0.0303, 0.00598, 0, 0.111, 0.714, 95.98] 6YQUuoMnRIMaOmouYoMfQr
[0.429, 0.873, 5, -6.121, 0.0539, 0.00362, 0.299, 0.111, 0.439, 79.529] 2IHxrbIAQB5sRZTGYvEd01
[0.468, 0.786, 1, -6.124, 0.0448, 0.074, 0, 0.0828, 0.4, 112.288] 0kwbhAzmXoEfv1XAccsLGh
[0.503, 0.568, 4, -7.182, 0.0341, 0.00131, 0.00144, 0.0856, 0.0705, 126.935] 5bQwqWRODr2OeekQFmQUkr
[0.568, 0.9, 7, -3.629, 0.139, 0.0377, 0, 0.363, 0.375, 94.963] 5gXzlZgbBIYIcGGf2x3uyZ
[0.492, 0.964, 8, -3.475, 0.0729, 0.00046, 0.00582, 0.434, 0.703, 157.036] 3B2FeobPJ5LPVdF0H40Kgf
[0.551, 0.896, 11, -4.905, 0.0443, 0.0049, 0.00514, 0.252, 0.54, 106.483] 5DlQetNIPiALnYuM3BFgRz
[0.63, 0.849, 7, -4.953, 0.0811, 0.00207, 4.27e-06, 0.11, 0.781, 151.988] 79YqE7RhYB4jYmW8tXBw1A
[0.591, 0.797, 2, -4.675, 0.0297, 0.00462, 1.3e-06, 0.137, 0.351, 104.014] 5TU1cWjUGyVKjSnIIxRSEf
[0.452, 0.944, 2, -3.785, 0.0587, 0.00717, 0.161, 0.0766, 0.673, 148.07] 4rhUBIlzi7zgV7TryhVujl
[0.572, 0.639, 5, -6.196, 0.0506, 0.0922, 1.64e-05, 0.563, 0.804, 179.857] 78n9Kl5xJjWfUPEYUAhhG1
[0.529, 0.743, 1, -6.865, 0.091, 0.00378, 5.46e-06, 0.0432, 0.616, 112.985] 32rG7MMvXotrLIVSGHAN5W
[0.476, 0.861, 10, -7.358, 0.5, 0.0169, 0.000287, 0.237, 0.0861, 95.231] 2wBEMqe81CXIX88kph8GBO
[0.401, 0.923, 8, -5.596, 0.0469, 0.0037, 0, 0.469, 0.237, 83.241] 31cVLkCPfvIyWiqiCZhDqm
[0.504, 0.888, 1, -5.224, 0.0935, 0.000516, 0.000318, 0.602, 0.47, 179.757] 6Pj2nU8oN5P1fKAsbNK0Ll
[0.423, 0.792, 5, -6.227, 0.0396, 1.49e-05, 0, 0.429, 0.195, 119.974] 0KcHwAnK9I7ieGVaRJICxT
[0.484, 0.93, 2, -4.459, 0.148, 0.00726, 0.000259, 0.151, 0.515, 194.036] 0MS4mfGlVa925o8g14N2ei
[0.507, 0.803, 6, -6.555, 0.0606, 0.00212, 0.571, 0.507, 0.312, 140.047] 7aIEOtCR4HhoDreA6syizW
[0.609, 0.674, 10, -7.388, 0.0548, 0.0735, 0.06, 0.345, 0.315, 90.009] 23OXdR7YuUBVWh5hSnYJau
[0.438, 0.778, 1, -7.452, 0.0683, 0.00269, 0.779, 0.0893, 0.457, 95.775] 3Vm5T4ZUrPXXkJ5YXqfvMX
[0.557, 0.886, 0, -3.092, 0.0378, 0.000125, 0.000199, 0.355, 0.638, 127.982] 2CEjWJ4lPiodKXXS2bhVyP
[0.463, 0.832, 11, -4.906, 0.0394, 0.000118, 0.222, 0.0829, 0.146, 112.919] 0BwUDxmycBUvEqScnYjawd
[0.666, 0.775, 2, -5.458, 0.0979, 0.0226, 0, 0.254, 0.59, 144.998] 1SNipdzMky2C2LwvoVRzsv
[0.421, 0.859, 1, -4.333, 0.0694, 0.000103, 0.000248, 0.1, 0.373, 166.099] 4iGBPovu7Hy7TUg6Wk6pjt
[0.553, 0.868, 6, -4.186, 0.048, 7.35e-05, 0.0359, 0.0934, 0.5, 140.047] 4x241uAmPrxKZdCZKt2r5t
[0.645, 0.85, 7, -4.184, 0.193, 0.00119, 0, 0.241, 0.45, 90.999] 51rdCmgHBzg9HJ7eHjVRK9
[0.68, 0.557, 9, -7.25, 0.0407, 0.0129, 0, 0.196, 0.521, 130.042] 4TrzjmGcj6b8ct55iYQZXl
[0.633, 0.952, 11, -3.101, 0.0532, 0.0251, 0, 0.404, 0.9, 131.981] 1dSreFBAq3Tz7eLvea5ikf
[0.374, 0.997, 11, -2.051, 0.11, 0.000196, 0.0272, 0.103, 0.339, 151.764] 0mJiP6nknBsajRzZooLOVh
[0.49, 0.492, 0, -9.05, 0.031, 0.000496, 2.24e-05, 0.0899, 0.541, 157.954] 2nNCQ7lebrRxeUYaf4hKni
[0.27, 0.948, 1, -2.979, 0.136, 0.0285, 0, 0.152, 0.475, 98.765] 5QMmZqzh93EY6gJG4PmzHA
[0.521, 0.856, 11, -3.499, 0.0511, 0.011, 0, 0.31, 0.454, 136.985] 6DLKNWx11doB3MnMntfK2e
[0.5, 0.675, 9, -9.166, 0.043, 0.0185, 0.0152, 0.201, 0.614, 122.813] 7dNDyDsDdN2X2n0cWIon5e
[0.518, 0.748, 5, -3.856, 0.0851, 0.0343, 0.0337, 0.086, 0.664, 150.024] 6sxtXvoNeOnavXqlIceWch
[0.531, 0.976, 7, -7.339, 0.0448, 0.000175, 7.39e-05, 0.392, 0.527, 115.029] 0VIMMw4UzOEMSKGLHa5rfR
[0.362, 0.84, 9, -4.214, 0.0568, 9.43e-05, 0.232, 0.32, 0.366, 145.196] 4mwAj7Y1bKcZEwLUNa0rMq
[0.439, 0.92, 2, -3.772, 0.107, 0.00655, 0.00291, 0.351, 0.533, 177.987] 2fZFQe9qyQx1AX7tZ3Uztl
[0.481, 0.765, 7, -4.025, 0.0388, 0.00381, 0.000737, 0.119, 0.465, 102.829] 1Yi8XPnCPoimWwqxwm3uz9
[0.59, 0.6, 6, -7.251, 0.0307, 0.00943, 0, 0.123, 0.389, 91.964] 51kzBRf8LFVFybAs7n71y4
[0.391, 0.8, 2, -2.761, 0.0523, 0.00977, 3.08e-06, 0.329, 0.398, 83.81] 11FvComd16zZX61DrlP3o1
[0.493, 0.754, 6, -2.281, 0.0341, 0.0189, 0.000415, 0.38, 0.504, 152.12] 57okMoH9ZaiQemzwaMy8AY
[0.659, 0.65, 8, -7.37, 0.0242, 0.0507, 6.78e-05, 0.082, 0.484, 90.065] 58Xf9pv08HhsBdLshzIYAQ
[0.531, 0.956, 2, -3.727, 0.109, 0.0191, 3.48e-06, 0.0738, 0.629, 160.036] 6CyFFO2BnypzVWozgtvDdV
[0.442, 0.836, 9, -5.664, 0.0423, 0.00531, 0.000528, 0.347, 0.423, 152.044] 7jh3IHdHMcm9oJBSP9IJJW
[0.535, 0.768, 6, -4.554, 0.0577, 0.00736, 0, 0.661, 0.514, 156.014] 4swVflM7KtMxzfHBWqPv9S
[0.606, 0.679, 2, -7.445, 0.0321, 0.015, 0.000427, 0.234, 0.705, 122.012] 6XRgC4KAp4upKu0v7H4tQo
[0.622, 0.842, 11, -3.678, 0.0609, 0.00342, 0.00014, 0.0575, 0.724, 136.041] 3eSyMBd7ERw68NVB3jlRmW
[0.602, 0.747, 0, -5.834, 0.0389, 0.00252, 0, 0.403, 0.93, 143.912] 73glTi6Nc4RfUBTnNGk8MC
[0.449, 0.979, 1, -1.531, 0.0742, 1.25e-05, 0.118, 0.244, 0.413, 155.013] 0uYPcHgqGXG5jXFHoSaIJM
[0.667, 0.789, 10, -6.187, 0.0556, 0.00609, 0, 0.553, 0.713, 134.933] 32PINF4tmKyRHurHQ9l1Hp
[0.72, 0.893, 1, -3.279, 0.0376, 0.0109, 2.52e-05, 0.0729, 0.795, 100.96] 2QoDAlMnML5haTXvYRS86X
[0.573, 0.875, 0, -3.841, 0.0297, 0.000456, 0, 0.403, 0.843, 102.003] 3sZSnOUL2kskr3gpyXCEWk
[0.453, 0.901, 2, -5.155, 0.161, 0.000802, 1.51e-05, 0.342, 0.272, 150.068] 5CG2gNKeYRebNQXjDMBsXR
[0.62, 0.61, 11, -8.329, 0.0373, 0.00849, 0.162, 0.205, 0.235, 127.052] 1E1uGhNdBe6Dddbgs2KqtZ
[0.547, 0.922, 6, -5.845, 0.0858, 0.00619, 1.13e-05, 0.349, 0.844, 160.128] 6hZ11ThYoAHlLJsBK2U3jH
[0.634, 0.865, 9, -4.363, 0.0367, 0.00205, 1.25e-06, 0.307, 0.879, 112.021] 0DcZkCO6y7I6fUMlz1qAhR
[0.343, 0.91, 8, -5.734, 0.0648, 0.00136, 5.67e-05, 0.0717, 0.15, 163.975] 0Sie4zIpI18dBZ0ptyo0SP
[0.499, 0.779, 5, -6.748, 0.034, 0.000105, 0.00239, 0.107, 0.464, 142.038] 1yAzT7gBa4nAn8SeUrwj3E
[0.248, 0.937, 5, -5.121, 0.0687, 0.00742, 0.362, 0.0799, 0.142, 149.796] 1tBZnhDT8xbgJTs43FiqrD
[0.469, 0.862, 4, -6.48, 0.109, 0.000248, 0.000322, 0.0661, 0.322, 87.048] 2dmPVqFpmhNuggEB3niC9S
[0.464, 0.852, 11, -3.804, 0.067, 0.0116, 0, 0.108, 0.233, 160.075] 4mGdjNMo0RonTlOEb7cYg4
[0.533, 0.941, 7, -4.599, 0.0414, 2.95e-05, 0.000184, 0.0624, 0.394, 104.005] 6bOj7WCt0QxXyefvRg7HXN
[0.542, 0.818, 4, -3.261, 0.0395, 0.000629, 1.22e-06, 0.0876, 0.432, 131.018] 4fB1OI42wuC0SirSR64qc1
[0.45, 0.872, 7, -4.91, 0.0353, 0.0018, 1.61e-05, 0.0833, 0.396, 156.059] 3lwpE0SEaQV5DWNjqMtYEk
[0.67, 0.681, 10, -5.236, 0.0314, 5.28e-05, 2.07e-06, 0.108, 0.886, 107.056] 47HzIZTqyoSiL8J8n2frZk
[0.553, 0.961, 5, -3.938, 0.0576, 0.000177, 0.0282, 0.324, 0.649, 151.044] 2OGMrY64jacYDgCxMXgxiJ
[0.409, 0.94, 9, -6.797, 0.0533, 0.000108, 0.000721, 0.146, 0.278, 155.98] 2IMsZ8YVBwKDJGVKJim5gq
[0.429, 0.873, 5, -6.121, 0.0539, 0.00362, 0.299, 0.111, 0.439, 79.529] 2IHxrbIAQB5sRZTGYvEd01
[0.572, 0.639, 5, -6.196, 0.0506, 0.0922, 1.64e-05, 0.563, 0.804, 179.857] 78n9Kl5xJjWfUPEYUAhhG1
[0.553, 0.868, 6, -4.186, 0.048, 7.35e-05, 0.0359, 0.0934, 0.5, 140.047] 4x241uAmPrxKZdCZKt2r5t
[0.437, 0.794, 0, -5.631, 0.0438, 0.0153, 0, 0.338, 0.541, 144.066] 2WuDGjp1Ydst3xHHLKO5NW
[0.27, 0.931, 1, -5.016, 0.232, 0.0139, 0, 0.218, 0.446, 124.608] 3KmuRpdh3UDv9GHyO8SmgB
[0.506, 0.329, 7, -13.313, 0.064, 0.261, 0.158, 0.0682, 0.503, 200.133] 0t3BGP2os4LjXL9TVQn6O0
[0.455, 0.84, 8, -2.924, 0.0935, 0.212, 4.45e-06, 0.201, 0.486, 149.965] 18SCRO7uUmegECp0Hu4oHB
[0.63, 0.849, 7, -4.953, 0.0811, 0.00207, 4.27e-06, 0.11, 0.781, 151.988] 5vxX2POnp7NBbaCAIVQix7
[0.374, 0.997, 11, -2.051, 0.11, 0.000196, 0.0272, 0.103, 0.339, 151.764] 0mJiP6nknBsajRzZooLOVh
[0.43, 0.899, 1, -4.319, 0.0471, 0.0103, 0.00559, 0.0755, 0.371, 130.041] 47AxWcM1NsPvFawiY3Izln
[0.451, 0.865, 11, -4.219, 0.044, 0.0103, 0.0316, 0.232, 0.461, 172.153] 1YFxTkX1asVS76GynrhCjO
[0.361, 0.895, 10, -3.94, 0.06, 0.00035, 0, 0.349, 0.459, 177.959] 704NoIIW2Jo98WFUViSqk1
[0.392, 0.973, 9, -5.02, 0.0733, 0.000292, 2.35e-05, 0.348, 0.6, 176.977] 4a0db84JDqxU4bpWjVDKxn
[0.529, 0.743, 1, -6.865, 0.091, 0.00378, 5.46e-06, 0.0432, 0.616, 112.985] 5wh2HkexEQ3dPV4CDjGqMG
[0.568, 0.9, 7, -3.629, 0.139, 0.0377, 0, 0.363, 0.375, 94.963] 5gXzlZgbBIYIcGGf2x3uyZ
[0.328, 0.959, 10, -4.987, 0.0962, 4.25e-05, 0.00277, 0.0627, 0.282, 75.022] 2X74O34NEYLsM9f2wGaZVN
[0.582, 0.72, 1, -6.137, 0.0315, 0.0718, 0, 0.151, 0.467, 119.955] 2vlMSZBJxEmgar9mmE83j1
[0.485, 0.805, 1, -3.476, 0.0385, 0.0318, 0.0909, 0.062, 0.459, 99.864] 3s9oKWdvPOF7KMgtApYVE4
[0.359, 0.889, 2, -4.238, 0.0517, 0.000355, 0.00324, 0.0577, 0.469, 94.059] 61oG7DvhBOvdXBALpVY9VG
[0.466, 0.864, 3, -5.586, 0.0976, 5.45e-05, 0, 0.234, 0.481, 138.075] 7EEaV81pUNKvqsTrEHGoQH
[0.515, 0.906, 7, -4.982, 0.0445, 7.69e-05, 0.431, 0.0934, 0.194, 120.132] 1T8IRUJBga0JXioJZvxjBR
[0.452, 0.882, 7, -4.406, 0.0362, 0.00254, 2.17e-05, 0.0836, 0.398, 156.277] 7nioCrPVTkYopUB1rTvtK1
[0.531, 0.976, 1, -4.7, 0.0669, 0.000107, 0.406, 0.0729, 0.455, 100.984] 2tNx0sauNCGfpniMNu9hEh
[0.553, 0.868, 6, -4.186, 0.048, 7.35e-05, 0.0359, 0.0934, 0.5, 140.047] 4x241uAmPrxKZdCZKt2r5t
[0.31, 0.825, 1, -4.53, 0.0563, 0.00356, 0, 0.641, 0.475, 89.885] 4GSjFSK1SM78wPTVbsSB0S
[0.503, 0.568, 4, -7.182, 0.0341, 0.00131, 0.00144, 0.0856, 0.0705, 126.935] 5bQwqWRODr2OeekQFmQUkr
[0.432, 0.828, 1, -5.769, 0.0669, 0.000104, 0.000215, 0.101, 0.367, 166.035] 1zfFle2YCXuUFXlAAZ4QOS
[0.518, 0.879, 8, -4.094, 0.0773, 0.00137, 0, 0.092, 0.635, 174.162] 2ug1P83DyU1Wt19VWC0juK
[0.406, 0.964, 6, -4.076, 0.206, 0.000416, 0.000231, 0.401, 0.406, 173.058] 1kq5dLuzkRLgemasnkUg9G
[0.489, 0.833, 9, -5.348, 0.054, 0.0036, 1.33e-06, 0.111, 0.307, 135.431] 2pAUx2a1F5JCaVgytQm8fI
[0.433, 0.973, 8, -4.82, 0.145, 2.38e-05, 1.79e-06, 0.0813, 0.298, 171.955] 1HY9m2YREnnuXnZdQnkPu7
[0.532, 0.935, 2, -5.102, 0.129, 0.0001, 0, 0.0989, 0.325, 131.997] 1UtLHK1KdLD1haUlY5YoSg
[0.451, 0.94, 5, -4.169, 0.165, 0.000546, 0, 0.343, 0.418, 175.919] 1T09N0wsC82dsSoaDyPYwL
[0.545, 0.945, 7, -5.92, 0.0823, 0.000782, 0.0745, 0.123, 0.347, 99.964] 7c63YKyevk45ZSrHhnAtQi
[0.467, 0.944, 6, -4.202, 0.0771, 0.000541, 0.000916, 0.457, 0.566, 155.033] 2KJwci3DPtYbfg7pxczvWf
[0.557, 0.914, 9, -3.885, 0.0353, 0.00264, 0.00645, 0.5, 0.628, 127.993] 2v39i1W3y97nbkQNWKQl3l
[0.35, 0.983, 7, -5.097, 0.134, 0.000113, 2.19e-06, 0.284, 0.378, 179.08] 0dzglh5h1n8Jggd7rBbR8P
[0.333, 0.915, 7, -4.985, 0.0503, 1.37e-05, 0.276, 0.0345, 0.599, 175.008] 7n4Cw0bYbiiceOI7LhDdkT
[0.666, 0.775, 2, -5.458, 0.0979, 0.0226, 0, 0.254, 0.59, 144.998] 1SNipdzMky2C2LwvoVRzsv
[0.472, 0.854, 1, -6.024, 0.0531, 6.95e-05, 0.0123, 0.123, 0.648, 168.027] 2NSw8SOcQ6EVLf1QZFMH1h
[0.573, 0.835, 10, -6.692, 0.0409, 0.00068, 0.0386, 0.178, 0.586, 118.054] 2YtqL74LSzEkKhlksGDNRe
[0.312, 0.983, 11, -3.627, 0.102, 0.00329, 0.000113, 0.505, 0.136, 157.963] 1MuG12GYh4VKqROzNXONqR
[0.502, 0.817, 0, -3.508, 0.0447, 0.000477, 0, 0.153, 0.617, 90.024] 7dRj3sTBYkNbEx5kdNHriv
[0.446, 0.943, 8, -5.396, 0.0516, 0.000151, 0.0734, 0.116, 0.293, 144.04] 1DPUzJEjNy5A3uSfvtx51K
[0.54, 0.966, 10, -3.884, 0.0637, 0.000122, 0.000626, 0.391, 0.521, 94.986] 4bPrKGqQKiBmf49XB4F4H5
[0.351, 0.935, 0, -4.884, 0.0553, 0.00207, 3.29e-05, 0.466, 0.387, 101.342] 2RlYufxJxYOFW2xtSYlWjL
[0.417, 0.915, 1, -7.017, 0.0524, 0.000514, 0, 0.293, 0.295, 92.538] 1WtKv3oGjNuJC22lVdP8XJ
[0.525, 0.914, 6, -3.559, 0.0395, 0.00102, 1e-05, 0.326, 0.624, 131.03] 5V5fVBKPL2JQzCXj0IOD5F
[0.459, 0.903, 5, -4.649, 0.0673, 0.00877, 0, 0.168, 0.364, 76.185] 7rGN3oqzCpG2mLcwoPwDQm
[0.339, 0.943, 0, -4.285, 0.125, 0.0174, 0, 0.0593, 0.427, 184.999] 6u9aD8ovEo4SJY76litOCd
[0.496, 0.924, 9, -3.895, 0.0507, 0.00214, 0.22, 0.136, 0.594, 91.882] 1OWSsdbAXFyPDo6khogqAW
[0.429, 0.746, 2, -6.405, 0.0325, 0.00113, 0.000919, 0.245, 0.317, 85.983] 7KNIt57p0AqXazHsVvIVgj
[0.509, 0.438, 6, -9.85, 0.0312, 0.00122, 0, 0.0896, 0.261, 119.966] 186JQMPnUk4ymd8x5leLdb
[0.437, 0.902, 11, -5.286, 0.0656, 8.22e-05, 0.0197, 0.264, 0.392, 108.951] 0wpBvJfHeOXuP6eGRWc6W0
[0.377, 0.985, 5, -3.314, 0.139, 0.000234, 0.0641, 0.235, 0.056, 130.013] 7fhdT258bSN7WSfcKmKLYE
[0.292, 0.85, 0, -5.754, 0.0539, 0.000407, 0.00716, 0.111, 0.432, 168.716] 3Wtc6XdHsI4QdKaGYSbApL
[0.558, 0.793, 1, -6.861, 0.0374, 0.000641, 2.93e-05, 0.731, 0.457, 75.999] 6PcRGZGpM4a3wcaK59fPsZ
[0.645, 0.85, 7, -4.184, 0.193, 0.00119, 0, 0.241, 0.45, 90.999] 51rdCmgHBzg9HJ7eHjVRK9
[0.251, 0.945, 6, -3.665, 0.104, 0.000239, 0.00136, 0.0824, 0.464, 92.061] 2TMcI76mWPGKGRnYyvQOxI
[0.426, 0.966, 0, -3.813, 0.095, 0.000592, 0.000182, 0.082, 0.327, 120.71] 3UpbsPE2gHAM5zlywQ6ynY
[0.532, 0.845, 5, -4.922, 0.0292, 0.000502, 0.134, 0.128, 0.261, 92.506] 5N7bNQxsnCBsHsYqyiKVO4
[0.355, 0.925, 11, -3.897, 0.14, 0.00117, 0, 0.108, 0.306, 169.968] 7DtaoVCnStRPqC1bs3xZ1Y
[0.542, 0.988, 11, -2.535, 0.177, 6.63e-06, 0.0184, 0.231, 0.219, 127.971] 5cUziBfFGOHrkXFE4qAgKe
[0.628, 0.974, 11, -2.63, 0.0492, 0.00118, 0, 0.061, 0.301, 104.983] 1nbK54b5KkCw3CoJxFWxEg
[0.483, 0.962, 7, -2.93, 0.107, 5.45e-05, 9.61e-06, 0.273, 0.459, 88.003] 3XUnEyS2m0cMaHYLON7skY
[0.355, 0.875, 7, -5.067, 0.0572, 1.91e-05, 2.52e-06, 0.0613, 0.436, 175.156] 1CyXjg13hqTNIJgcNNIzDz
[0.403, 0.96, 4, -2.708, 0.0996, 4.99e-05, 0.0268, 0.155, 0.541, 184.266] 3kgx7Hw9C0cMPOYUdtIrXI
[0.535, 0.984, 10, -4.983, 0.0939, 9.7e-05, 0.00814, 0.327, 0.314, 132.026] 3GJWE7h5Maov5ZiA8UAmaL
[0.485, 0.968, 5, -4.864, 0.0912, 0.0014, 8.19e-06, 0.23, 0.269, 91.973] 0iGq43WpzuMfwUUEjY4wHK
[0.516, 0.924, 11, -6.116, 0.0816, 0.0002, 1.11e-06, 0.125, 0.536, 89.973] 607jKEHXU6EujgA90vKARO
[0.203, 0.928, 4, -4.838, 0.0823, 0.00327, 0, 0.355, 0.41, 95.298] 4GBbBy05LoSveNxjKxj26m
[0.487, 0.872, 8, -6.795, 0.112, 2.68e-05, 0.321, 0.349, 0.591, 174.044] 16W4HB8cVYSS5JLtdBTGqP
[0.559, 0.876, 0, -3.033, 0.043, 4.61e-05, 1.85e-06, 0.0741, 0.585, 111.115] 5IwbNovLgluEiRkg6QRZt4
[0.487, 0.9, 5, -4.54, 0.0529, 0.00204, 6.42e-06, 0.11, 0.377, 149.959] 1qAuIPMALdFtGv2Ymjy5l0
[0.626, 0.837, 8, -7.259, 0.0573, 0.000423, 0, 0.183, 0.526, 128.054] 3O4tAyCKMYy1DIosXy1wAv
[0.433, 0.849, 7, -5.043, 0.0565, 0.00995, 0.017, 0.145, 0.0666, 164.143] 05h5rk4vraQoYmce4dor9H
[0.591, 0.571, 6, -5.573, 0.0248, 0.0158, 0, 0.13, 0.26, 75.04] 1IbaGRC0Yrovu3MP1ipf1u
[0.441, 0.932, 7, -4.373, 0.214, 0.000208, 0.000532, 0.206, 0.211, 190.1] 2MyPl0mxFTssruMErB0zUw
[0.566, 0.886, 0, -3.63, 0.0902, 0.000348, 0, 0.494, 0.619, 130.066] 4KTgD62vgozCfk2Inbo9fm
[0.508, 0.768, 2, -5.064, 0.0474, 0.000603, 8.85e-06, 0.174, 0.207, 115.016] 2P6Foi62tLQHCbNOzQpqWd
[0.473, 0.952, 1, -4.401, 0.0743, 3.52e-05, 0.00681, 0.101, 0.26, 134.809] 0osktpHbjYekkM80pQkzbd
[0.44, 0.932, 7, -3.991, 0.336, 0.000163, 3.94e-05, 0.617, 0.452, 176.984] 4g8xR2kyafqGwPksakGmtA
[0.507, 0.984, 10, -4.833, 0.208, 2.77e-05, 0.102, 0.178, 0.632, 119.998] 2eIHJlNKRNcg3PwrUsk1VV
[0.554, 0.928, 1, -4.593, 0.0571, 0.000293, 0, 0.114, 0.242, 116.026] 07ItTdGGI4isIM1Ieuigvc
[0.481, 0.979, 6, -3.383, 0.0816, 3.32e-05, 0.00927, 0.135, 0.18, 105.005] 3rPlqhhhBvDWO5GwiDljsl
[0.44, 0.916, 4, -4.222, 0.266, 0.000236, 1.94e-05, 0.0897, 0.401, 124.099] 1Si7crvw1M6Kgz9XiAtMiJ
[0.666, 0.909, 3, -5.204, 0.11, 0.0634, 2.98e-06, 0.209, 0.655, 92.519] 48NOZRemjwadg6Dwc343hJ
[0.46, 0.975, 5, -3.901, 0.133, 0.000145, 0, 0.105, 0.217, 128.017] 2NToLZNvVaQD3b8ecqiDzh
[0.517, 0.971, 9, -3.697, 0.103, 0.000183, 0, 0.236, 0.172, 105.011] 2ZPILPb1oDWzuB2VsIF17f
[0.27, 0.96, 9, -5.563, 0.187, 3.93e-05, 0.0499, 0.407, 0.155, 134.162] 3F8OmCcFxVdFsgo68JlBLu
[0.538, 0.887, 4, -4.196, 0.048, 0.0231, 0.0047, 0.313, 0.653, 134.955] 0D60CHDmI0oZeD0cvqcgZn
[0.582, 0.865, 1, -4.402, 0.0405, 2.5e-05, 8.93e-06, 0.347, 0.412, 112.965] 6srs7mCAb7lxCWZ1ExxBdg
[0.547, 0.944, 4, -3.304, 0.0507, 4.81e-05, 0.0451, 0.195, 0.364, 93.966] 2mVFo8BJ6ZPh82QAOpCUbT
[0.421, 0.823, 9, -3.327, 0.0446, 0.00078, 3.21e-05, 0.204, 0.155, 104.973] 0BBuP5Ynwl0hMKbQGEjfnk
[0.294, 0.841, 2, -6.434, 0.0352, 2.22e-05, 0.00531, 0.0715, 0.102, 102.574] 63CruXumdsW0ZKvHDkzZrk
[0.542, 0.882, 6, -4.79, 0.0409, 0.00399, 0, 0.0873, 0.384, 90.001] 2j0QyRh6SLB6NAbzOroE9a
[0.309, 0.951, 11, -4.135, 0.198, 0.00315, 1.2e-05, 0.15, 0.17, 146.228] 1X7zaSfZfso8wojl7NUAGm
[0.589, 0.976, 7, -3.024, 0.0726, 3.26e-05, 0.189, 0.248, 0.356, 121.982] 4Pf95KrUvj48z2ChGNA5Ye
[0.312, 0.904, 5, -5.93, 0.0795, 0.000244, 1.47e-05, 0.143, 0.206, 165.074] 1e2NV9BjhmFrtDmhfL3nxF
[0.406, 0.99, 1, -2.449, 0.191, 0.00197, 0, 0.107, 0.245, 82.883] 4EmokJEqiyqIUPJ8W1MbbW
[0.354, 0.943, 5, -3.633, 0.288, 0.000113, 0.0187, 0.104, 0.367, 94.416] 3IiMnjK7S2PlsPVMuAH7rU
[0.389, 0.972, 2, -4.925, 0.138, 2.26e-05, 0.0121, 0.501, 0.19, 82.517] 28Mj8V1IVsfHnHhl4RkZq2
[0.363, 0.901, 10, -4.961, 0.0843, 0.000277, 0.00015, 0.0669, 0.392, 158.95] 3ownGU6V3mpPXZ4di7p68i
[0.59, 0.969, 7, -3.396, 0.0817, 0.00214, 0.132, 0.952, 0.223, 105.022] 7foMdEhJevqESQw39FQcuv
[0.526, 0.903, 2, -4.59, 0.0444, 0.000954, 8.4e-05, 0.111, 0.45, 144.017] 5Cl9GDb0AyQnppRr6q7ldb
[0.618, 0.955, 8, -4.365, 0.0457, 0.00027, 1.6e-05, 0.289, 0.701, 120.01] 4h9SKcQKdlhQ8Ix7f77SEn
[0.524, 0.843, 10, -5.578, 0.0536, 0.000417, 0.125, 0.375, 0.212, 85.993] 2imkodSyg1hOZwZuE2fJdU
[0.483, 0.967, 3, -3.861, 0.475, 0.013, 0, 0.122, 0.207, 139.954] 37PW0wi3E0gquMdluiYz47
[0.531, 0.938, 4, -6.493, 0.122, 0.00388, 0.00113, 0.145, 0.242, 139.954] 5XExne04zgnDeAN8aIvMvM
[0.512, 0.902, 6, -2.974, 0.0475, 5.54e-05, 0.00143, 0.0648, 0.664, 146.984] 2UQWjFMCOWaENx8sf2n5SC
[0.48, 0.668, 1, -6.82, 0.0329, 0.000173, 0.000718, 0.297, 0.124, 102.014] 4tVP4vWk5BVSHErNhzfSrn
[0.499, 0.863, 3, -5.118, 0.057, 1.22e-05, 0, 0.18, 0.304, 125.967] 4dOLn4Ebh6OG7jtrgxHj0r
[0.37, 0.836, 7, -7.28, 0.0483, 1.38e-06, 0.892, 0.164, 0.351, 139.99] 7iMize4R8SoxWEbk5zcS8A
[0.379, 0.877, 0, -5.537, 0.0909, 0.0013, 0.000457, 0.0666, 0.39, 176.195] 1XIps6jwikt2WSLHdPfAaM
[0.477, 0.967, 2, -3.121, 0.0642, 4.99e-05, 0, 0.459, 0.463, 130.037] 1XN8h8lsJn9dLgXcP4SaCK
[0.483, 0.941, 2, -3.598, 0.0575, 0.000526, 3.5e-06, 0.31, 0.503, 156.033] 5O9Dz0h08LuBi0aVvDcylh
[0.457, 0.948, 0, -4.318, 0.0555, 2.18e-05, 0.00225, 0.152, 0.157, 139.022] 4fKAPa1mPoF0fE3C5tqQ2t
[0.461, 0.865, 4, -6.417, 0.0388, 0.00011, 3.47e-05, 0.0817, 0.242, 139.977] 1UlrwNkd7xXsI9uleRLnNY
[0.427, 0.665, 2, -8.515, 0.0405, 0.0145, 0.00242, 0.699, 0.442, 142.702] 4cCQ0wBIc9YHhvOWvWNj7S
[0.289, 0.902, 2, -8.442, 0.137, 0.263, 0.00497, 0.584, 0.335, 136.315] 3MHwnlgUI6R1wSamJ60Mi2
[0.546, 0.529, 9, -13.6, 0.0436, 0.0629, 0.000567, 0.0383, 0.574, 151.727] 2X6gdRlGOQgfaXU9ALUQFQ
[0.414, 0.404, 0, -9.928, 0.0499, 0.271, 0, 0.3, 0.224, 71.105] 1AhDOtG9vPSOmsWgNW0BEY
[0.372, 0.865, 2, -4.918, 0.0381, 0.000453, 0, 0.234, 0.478, 174.53] 5wj4E6IsrVtn8IBJQOd0Cl
[0.71, 0.763, 0, -6.693, 0.0279, 0.402, 9.63e-05, 0.0581, 0.508, 115.579] 5uujhDA7WTFfGBkLh491KI
[0.162, 0.867, 0, -7.18, 0.092, 0.256, 3.37e-05, 0.682, 0.499, 174.851] 5ZgZhzQGCqVwPydT4CkH0W
[0.69, 0.54, 4, -10.516, 0.0317, 0.218, 0.00657, 0.115, 0.764, 114.846] 6i8ecOsx4J2Px1maiqzqoG
[0.951, 0.53, 5, -6.594, 0.178, 0.115, 0.179, 0.17, 0.699, 109.979] 57JVGBtBLCfHw2muk5416J
[0.533, 0.376, 9, -11.913, 0.0393, 0.0302, 0.248, 0.0926, 0.187, 165.007] 2EqlS6tkEnglzr7tkKAAYD
[0.713, 0.931, 6, -2.965, 0.0394, 0.219, 0, 0.0694, 0.963, 124.127] 1lhpxZT57yw5toGJtt8fGE
[0.645, 0.598, 1, -13.18, 0.0335, 0.221, 3.53e-06, 0.0721, 0.913, 105.929] 7Ar4G7Ci11gpt6sfH9Cgz5
[0.414, 0.161, 7, -22.32, 0.0318, 0.883, 0.000223, 0.117, 0.423, 159.375] 5ihS6UUlyQAfmp48eSkxuQ
[0.663, 0.712, 2, -7.268, 0.0479, 0.524, 0, 0.0804, 0.527, 113.439] 2aSFLiDPreOVP6KHiWk4lF
[0.49, 0.715, 7, -5.549, 0.0476, 0.386, 0, 0.311, 0.866, 130.726] 4pbG9SUmWIvsROVLF0zF9s
[0.61, 0.864, 9, -3.77, 0.0514, 0.0207, 0, 0.0569, 0.875, 130.577] 1gZOnv0YjmFIM2oXVin9ZR
[0.813, 0.46, 1, -9.78, 0.0346, 0.56, 0.0105, 0.0724, 0.729, 117.387] 2sXp9Qmvc7mRaDBjBgcGGi
[0.564, 0.932, 11, -10.068, 0.0554, 0.013, 0.169, 0.349, 0.619, 112.937] 78lgmZwycJ3nzsdgmPPGNx
[0.591, 0.804, 0, -7.299, 0.0454, 0.327, 5.98e-06, 0.0818, 0.658, 111.457] 5LNiqEqpDc8TuqPy79kDBu
[0.407, 0.834, 6, -9.224, 0.208, 0.0734, 0.00021, 0.241, 0.71, 121.38] 3UDmHZcBTQp8Iu8droNtUl
[0.676, 0.92, 9, -7.96, 0.0435, 0.00101, 8.65e-06, 0.248, 0.624, 126.341] 66lOpKgTyFjOrac4S1s94g
[0.742, 0.833, 2, -6.463, 0.115, 0.079, 0, 0.384, 0.816, 113.375] 39shmbIHICJ2Wxnk1fPSdz
[0.573, 0.913, 6, -4.793, 0.132, 0.0591, 0.00173, 0.156, 0.422, 115.715] 2zYzyRzz6pRmhPzyfMEC8s
[0.456, 0.826, 8, -7.611, 0.0268, 3.35e-05, 0.57, 0.0548, 0.415, 82.539] 4XizBlyqR7ZGVTX0Fyonm2
[0.43, 0.682, 2, -10.267, 0.0314, 0.0534, 0.00329, 0.142, 0.693, 122.304] 0hMNAUx9fFBdYQRO5FoQvL
[0.597, 0.812, 5, -12.062, 0.0315, 0.0219, 0.00106, 0.102, 0.823, 135.68] 0FeCO85RKW8fDRytwXof2x
[0.491, 0.801, 4, -9.835, 0.0361, 0.27, 0, 0.0665, 0.971, 160.109] 3KiexfmhxHvG5IgAElmTkd
[0.526, 0.762, 0, -12.437, 0.0342, 0.000972, 0.000116, 0.338, 0.505, 136.203] 263aNAQCeFSWipk896byo6
[0.692, 0.488, 11, -7.282, 0.104, 0.688, 0, 0.4, 0.51, 81.4] 54flyrjcdnQdco7300avMJ
[0.667, 0.755, 9, -7.246, 0.069, 0.0966, 6.94e-05, 0.0523, 0.883, 109.535] 6gXrEUzibufX9xYPk3HD5p
[0.672, 0.72, 9, -7.781, 0.035, 0.0373, 9.38e-06, 0.0371, 0.828, 118.731] 3CPeWqqaHR0hmyfsWhMJQs
[0.583, 0.612, 9, -7.101, 0.0311, 0.355, 8.55e-06, 0.444, 0.774, 128.252] 3GGkKcUEC4xMxbJ9HEjWNg
[0.494, 0.666, 9, -9.743, 0.0351, 0.229, 5.69e-05, 0.0469, 0.699, 140.832] 0AiuEo7FCxP2y2WTOpLPe5
[0.535, 0.372, 9, -10.029, 0.0352, 0.156, 0, 0.6, 0.266, 78.856] 657HzPo7RbwpUGhBS3SF4Q
[0.567, 0.959, 8, -3.822, 0.102, 0.0995, 6.07e-05, 0.1, 0.961, 137.377] 1oG2vWELiGjIqxwqGcyqwF
[0.786, 0.87, 1, -3.875, 0.0316, 0.413, 0.000494, 0.0389, 0.864, 100.66] 0832Tptls5YicHPGgw7ssP
[0.644, 0.919, 2, -6.289, 0.0561, 0.181, 0.134, 0.622, 0.871, 117.459] 38Ngied9rBORlAbLYNCl4k
[0.31, 0.7, 9, -5.678, 0.047, 0.011, 0.00965, 0.0828, 0.763, 188.386] 08mG3Y1vljYA6bvDt4Wqkj
[0.505, 0.825, 4, -5.721, 0.0401, 0.000182, 0.000948, 0.0855, 0.541, 119.987] 4P5KoWXOxwuobLmHXLMobV
[0.596, 0.448, 5, -9.616, 0.0396, 0.365, 5.3e-06, 0.206, 0.796, 83.293] 371VkfwKiXJxgH5ZPoQNHD
[0.531, 0.818, 2, -5.358, 0.0452, 0.0694, 0.0096, 0.263, 0.471, 90.767] 6XUHsYE38CEbYunT983O9G
[0.694, 0.394, 0, -15.881, 0.0428, 0.0781, 0.000677, 0.247, 0.719, 104.126] 4gMgiXfqyzZLMhsksGmbQV
[0.754, 0.759, 9, -5.218, 0.302, 0.153, 0.000114, 0.101, 0.435, 126.367] 7LRMbd3LEoV5wZJvXT1Lwb
[0.532, 0.344, 7, -13.057, 0.035, 0.00563, 0.000473, 0.115, 0.126, 91.834] 3HfB5hBU0dmBt8T0iCmH42
[0.559, 0.345, 4, -13.496, 0.0459, 0.0576, 0.000105, 0.141, 0.458, 84.581] 3d9DChrdc6BOeFsbrZ3Is0
[0.729, 0.818, 2, -9.992, 0.0732, 0.157, 0.285, 0.195, 0.907, 125.811] 6FsQrRpBLgsrFeAeiQqytm
[0.407, 0.706, 7, -5.526, 0.0348, 0.254, 0.00693, 0.125, 0.54, 164.022] 0N0q5D8KmH13mmODXJsJqS
[0.608, 0.746, 0, -8.851, 0.354, 0.026, 2.39e-06, 0.043, 0.745, 134.03] 0SYRVn2YF7HBscQEmlkpTI
[0.325, 0.674, 11, -14.169, 0.0397, 0.00608, 0.172, 0.917, 0.696, 83.18] 7GNf8GN66LzBmENFQWxBKb
[0.532, 0.767, 7, -5.509, 0.0574, 0.00287, 0.000513, 0.39, 0.755, 127.361] 2SiXAy7TuUkycRVbbWDEpo
[0.543, 0.432, 2, -11.832, 0.0288, 0.000207, 0.369, 0.146, 0.107, 110.196] 4ha9ajL4Kz98uldAfuos6p
[0.766, 0.446, 2, -13.079, 0.0867, 0.25, 0.000704, 0.318, 0.743, 119.774] 7IhkWF9zpiYKlU7CxHxYT9
[0.55, 0.854, 3, -5.968, 0.036, 0.661, 0, 0.112, 0.965, 159.231] 0wz1LjDb9ZNEYwOmDJ3Q4b
[0.469, 0.537, 9, -10.421, 0.152, 0.0241, 0.00201, 0.269, 0.783, 124.193] 3aoDEt6zSuYQ47gzarlaVo
[0.563, 0.915, 7, -5.062, 0.08, 0.247, 8.46e-05, 0.0613, 0.71, 136.345] 3okPiJwW5nCLpug12sCL4p
[0.451, 0.364, 9, -13.126, 0.0436, 0.469, 0, 0.197, 0.298, 154.206] 2PuUFT13yCzUOZun94WOXv
[0.541, 0.946, 6, -7.459, 0.058, 0.415, 0.000389, 0.0468, 0.728, 101.169] 4nuUssdgKFy2QyYHHNkZQW
[0.644, 0.823, 9, -8.092, 0.0578, 0.296, 0.00115, 0.126, 0.917, 133.39] 0vSiz90JRxvYsbCTx84oVM
[0.472, 0.366, 11, -12.595, 0.0286, 0.15, 0.308, 0.0837, 0.171, 127.167] 5HNCy40Ni5BZJFw1TKzRsC
[0.729, 0.989, 9, -4.613, 0.049, 0.0102, 4.45e-05, 0.443, 0.84, 126.47] 51H2y6YrNNXcy3dfc3qSbA
[0.31, 0.874, 1, -11.889, 0.152, 0.000416, 0.712, 0.0695, 0.096, 131.717] 73HSIWZlSCfs4tqVkrGv7H
[0.476, 0.717, 9, -9.192, 0.0949, 0.0382, 7.61e-05, 0.0818, 0.753, 93.584] 0QwZfbw26QeUoIy82Z2jYp
[0.668, 0.906, 11, -4.881, 0.17, 0.214, 0.00229, 0.135, 0.507, 135.653] 2d4e45fmUnguxh6yqC7gNT
[0.371, 0.404, 7, -6.452, 0.0255, 0.669, 0.00453, 0.0805, 0.153, 74.386] 52dm9op3rbfAkc1LGXgipW
[0.474, 0.977, 7, -3.839, 0.176, 0.00111, 0.00298, 0.201, 0.236, 89.494] 7GonnnalI2s19OCQO1J7Tf
[0.73, 0.868, 5, -7.325, 0.0288, 0.0632, 0.0661, 0.318, 0.923, 148.217] 6cr6UDpkjEaMQ80OjWqEBQ
[0.412, 0.902, 9, -11.6, 0.405, 0.0484, 0.131, 0.405, 0.422, 89.74] 0hCB0YR03f6AmQaHbwWDe8
[0.384, 0.846, 7, -5.591, 0.0365, 0.151, 7.73e-05, 0.0913, 0.272, 90.172] 0PP933bHgvV0eD19dG3ms5
[0.575, 0.912, 7, -7.275, 0.0393, 0.0916, 0.00211, 0.0562, 0.843, 117.399] 4nXkbcTj3nyww1cHkw5RAP
[0.516, 0.906, 1, -4.525, 0.0658, 2.86e-05, 0.000101, 0.105, 0.728, 116.775] 5ghIJDpPoe3CfHMGu71E6T
[0.454, 0.91, 6, -7.766, 0.0446, 0.0852, 0.0988, 0.116, 0.63, 125.116] 7o2CTH4ctstm8TNelqjb51
[0.571, 0.633, 0, -12.942, 0.0475, 0.0504, 1.64e-06, 0.171, 0.857, 98.412] 1ZhrREyOOeFV6TxDOyiPwu
[0.437, 0.864, 4, -7.842, 0.0904, 0.396, 0.0314, 0.242, 0.749, 81.394] 3qT4bUD1MaWpGrTwcvguhb
[0.623, 0.91, 9, -8.448, 0.0384, 0.319, 0.000448, 0.081, 0.745, 145.624] 7cy1bEJV6FCtDaYpsk8aG6
[0.638, 0.931, 0, -3.605, 0.0363, 0.228, 0.000295, 0.0524, 0.965, 128.662] 5EcvzboYmDIfXo9gPplsSB
[0.597, 0.605, 7, -12.013, 0.0255, 0.181, 0.000331, 0.118, 0.886, 97.782] 4CJVkjo5WpmUAKp3R44LNb
[0.404, 0.903, 1, -3.88, 0.0668, 0.577, 0.297, 0.287, 0.498, 115.672] 3k9i7UzeSUYWIfUZFeFDUd
[0.525, 0.929, 9, -8.56, 0.0784, 0.262, 2.9e-05, 0.0754, 0.556, 163.503] 4ItljeeAXtHsnsnnQojaO2
[0.55, 0.824, 2, -5.988, 0.0334, 0.448, 0.000127, 0.366, 0.777, 114.512] 7MRyJPksH3G2cXHN8UKYzP
[0.299, 0.787, 0, -7.93, 0.069, 0.14, 0, 0.292, 0.716, 94.798] 45s88Xopo6KvHc0PQ05aGg
[0.671, 0.405, 0, -10.052, 0.0392, 0.385, 0, 0.132, 0.828, 99.678] 7LbfuQVct78YoghmoPtsQ8
[0.445, 0.706, 8, -9.803, 0.0461, 0.234, 0.000252, 0.205, 0.768, 80.823] 43DeSV93pJPT4lCZaWZ6b1
[0.787, 0.541, 7, -10.437, 0.0403, 0.0825, 0.000311, 0.065, 0.962, 124.194] 1b7LMtXCXGc2EwOIplI35z
[0.651, 0.766, 0, -9.935, 0.0299, 0.206, 0.00103, 0.362, 0.949, 116.74] 17S4XrLvF5jlGvGCJHgF51
[0.619, 0.703, 10, -9.414, 0.0525, 0.00388, 0.205, 0.163, 0.709, 115.043] 0F0MA0ns8oXwGw66B2BSXm
[0.522, 0.559, 6, -13.641, 0.0387, 0.546, 0.00565, 0.188, 0.908, 176.894] 4gvea7UlDkAvsJBPZAd4oB
[0.491, 0.583, 7, -10.964, 0.0376, 0.182, 0, 0.407, 0.907, 150.572] 3yrSvpt2l1xhsV9Em88Pul
[0.725, 0.853, 2, -7.842, 0.0353, 0.0348, 0.127, 0.196, 0.904, 136.282] 2PzU4IB8Dr6mxV3lHuaG34
[0.531, 0.481, 4, -11.709, 0.06, 0.699, 0, 0.0842, 0.491, 138.45] 1fDsrQ23eTAVFElUMaf38X
[0.21, 0.346, 4, -12.069, 0.0299, 0.252, 0.336, 0.247, 0.22, 79.026] 3D1Xnj2Q7oh7Vz3RH9fDvC
[0.543, 0.529, 7, -9.717, 0.0301, 0.326, 0.00269, 0.709, 0.746, 85.126] 3KPwt1LBpt1jVSHz8GXERo
[0.586, 0.7, 0, -9.558, 0.0363, 0.0589, 0.00125, 0.0318, 0.897, 147.245] 1HOMkjp0nHMaTnfAkslCQj
[0.657, 0.932, 1, -5.819, 0.0992, 0.0551, 0, 0.047, 0.888, 144.751] 6KTv0Z8BmVqM7DPxbGzpVC
[0.562, 0.768, 7, -6.613, 0.0606, 0.381, 0.03, 0.168, 0.966, 119.544] 3RZMzCvYsmJ0u2ioKTOsmJ
[0.468, 0.607, 9, -11.367, 0.0336, 0.072, 0.000852, 0.225, 0.886, 98.429] 3MODES4TNtygekLl146Dxd
[0.55, 0.576, 0, -13.475, 0.0306, 0.178, 0.00935, 0.0555, 0.486, 109.837] 5X76oXHcR5uCXali0gOyX5
[0.505, 0.476, 2, -12.897, 0.0711, 0.25, 0.00915, 0.113, 0.542, 99.31] 2wvMC5EyaaYQwBfiwwY2xE
[0.421, 0.677, 4, -6.183, 0.0343, 0.000989, 9.65e-05, 0.211, 0.683, 127.67] 3sY6z4pGcxpMwx3W026WtU
[0.534, 0.887, 0, -3.777, 0.0345, 0.0768, 9.93e-05, 0.325, 0.72, 122.494] 0J6mQxEZnlRt9ymzFntA6z
[0.654, 0.506, 11, -17.18, 0.0535, 0.686, 0.0155, 0.155, 0.831, 123.179] 54eZmuggBFJbV7k248bTTt
[0.528, 0.737, 9, -12.703, 0.121, 0.626, 0.00911, 0.325, 0.632, 99.361] 3e0FzZjTXOUtiJGSClOBrI
[0.311, 0.832, 1, -8.29, 0.0357, 0.486, 0.00128, 0.235, 0.933, 178.873] 41aOyMZXFwvwRpugIlNCGF
[0.489, 0.724, 5, -8.367, 0.0352, 0.313, 0.185, 0.287, 0.15, 117.292] 2KmEgiY8fQs0G6WNxtzQKr
[0.63, 0.449, 5, -13.243, 0.0252, 0.219, 0, 0.0622, 0.623, 84.378] 5tVA6TkbaAH9QMITTQRrNv
[0.564, 0.587, 4, -7.393, 0.0316, 0.0573, 0.00485, 0.0416, 0.966, 147.462] 3MFFDRC4wTN9JNGtzXsZlN
[0.402, 0.814, 10, -4.954, 0.14, 0.0383, 1.19e-06, 0.266, 0.516, 170.02] 5eYwDBLucWfWI5KsV7oYX2
[0.392, 0.334, 7, -18.294, 0.0319, 0.515, 0.0946, 0.0892, 0.621, 189.394] 7J4WbEdRTZGJDsSr5AACCw
[0.273, 0.952, 11, -8.762, 0.0841, 0.0169, 0.0112, 0.142, 0.475, 100.269] 3YBZIN3rekqsKxbJc9FZko
[0.575, 0.318, 0, -16.729, 0.109, 0.683, 0.000202, 0.0934, 0.385, 104.522] 5p3JunprHCxClJjOmcLV8G
[0.543, 0.715, 2, -8.89, 0.0356, 0.0192, 0, 0.256, 0.468, 124.011] 1zGk1kgAxCpg6PHjGuLe4J
[0.392, 0.534, 0, -8.793, 0.0369, 0.245, 0.00104, 0.155, 0.325, 181.305] 3G69vJMWsX6ZohTykad2AU
[0.637, 0.682, 11, -11.625, 0.0366, 0.0112, 0.0234, 0.0473, 0.714, 129.983] 1xShPgQbOUa98avWJQFDBY
[0.558, 0.364, 4, -11.258, 0.0265, 0.0505, 5.02e-06, 0.0753, 0.17, 142.171] 10igKaIKsSB6ZnWxPxPvKO
[0.467, 0.955, 9, -6.043, 0.0462, 0.00072, 0.426, 0.494, 0.68, 169.776] 75wP08AtMfGfjk0nPdvVw3
[0.324, 0.551, 9, -7.269, 0.0312, 0.00118, 0.0779, 0.0823, 0.339, 116.997] 61Q9oJNd9hJQFhSDh6Qlap
[0.425, 0.903, 1, -4.801, 0.0732, 0.405, 0.0128, 0.117, 0.769, 108.748] 4BVE5tIIpYabZcYCbephNW
[0.801, 0.723, 10, -4.985, 0.0689, 0.0713, 0.154, 0.0675, 0.883, 109.03] 5eU8qMd0TpaLqTGDZJaLDs
[0.515, 0.987, 8, -5.391, 0.108, 0.00135, 0.000195, 0.0697, 0.298, 141.258] 11dCfArPrM7kzYpUrFHal9
[0.294, 0.641, 11, -9.316, 0.0291, 0.0163, 0.22, 0.112, 0.226, 79.759] 3YRCqOhFifThpSRFJ1VWFM
[0.632, 0.586, 0, -11.333, 0.0284, 0.0983, 0.581, 0.0535, 0.89, 114.243] 5SAUIWdZ04OxYfJFDchC7S
[0.483, 0.615, 2, -8.538, 0.0497, 0.452, 0.000414, 0.0512, 0.594, 80.576] 6Vjk8MNXpQpi0F4BefdTyq
[0.612, 0.634, 9, -8.212, 0.0319, 0.337, 4.6e-05, 0.147, 0.904, 121.059] 1Q5kgpp4pmyGqPwNBzkSrw
[0.572, 0.835, 0, -6.219, 0.0317, 0.171, 0.000376, 0.0702, 0.796, 129.994] 7N3PAbqfTjSEU1edb2tY8j
[0.5, 0.748, 4, -9.072, 0.0363, 0.127, 0, 0.447, 0.514, 118.852] 4bHsxqR3GMrXTxEPLuK5ue
[0.741, 0.697, 0, -7.028, 0.0277, 0.0664, 2.28e-05, 0.133, 0.774, 116.109] 2LawezPeJhN4AWuSB0GtAU
[0.543, 0.307, 2, -18.253, 0.0414, 0.334, 0, 0.044, 0.649, 168.169] 3x1v32I3SZNvC7q7bDhcGm
[0.651, 0.801, 0, -7.34, 0.0513, 0.123, 0, 0.0825, 0.776, 133.763] 5jzma6gCzYtKB1DbEwFZKH
[0.432, 0.88, 1, -5.769, 0.0656, 0.0206, 0.000191, 0.185, 0.527, 95.59] 3gLlcZQMvpwgtV9THHXrGp
[0.63, 0.616, 1, -8.128, 0.0309, 0.463, 0.0408, 0.173, 0.509, 118.65] 1dv3ePjze9tPq2pk8eWJdR
[0.653, 0.519, 2, -10.164, 0.0497, 0.406, 0.0209, 0.101, 0.822, 98.883] 1qRA5BS78u3gME0loMl9AA
[0.831, 0.544, 0, -9.288, 0.0837, 0.594, 0.00389, 0.0736, 0.856, 108.177] 4YMLW13PuuO7o3jkIWlKAs
[0.691, 0.592, 2, -8.089, 0.0366, 0.389, 3.29e-05, 0.124, 0.736, 115.152] 5y4761pjcksXs1hNsCmc4n
[0.438, 0.71, 2, -12.412, 0.0919, 0.262, 0.537, 0.221, 0.53, 145.928] 63OFKbMaZSDZ4wtesuuq6f
[0.505, 0.836, 5, -7.384, 0.101, 0.0103, 0.0771, 0.295, 0.764, 159.669] 1RJeiAIwR9pZBgJA8ndZLL
[0.513, 0.396, 7, -13.061, 0.0299, 0.251, 0.177, 0.11, 0.229, 140.208] 6HSXNV0b4M4cLJ7ljgVVeh
[0.475, 0.322, 7, -10.687, 0.0283, 0.367, 0.00056, 0.11, 0.387, 93.503] 6zeE5tKyr8Nu882DQhhSQI
[0.27, 0.944, 4, -4.199, 0.0975, 0.00501, 2.05e-05, 0.116, 0.606, 146.347] 6hTcuIQa0sxrrByu9wTD7s
[0.307, 0.433, 1, -10.057, 0.029, 0.388, 9.08e-05, 0.332, 0.224, 160.9] 5MxNLUsfh7uzROypsoO5qe
[0.504, 0.719, 1, -9.155, 0.0431, 0.00878, 0.00149, 0.075, 0.177, 102.144] 4Zau4QvgyxWiWQ5KQrwL43
[0.651, 0.661, 9, -11.405, 0.0511, 0.265, 0.00313, 0.106, 0.489, 156.371] 3x2bXiU0o4WbsPkawXlfDA
[0.333, 0.927, 9, -8.55, 0.0733, 0.0029, 0.000211, 0.297, 0.382, 141.47] 5QTxFnGygVM4jFQiBovmRo
[0.699, 0.502, 9, -12.526, 0.0278, 0.0607, 0.0337, 0.317, 0.676, 105.266] 2udGjDmpK1dH9VGyw7nrei
[0.49, 0.827, 8, -9.481, 0.0482, 0.000212, 0.00406, 0.112, 0.626, 108.577] 4D01oA1mGouaAT7fubvKRT
[0.436, 0.657, 5, -8.868, 0.0541, 0.00975, 0.00748, 0.0931, 0.21, 118.693] 5UYPZZDQfpCE7A0FDDqv4k
[0.399, 0.518, 7, -10.637, 0.0318, 0.229, 0.00122, 0.262, 0.285, 127.084] 6Qg7cgN1oZ5mG5nZe9UG0X
[0.456, 0.978, 10, -4.869, 0.112, 0.0301, 0.499, 0.313, 0.327, 123.411] 0eFvoRSTTaR2q8bSWVjwfp
[0.636, 0.746, 0, -3.785, 0.0393, 0.0648, 0.29, 0.173, 0.432, 132.31] 5e6x5YRnMJIKvYpZxLqdpH
[0.549, 0.722, 11, -11.729, 0.0283, 0.25, 0.0138, 0.11, 0.716, 103.885] 14XWXWv5FoCbFzLksawpEe
[0.806, 0.462, 2, -12.778, 0.0298, 0.78, 0.0134, 0.15, 0.736, 92.726] 1JkZg3eMQTmTn93E8Yd3UL
[0.757, 0.868, 9, -9.326, 0.062, 0.411, 0.00221, 0.355, 0.815, 138.923] 5UwbnHhjnbinJH8TefuQfN
[0.582, 0.946, 0, -3.801, 0.034, 9.66e-05, 0.00129, 0.251, 0.806, 124.986] 1EEt3kxO1yZSZd13DqvT8f
[0.481, 0.765, 7, -4.025, 0.0388, 0.00381, 0.000737, 0.119, 0.465, 102.829] 1Yi8XPnCPoimWwqxwm3uz9
[0.523, 0.896, 11, -3.221, 0.138, 0.00283, 0.0315, 0.183, 0.639, 188.137] 79DQcqdOuzHH5g0fI8KShf
[0.72, 0.893, 1, -3.279, 0.0376, 0.0109, 2.52e-05, 0.0729, 0.795, 100.96] 2QoDAlMnML5haTXvYRS86X
[0.606, 0.679, 2, -7.445, 0.0321, 0.015, 0.000427, 0.234, 0.705, 122.012] 6XRgC4KAp4upKu0v7H4tQo
[0.615, 0.858, 0, -3.3, 0.0396, 0.00393, 0, 0.0789, 0.323, 97.038] 03CbQgFxnBFoaaVJTfEqMD
[0.573, 0.875, 0, -3.841, 0.0297, 0.000456, 0, 0.403, 0.843, 102.003] 3sZSnOUL2kskr3gpyXCEWk
[0.535, 0.836, 2, -5.593, 0.0746, 0.00121, 0, 0.102, 0.443, 85.005] 1JG8pJ7G8qJiy98DzCBL2E
[0.568, 0.961, 9, -2.182, 0.065, 0.00428, 0, 0.138, 0.924, 148.126] 3NyovXfcpc8PDWWKH7xEDs
[0.659, 0.65, 8, -7.37, 0.0242, 0.0507, 6.78e-05, 0.082, 0.484, 90.065] 58Xf9pv08HhsBdLshzIYAQ
[0.42, 0.976, 0, -2.236, 0.108, 3.17e-05, 0.00321, 0.0426, 0.39, 164.023] 36GhBMw1CVJpsrazHYbXQy
[0.561, 0.782, 0, -5.863, 0.04, 0.0209, 0, 0.315, 0.486, 94.004] 1Xls3QHvOQ7YLB54R6BvgG
[0.539, 0.886, 1, -6.133, 0.0459, 0.000436, 0.000122, 0.168, 0.5, 95.995] 1DqpFQJcBRkfTs6U6XlfIQ
[0.43, 0.879, 1, -4.11, 0.132, 0.00295, 0.0373, 0.102, 0.561, 177.934] 3Lj2PcKAkTXYiSVSeT7UA7
[0.542, 0.818, 4, -3.261, 0.0395, 0.000629, 1.22e-06, 0.0876, 0.432, 131.018] 4fB1OI42wuC0SirSR64qc1
[0.552, 0.804, 8, -4.299, 0.0303, 0.00598, 0, 0.111, 0.714, 95.98] 6YQUuoMnRIMaOmouYoMfQr
[0.429, 0.873, 5, -6.121, 0.0539, 0.00362, 0.299, 0.111, 0.439, 79.529] 2IHxrbIAQB5sRZTGYvEd01
[0.468, 0.786, 1, -6.124, 0.0448, 0.074, 0, 0.0828, 0.4, 112.288] 0kwbhAzmXoEfv1XAccsLGh
[0.503, 0.568, 4, -7.182, 0.0341, 0.00131, 0.00144, 0.0856, 0.0705, 126.935] 5bQwqWRODr2OeekQFmQUkr
[0.568, 0.9, 7, -3.629, 0.139, 0.0377, 0, 0.363, 0.375, 94.963] 5gXzlZgbBIYIcGGf2x3uyZ
[0.492, 0.964, 8, -3.475, 0.0729, 0.00046, 0.00582, 0.434, 0.703, 157.036] 3B2FeobPJ5LPVdF0H40Kgf
[0.551, 0.896, 11, -4.905, 0.0443, 0.0049, 0.00514, 0.252, 0.54, 106.483] 5DlQetNIPiALnYuM3BFgRz
[0.63, 0.849, 7, -4.953, 0.0811, 0.00207, 4.27e-06, 0.11, 0.781, 151.988] 79YqE7RhYB4jYmW8tXBw1A
[0.591, 0.797, 2, -4.675, 0.0297, 0.00462, 1.3e-06, 0.137, 0.351, 104.014] 5TU1cWjUGyVKjSnIIxRSEf
[0.452, 0.944, 2, -3.785, 0.0587, 0.00717, 0.161, 0.0766, 0.673, 148.07] 4rhUBIlzi7zgV7TryhVujl
[0.572, 0.639, 5, -6.196, 0.0506, 0.0922, 1.64e-05, 0.563, 0.804, 179.857] 78n9Kl5xJjWfUPEYUAhhG1
[0.529, 0.743, 1, -6.865, 0.091, 0.00378, 5.46e-06, 0.0432, 0.616, 112.985] 32rG7MMvXotrLIVSGHAN5W
[0.476, 0.861, 10, -7.358, 0.5, 0.0169, 0.000287, 0.237, 0.0861, 95.231] 2wBEMqe81CXIX88kph8GBO
[0.401, 0.923, 8, -5.596, 0.0469, 0.0037, 0, 0.469, 0.237, 83.241] 31cVLkCPfvIyWiqiCZhDqm
[0.504, 0.888, 1, -5.224, 0.0935, 0.000516, 0.000318, 0.602, 0.47, 179.757] 6Pj2nU8oN5P1fKAsbNK0Ll
[0.423, 0.792, 5, -6.227, 0.0396, 1.49e-05, 0, 0.429, 0.195, 119.974] 0KcHwAnK9I7ieGVaRJICxT
[0.484, 0.93, 2, -4.459, 0.148, 0.00726, 0.000259, 0.151, 0.515, 194.036] 0MS4mfGlVa925o8g14N2ei
[0.507, 0.803, 6, -6.555, 0.0606, 0.00212, 0.571, 0.507, 0.312, 140.047] 7aIEOtCR4HhoDreA6syizW
[0.609, 0.674, 10, -7.388, 0.0548, 0.0735, 0.06, 0.345, 0.315, 90.009] 23OXdR7YuUBVWh5hSnYJau
[0.438, 0.778, 1, -7.452, 0.0683, 0.00269, 0.779, 0.0893, 0.457, 95.775] 3Vm5T4ZUrPXXkJ5YXqfvMX
[0.557, 0.886, 0, -3.092, 0.0378, 0.000125, 0.000199, 0.355, 0.638, 127.982] 2CEjWJ4lPiodKXXS2bhVyP
[0.463, 0.832, 11, -4.906, 0.0394, 0.000118, 0.222, 0.0829, 0.146, 112.919] 0BwUDxmycBUvEqScnYjawd
[0.666, 0.775, 2, -5.458, 0.0979, 0.0226, 0, 0.254, 0.59, 144.998] 1SNipdzMky2C2LwvoVRzsv
[0.421, 0.859, 1, -4.333, 0.0694, 0.000103, 0.000248, 0.1, 0.373, 166.099] 4iGBPovu7Hy7TUg6Wk6pjt
[0.553, 0.868, 6, -4.186, 0.048, 7.35e-05, 0.0359, 0.0934, 0.5, 140.047] 4x241uAmPrxKZdCZKt2r5t
[0.645, 0.85, 7, -4.184, 0.193, 0.00119, 0, 0.241, 0.45, 90.999] 51rdCmgHBzg9HJ7eHjVRK9
[0.68, 0.557, 9, -7.25, 0.0407, 0.0129, 0, 0.196, 0.521, 130.042] 4TrzjmGcj6b8ct55iYQZXl
[0.633, 0.952, 11, -3.101, 0.0532, 0.0251, 0, 0.404, 0.9, 131.981] 1dSreFBAq3Tz7eLvea5ikf
[0.374, 0.997, 11, -2.051, 0.11, 0.000196, 0.0272, 0.103, 0.339, 151.764] 0mJiP6nknBsajRzZooLOVh
[0.49, 0.492, 0, -9.05, 0.031, 0.000496, 2.24e-05, 0.0899, 0.541, 157.954] 2nNCQ7lebrRxeUYaf4hKni
[0.27, 0.948, 1, -2.979, 0.136, 0.0285, 0, 0.152, 0.475, 98.765] 5QMmZqzh93EY6gJG4PmzHA
[0.521, 0.856, 11, -3.499, 0.0511, 0.011, 0, 0.31, 0.454, 136.985] 6DLKNWx11doB3MnMntfK2e
[0.5, 0.675, 9, -9.166, 0.043, 0.0185, 0.0152, 0.201, 0.614, 122.813] 7dNDyDsDdN2X2n0cWIon5e
[0.518, 0.748, 5, -3.856, 0.0851, 0.0343, 0.0337, 0.086, 0.664, 150.024] 6sxtXvoNeOnavXqlIceWch
[0.531, 0.976, 7, -7.339, 0.0448, 0.000175, 7.39e-05, 0.392, 0.527, 115.029] 0VIMMw4UzOEMSKGLHa5rfR
[0.273, 0.952, 11, -8.762, 0.0841, 0.0169, 0.0112, 0.142, 0.475, 100.269] 3YBZIN3rekqsKxbJc9FZko
[0.416, 0.995, 10, -5.376, 0.119, 0.000164, 0.0902, 0.34, 0.33, 112.014] 5tqSUxm3Wpql0dlLMrIAp1
[0.197, 0.629, 11, -9.291, 0.03, 0.0165, 0.279, 0.125, 0.221, 79.495] 53968oKecrFxkErocab2Al
[0.446, 0.954, 8, -8.069, 0.0764, 0.0232, 0.395, 0.297, 0.332, 123.45] 0bVtevEgtDIeRjCJbK3Lmv
[0.375, 0.973, 8, -10.098, 0.128, 0.0134, 9.52e-06, 0.0947, 0.218, 150.636] 63HA3dpnOmdDcazJ9sDfrh
[0.4, 0.992, 6, -6.995, 0.0725, 0.107, 0.0113, 0.179, 0.243, 149.41] 2vNw57KPaYDzkyPxXYUORX
[0.454, 0.91, 6, -7.766, 0.0446, 0.0852, 0.0988, 0.116, 0.63, 125.116] 7o2CTH4ctstm8TNelqjb51
[0.405, 0.968, 11, -7.975, 0.078, 0.0608, 0.266, 0.363, 0.452, 140.676] 5x6alRKb9sdCidGQz5luEd
[0.487, 0.94, 8, -9.284, 0.0384, 0.0254, 1.69e-06, 0.305, 0.576, 106.092] 4DnEyHNO8MdhFYFrDq73BV
[0.496, 0.739, 6, -7.193, 0.0415, 0.0211, 0.00444, 0.106, 0.378, 132.41] 2C4aYxNpoPkmoZ3ZdPeuOB
[0.437, 0.572, 8, -8.648, 0.0339, 0.00191, 0.00243, 0.116, 0.239, 124.172] 0ZEhlT9v8CdOKu55zhYGv9
[0.441, 0.935, 3, -8.49, 0.0514, 0.167, 0.0298, 0.513, 0.308, 103.467] 2dyfo7lqKI7NtSAhUZwnoJ
[0.241, 0.984, 1, -6.965, 0.105, 0.0666, 0.0161, 0.0636, 0.317, 170.398] 267z5eJwlfiP5FZ3CklTtK
[0.417, 0.983, 1, -7.074, 0.109, 0.0146, 0.0185, 0.601, 0.346, 122.046] 0GQuzKlkH0otZ01oMFzsSu
[0.366, 0.971, 1, -7.281, 0.062, 0.0338, 0.294, 0.297, 0.285, 152.181] 7iLeu3HnJt7hkxfrqO55V4
[0.463, 0.943, 10, -7.95, 0.0419, 0.0303, 0.213, 0.0251, 0.55, 111.577] 5j6WdDC183izbbjedKsSAe
[0.262, 0.793, 11, -8.668, 0.0646, 0.00968, 0.08, 0.115, 0.247, 152.447] 04MNKrAnzrHDUzuXAtNoLr
[0.35, 0.985, 10, -5.676, 0.122, 0.00876, 0.551, 0.36, 0.323, 151.007] 09PTdECef2Uxix7ma0HCxs
[0.457, 0.266, 6, -14.465, 0.0313, 0.711, 0.000261, 0.124, 0.372, 120.459] 7D5n2kpYH2WSqIyEO9MeXf
[0.62, 0.832, 1, -9.295, 0.032, 0.458, 0.000121, 0.16, 0.918, 135.153] 2uduMoxSNLkDBhyLS2JroT
[0.35, 0.974, 8, -9.55, 0.133, 0.00146, 0.446, 0.0378, 0.119, 98.354] 46AtSShP5IL2Ls3uHpxmt8
[0.336, 0.787, 10, -8.803, 0.0732, 0.0793, 0.0648, 0.32, 0.383, 140.003] 0EHzXpyi1swR8sMpbVHcLJ
[0.263, 0.648, 6, -6.843, 0.0496, 0.485, 0.000152, 0.137, 0.24, 69.404] 3qjLlHdGbwDQYKYldJp56p
[0.298, 0.92, 6, -7.454, 0.0924, 0.0326, 0.000547, 0.0708, 0.388, 179.953] 2PrmCyoClC4ulLJR42z74O
[0.41, 0.929, 6, -5.884, 0.0354, 0.0273, 0.0013, 0.12, 0.554, 138.462] 3E5yOnpyHFerNmTVGn8ZXd
[0.34, 0.984, 1, -2.533, 0.0938, 0.000249, 0, 0.331, 0.613, 187.766] 0ivarc4umuzp5I3J7lPDJc
[0.315, 0.946, 10, -4.151, 0.0646, 0.000147, 0.506, 0.334, 0.402, 119.207] 39WoLsd8lNAdmYLr7z5o5G
[0.275, 0.987, 8, -6.263, 0.174, 0.000932, 0.0033, 0.362, 0.239, 161.91] 4BZdQn690mETPLKmNDhbGi
[0.474, 0.8, 2, -10.472, 0.0775, 0.000769, 0.0309, 0.131, 0.156, 133.94] 5dlAkAIEusU1FJcyaYMgVm
[0.366, 0.993, 10, -4.465, 0.169, 0.0112, 0.969, 0.0708, 0.147, 100.748] 1416zt0Z35YVGt97dXMbxu
[0.331, 0.965, 3, -2.918, 0.143, 0.000112, 9.85e-05, 0.312, 0.342, 176.988] 3kSsbFBOdaflBNNJkiG1ja
[0.563, 0.784, 1, -9.234, 0.042, 0.1, 0.00219, 0.895, 0.387, 98.011] 3nW5v0Htr1ySk8czTJIA2V
[0.402, 0.502, 2, -10.009, 0.0315, 0.0702, 6.37e-05, 0.115, 0.209, 147.519] 4g9TfQAiEN6lDNRJJsiU9T
[0.321, 0.95, 8, -6.729, 0.179, 0.0213, 0.00657, 0.191, 0.226, 108.466] 6fx2QjZU1Pf5DsHXMdGt0W
[0.363, 0.849, 6, -7.744, 0.0554, 0.0666, 0.00517, 0.306, 0.429, 170.627] 0SvH3iaSrSb8zZnMCEis6C
[0.359, 0.762, 11, -8.323, 0.032, 0.0105, 0.281, 0.368, 0.167, 89.259] 46TYXxwJDYD9JLd2PQLrkO
[0.308, 0.996, 10, -3.356, 0.0817, 0.00319, 0.000283, 0.356, 0.375, 181.331] 2foNAckCzsyD0HJUbmhTZJ
[0.645, 0.74, 7, -9.414, 0.0528, 0.00542, 0.0239, 0.115, 0.783, 146.434] 2lWfuwRnN6aSk50TPx6eCk
[0.451, 0.913, 1, -8.078, 0.133, 0.0217, 0.187, 0.132, 0.263, 126.22] 34Lo0oc0QDJ1wlepfnWHQI
[0.517, 0.97, 8, -2.932, 0.0853, 0.00559, 0.0343, 0.0581, 0.601, 134.336] 1kq4BX4zZHyr4O5cJGcduh
[0.466, 0.991, 8, -3.272, 0.142, 0.00551, 0.174, 0.354, 0.205, 137.595] 2dsamqceYOKqLNx2Ch6Zhz
[0.255, 0.993, 8, -6.759, 0.199, 0.000962, 0.741, 0.13, 0.214, 190.507] 638OrV0KtFGrxvLoAUvxCY
[0.478, 0.986, 1, -7.224, 0.0838, 0.00701, 0.000985, 0.0462, 0.412, 118.167] 3GrDnXqbJ71MaPNu1iR6U1
[0.445, 0.922, 8, -6.665, 0.0443, 0.0189, 0.00244, 0.181, 0.449, 129.502] 4vtXsXvSYaTfKQ0dJXbJGu
[0.431, 0.991, 6, -6.347, 0.119, 0.0411, 0.135, 0.421, 0.26, 138.983] 5bGxSfPQfAsC6sBcHT3aZs
[0.263, 0.442, 8, -8.279, 0.0309, 0.603, 2.99e-06, 0.106, 0.133, 92.179] 2FEWcWHnDmGD6WSqpW4VYu
[0.253, 0.969, 10, -3.638, 0.253, 0.000308, 0.372, 0.992, 0.402, 158.957] 1JIQmOrYNMohZ8oygnm9Bg
[0.267, 0.872, 6, -6.05, 0.0994, 0.00274, 0.0118, 0.996, 0.399, 147.8] 2da7wnI5OoV89TsdKMM81k
[0.234, 0.947, 6, -3.608, 0.0659, 0.000839, 0.00181, 0.992, 0.426, 133.688] 0yqcmfdOv3RuDXKaloCKxY
[0.152, 0.779, 11, -5.301, 0.0529, 0.0306, 0.0236, 0.992, 0.114, 75.496] 4EQDIFyn4VPMl4OWBc0EV2
[0.369, 0.921, 7, -5.693, 0.0791, 0.0112, 0.428, 0.068, 0.245, 124.689] 7xKNLe9qqIIEW3I83x4crd
