[0.393, 0.132, 4, -18.825, 0.0321, 0.0776, 0.108, 0.0956, 0.293, 87.168] 7gfoAvnBt1L3QpzHZfce8T
[0.451, 0.222, 5, -15.66, 0.04, 0.68, 0.00108, 0.0689, 0.33, 104.132] 1prXoU7dvn0jYK37fV4Jx9
[0.56, 0.26, 5, -17.554, 0.0788, 0.0379, 0.00645, 0.324, 0.266, 118.873] 6u8HbcQSZeloLAOcz5J2sY
[0.303, 0.648, 0, -6.795, 0.0512, 0.642, 0.053, 0.407, 0.644, 170.379] 7hoEqshY4qmgOY1PZQLY4o
[0.389, 0.253, 0, -12.584, 0.0371, 0.467, 0.0286, 0.681, 0.226, 79.516] 717z8LRvf03Qw1rj5piLhS
[0.55, 0.312, 9, -8.549, 0.0348, 0.727, 0.0188, 0.0737, 0.416, 125.259] 1th2vwXpgv6prxxHbVccV9
[0.3, 0.353, 4, -15.588, 0.047, 0.777, 0.478, 0.406, 0.19, 134.912] 505adiMkMfo80cg6HJtmWT
[0.402, 0.0982, 5, -19.814, 0.0401, 0.356, 0.194, 0.358, 0.191, 141.54] 56UsciEGCYrmCTSI3veuvC
[0.643, 0.0212, 2, -23.039, 0.0631, 0.857, 0.0219, 0.106, 0.741, 112.683] 1mka0egloj2XnXJznzMCw6
[0.514, 0.112, 2, -17.961, 0.125, 0.938, 0.00193, 0.167, 0.346, 130.771] 5HrztaUeeQaraA5IsBWzm6
[0.511, 0.136, 2, -16.762, 0.159, 0.747, 0.000202, 0.173, 0.343, 74.657] 4wkoRdEY3TPHKA3NR115TM
[0.572, 0.219, 2, -15.23, 0.233, 0.901, 0.00742, 0.373, 0.465, 141.972] 7yTpCB4c2l7ytz4APk2ZZ5
[0.557, 0.219, 2, -16.623, 0.424, 0.876, 0.00265, 0.141, 0.526, 93.371] 5GPTI1Iw5ZSZbOVgysIOVe
[0.542, 0.0381, 6, -34.288, 0.0648, 0.857, 0.0465, 0.11, 0.384, 100.926] 2pkeGJP6nGNBKgx2x1sPlf
[0.576, 0.0531, 8, -25.415, 0.101, 0.85, 0.00121, 0.107, 0.404, 65.703] 5GSR2gN0GirUncbFPQ4xvr
[0.605, 0.018, 6, -22.202, 0.0792, 0.943, 0.243, 0.0938, 0.142, 119.454] 44CZKiI38fzsjysTPNxLwB
[0.369, 0.33, 11, -11.845, 0.101, 0.982, 0.484, 0.192, 0.336, 90.748] 3d7U0z7B5nxJGKpmpOATgj
[0.412, 0.368, 5, -13.546, 0.0458, 0.222, 0.00507, 0.105, 0.202, 120.769] 0eOIpmwD2rofupNb9bKYXo
[0.362, 0.403, 0, -14.468, 0.0367, 0.0654, 0.403, 0.111, 0.572, 99.264] 2HhoaXzgaL3rRAlFQvBP4B
[0.504, 0.212, 0, -16.756, 0.0408, 0.893, 0.22, 0.0817, 0.233, 108.629] 5vbw9boDHRHLZiv90e2ZVx
[0.616, 0.131, 5, -20.639, 0.0432, 0.747, 0.00721, 0.121, 0.328, 83.231] 40Gg9yXs1RSE7qcWAferU4
[0.551, 0.178, 2, -16.303, 0.0434, 0.486, 0.00662, 0.086, 0.292, 81.518] 63MynbvINbRgvE2HupTJgF
[0.627, 0.282, 4, -10.107, 0.0263, 0.189, 0.00123, 0.152, 0.413, 83.443] 5YcsVvdguZVU10TFO17duz
[0.359, 0.478, 7, -13.163, 0.0362, 0.0487, 0.00596, 0.306, 0.519, 130.167] 2ukhQ8FiVrnCQsixaSvbWn
[0.494, 0.487, 9, -9.773, 0.0328, 0.322, 0.0111, 0.7, 0.384, 81.999] 5sSQk1xecD6ltqfy8LLjhe
[0.4, 0.674, 2, -5.911, 0.0334, 0.677, 0.784, 0.389, 0.624, 89.613] 1lvB6EpmVGA3113h4f2IWc
[0.653, 0.206, 9, -11.978, 0.0288, 0.791, 0.00162, 0.0817, 0.522, 136.984] 2tzOABQrMoXPFb34uNtuwj
[0.338, 0.426, 7, -11.164, 0.0368, 0.193, 0.00233, 0.0693, 0.398, 121.971] 5cc8LKOswhq75IQGPFDyvR
[0.47, 0.466, 0, -6.582, 0.0239, 0.716, 2.5e-06, 0.145, 0.504, 81.344] 2rtYgoUB1aHtkg0W1FdhVT
[0.263, 0.533, 2, -9.72, 0.047, 0.63, 0.862, 0.666, 0.464, 96.8] 3HxhIQ4IFy0zubKcc5wDkd
[0.436, 0.393, 4, -9.3, 0.0301, 0.969, 0.938, 0.291, 0.497, 76.192] 7pjkEiSewRnCGKnZ7Ai83d
[0.385, 0.449, 5, -10.627, 0.0343, 0.939, 0.876, 0.661, 0.535, 69.796] 1sovQa6LrJ0RtsjljHqn6g
[0.269, 0.709, 0, -7.05, 0.072, 0.918, 0.879, 0.448, 0.56, 166.315] 5y2uInc02vx6Ujw9EwmpEc
[0.353, 0.528, 10, -8.747, 0.147, 0.957, 0.875, 0.597, 0.522, 55.943] 4lG1IPg0LWWvZgwUqga7cg
[0.258, 0.602, 10, -10.205, 0.0962, 0.987, 0.88, 0.658, 0.503, 76.056] 2HVUOosA9XPSa3V8YS1Aws
[0.344, 0.452, 8, -8.426, 0.0491, 0.941, 0.914, 0.703, 0.382, 135.496] 1VpEYV2q9gdvLfd7fWaErc
[0.762, 0.358, 9, -14.903, 0.0367, 0.838, 0.0427, 0.193, 0.9, 120.79] 5Lh4aGwVSl2bBR4W5mBr9V
[0.75, 0.224, 5, -14.618, 0.0738, 0.833, 0.00936, 0.0982, 0.717, 132.025] 2YnYuacKTIGsOGmdVzH1Lp
[0.48, 0.061, 0, -16.696, 0.0388, 0.976, 0.483, 0.125, 0.261, 138.439] 78WaOAO3xm45gOXqMhI09d
[0.537, 0.0651, 2, -14.272, 0.0461, 0.69, 2.1e-05, 0.123, 0.234, 133.567] 1zBaC0k70VeGQqrMZ1pukr
[0.464, 0.0507, 2, -19.658, 0.0595, 0.874, 4.77e-05, 0.14, 0.455, 86.48] 2hYEwaHUxYPtNZPHJte9bt
[0.505, 0.219, 2, -13.058, 0.0359, 0.161, 6.78e-06, 0.186, 0.292, 139.934] 1W8MevvpCxjpbABKlZmNLf
[0.397, 0.307, 9, -12.477, 0.0292, 0.197, 0, 0.1, 0.283, 146.881] 2P9TQmwYwjO302FfCNK8kY
[0.356, 0.298, 7, -10.931, 0.0367, 0.567, 0.000156, 0.0573, 0.274, 107.928] 1pK7pSqUpdQ0Fp2q8har5I
[0.431, 0.218, 7, -10.847, 0.0318, 0.738, 0.0288, 0.77, 0.201, 145.134] 5JUQIKd3I8BrThdJlpTTFT
[0.527, 0.0655, 2, -23.848, 0.0417, 0.706, 0.00206, 0.0824, 0.245, 140.91] 3F893EAQXXAESELodV01Bx
[0.458, 0.425, 6, -6.103, 0.0262, 0.251, 1.69e-06, 0.15, 0.622, 137.805] 05NxO1XsR9eLqe2sSMuwfl
[0.499, 0.303, 7, -11.458, 0.0334, 0.794, 0.0341, 0.112, 0.126, 136.545] 1hPgHpLB7flIHgDqjExFba
[0.598, 0.259, 0, -11.386, 0.0443, 0.185, 0.845, 0.396, 0.405, 139.327] 76ftt39AF2QVwxHE2xe1aa
[0.524, 0.31, 3, -11.288, 0.0401, 0.432, 0.00543, 0.0833, 0.402, 142.673] 2fL6hV9t4woMNwo3xYKOCI
[0.515, 0.105, 0, -17.303, 0.0521, 0.309, 0.00291, 0.0852, 0.177, 138.763] 6wDGgiUZIpC7eCgrSoguie
[0.443, 0.339, 0, -11.795, 0.0393, 0.687, 0.000297, 0.0953, 0.593, 78.586] 4VJ7hK0xONIrpCk5m3Vm4a
[0.604, 0.191, 6, -12.056, 0.0494, 0.879, 0.482, 0.137, 0.183, 115.287] 4ssZiRQC0FGsNJdKcLSkdD
[0.609, 0.22, 2, -14.68, 0.0402, 0.956, 0.0836, 0.112, 0.443, 154.329] 6X9AiUNnORDRNMAMiQOC1q
[0.376, 0.207, 4, -11.719, 0.03, 0.826, 2.68e-06, 0.124, 0.18, 102.674] 0S8wQT9YkE41gHIGwXvgep
[0.407, 0.18, 2, -12.976, 0.0322, 0.879, 2.28e-05, 0.188, 0.342, 81.207] 0hV6uZacjjxRUWPByByRdt
[0.393, 0.364, 5, -10.945, 0.0345, 0.0021, 0.0703, 0.121, 0.308, 118.566] 1SDiiE3v2z89VxC3aVRKHQ
[0.325, 0.844, 5, -6.392, 0.0578, 0.0309, 0.0128, 0.967, 0.392, 112.274] 5uUCkI3gFqiFvbw9FCX2nl
[0.357, 0.358, 6, -16.281, 0.0427, 0.571, 0.413, 0.729, 0.48, 113.279] 1nvZF4Hs35VOtEMTTzMt38
[0.305, 0.757, 11, -9.774, 0.0517, 0.0209, 0.359, 0.646, 0.475, 107.837] 56V6f49c0fHEiZCLhy31Iv
[0.307, 0.543, 6, -10.801, 0.0398, 0.000467, 0.449, 0.601, 0.52, 146.411] 5XZuM4C1foGR26QNaVcGjT
[0.381, 0.471, 1, -10.812, 0.0321, 0.034, 0.268, 0.84, 0.332, 143.496] 5sKLUVHc6FR1LHdoc0cgl1
[0.472, 0.294, 11, -15.395, 0.0421, 0.187, 0.182, 0.77, 0.283, 105.943] 3QQhN2MU3DFRg851NZjvmt
[0.431, 0.431, 6, -9.857, 0.0313, 0.377, 0.000121, 0.294, 0.587, 97.623] 4YXlJiIXYad3yWAYqC5zOa
[0.469, 0.407, 6, -10.897, 0.0545, 0.435, 2.38e-06, 0.803, 0.687, 103.358] 7vn037pBVIJo916W1BCtE7
[0.505, 0.463, 7, -10.653, 0.124, 0.518, 1.57e-05, 0.715, 0.659, 105.661] 5ZdziocLu1aGzSRixpW3rr
[0.456, 0.404, 2, -12.129, 0.0496, 0.716, 0.000232, 0.92, 0.542, 105.804] 0sNKDMdRAGdI5C9afVMGEx
[0.517, 0.394, 2, -10.835, 0.0509, 0.679, 4.52e-05, 0.718, 0.578, 104.871] 3BHyWRyE82VPFKJgIXy7gp
[0.367, 0.38, 8, -10.911, 0.0564, 0.871, 0.0302, 0.963, 0.38, 178.158] 0TgOfwohkYdaWMAk79DCaF
[0.574, 0.0915, 2, -13.47, 0.0468, 0.931, 0.000167, 0.139, 0.181, 135.427] 6X1NZ9e24SLE8f9Vojkg6d
[0.489, 0.359, 5, -9.295, 0.0643, 0.179, 5.45e-05, 0.1, 0.337, 100.462] 2DbzcJQzq1b3z1uByNIv3Q
[0.327, 0.343, 2, -11.832, 0.0323, 0.821, 0.339, 0.0531, 0.475, 174.624] 1GUpO0H4hNKm2LmPrZSK9d
[0.388, 0.643, 7, -7.209, 0.0501, 0.397, 0.00594, 0.0912, 0.39, 177.638] 6vrTbTLYso5QCBSeWevRhw
[0.576, 0.0968, 6, -19.439, 0.036, 0.546, 0.286, 0.226, 0.168, 113.232] 7zto61V8ySp03Qi6X1LU2X
[0.49, 0.124, 5, -15.93, 0.0335, 0.458, 0.363, 0.141, 0.255, 127.358] 5nN6fys7Lap4I4vOjROmjB
[0.59, 0.463, 7, -7.263, 0.0296, 0.319, 0.00295, 0.0965, 0.395, 126.051] 4AN5PLmDotMbZb6fyiry2l
[0.609, 0.171, 5, -14.006, 0.0368, 0.808, 0.0986, 0.0778, 0.21, 138.071] 5tRNgEl5hyFr7E2Adt7dhT
[0.564, 0.274, 5, -13.608, 0.035, 0.647, 0.303, 0.102, 0.157, 125.148] 5TjuQd2TgP2zQrEZdoCM2S
[0.51, 0.468, 2, -9.705, 0.038, 0.246, 0.61, 0.386, 0.641, 135.313] 2r6dT46yP1b5JwOb3ljlDK
[0.426, 0.465, 7, -9.544, 0.0328, 0.219, 0.213, 0.126, 0.287, 103.737] 0BX4XzYSTD4HBz2BzcQ8Iu
[0.354, 0.384, 9, -10.717, 0.0404, 0.0392, 9.44e-05, 0.819, 0.419, 145.697] 3TAqQL6YQjAu5jNE2ti604
[0.471, 0.404, 6, -10.633, 0.0328, 0.437, 0.0204, 0.711, 0.57, 146.036] 6kJMw7nuBU7vKlOFI4lY3I
[0.43, 0.408, 9, -13.078, 0.0306, 0.0305, 0.0145, 0.0386, 0.305, 77.012] 6PllJwFfc9vx8BbyBNMHPP
[0.394, 0.337, 5, -10.709, 0.0476, 0.339, 0.0431, 0.165, 0.586, 178.32] 5mkTl106Jc79DzVVR4cmdT
[0.606, 0.568, 11, -5.294, 0.0421, 0.629, 0.00418, 0.116, 0.427, 77.067] 3gGKOVwsAVvwt9BcH3k18J
[0.61, 0.543, 5, -5.498, 0.0301, 0.482, 0.209, 0.156, 0.433, 130.965] 44FnSZip0XhEBR3l7rPeJ1
[0.602, 0.375, 5, -11.153, 0.0377, 0.22, 0.052, 0.156, 0.476, 158.504] 2LkthyImwECrhIQDmygSfC
[0.373, 0.271, 11, -10.787, 0.0383, 0.887, 0.137, 0.113, 0.414, 181.58] 1Q57HueU3dO9hZB5ALMlPh
[0.725, 0.315, 4, -8.48, 0.0369, 0.72, 0.00259, 0.0869, 0.298, 126.39] 7cOzgDiU8MLB8IkK1RsWn1
[0.487, 0.332, 5, -15.458, 0.0442, 0.126, 0.0013, 0.0685, 0.506, 120.328] 5MULjaj5Xzjd2pyvUK8rRM
[0.469, 0.317, 0, -12.871, 0.0406, 0.163, 0.00923, 0.0896, 0.239, 181.211] 07ryUv7iopBTzG56iRRWT4
[0.299, 0.589, 9, -8.615, 0.046, 0.0624, 0.346, 0.421, 0.423, 124.799] 1vZ6CylaWYK2CUQc66qkcm
[0.542, 0.515, 7, -12.167, 0.0419, 0.281, 1.34e-06, 0.193, 0.506, 117.326] 5JQCpkQ72w38DQZm3e8y8C
[0.534, 0.174, 4, -19.058, 0.0331, 0.287, 0.0588, 0.107, 0.158, 126.446] 6r8tIzbytSlvy93QN9QN58
[0.469, 0.184, 0, -17.204, 0.0339, 0.263, 0.00154, 0.119, 0.352, 148.822] 2r2IaO8V8xxnVM5PD0wJIU
[0.48, 0.214, 0, -16.204, 0.076, 0.55, 0.276, 0.0656, 0.425, 180.55] 2iPGcB4kEBAYsUIDK01S56
[0.594, 0.0246, 8, -18.592, 0.036, 0.96, 0.83, 0.11, 0.295, 83.056] 3RfXOv2HxjkCMH8ALzZYAR
[0.383, 0.441, 1, -13.275, 0.0343, 0.397, 1.54e-06, 0.0858, 0.562, 172.524] 6aHiddcKSkoYmQGY4GyM6d
[0.547, 0.174, 4, -15.047, 0.0352, 0.81, 0.357, 0.105, 0.246, 135.133] 61Ad95lVR8KdblY5He6SY8
[0.393, 0.132, 4, -18.825, 0.0321, 0.0776, 0.108, 0.0956, 0.293, 87.168] 2Qm98Rw4rdfvo14ZOUiZTN
[0.534, 0.395, 7, -15.312, 0.0279, 0.291, 0.08, 0.183, 0.479, 95.183] 2PFhuPJepm3nJwuTskHtNE
[0.463, 0.186, 6, -15.026, 0.0383, 0.548, 0.000119, 0.105, 0.202, 96.075] 6Piz8rVw1wQSv2ipNyDdmE
[0.525, 0.269, 7, -10.661, 0.0305, 0.426, 0.00171, 0.094, 0.43, 140.707] 6yRQNqLBHDq4bsbQ31LLHi
[0.458, 0.191, 0, -15.679, 0.067, 0.256, 0.00734, 0.145, 0.196, 134.973] 6UeXTLTfrqnnpNhpFB989f
[0.5, 0.17, 9, -15.862, 0.0411, 0.7, 0.0015, 0.105, 0.26, 144.606] 0nplEwDPsCo2lJS4GipmOa
[0.368, 0.484, 9, -6.214, 0.026, 0.523, 0.174, 0.0792, 0.217, 73.35] 3H2LrcYZk56ahcsYvFCar1
[0.525, 0.193, 0, -16.814, 0.0413, 0.413, 0.000669, 0.128, 0.313, 150.308] 2EK4OdRaBf3ewmRvC5Aeky
[0.409, 0.621, 0, -9.092, 0.0465, 0.48, 0.0144, 0.911, 0.259, 137.412] 1wpS3lQFtfD2Bmdvhp0chI
[0.567, 0.52, 7, -5.736, 0.03, 0.351, 0.476, 0.132, 0.342, 126.248] 6NntKmEkUcQoJ8cMErVlPz
[0.547, 0.674, 9, -8.41, 0.0404, 0.138, 0.00896, 0.339, 0.645, 159.995] 3VeC7Pcwg9qFSnxNX3aQ37
[0.43, 0.359, 2, -12.134, 0.0342, 0.597, 0.00766, 0.225, 0.325, 172.933] 3OYtWcQt3SYlUIwuNl0ZRZ
[0.433, 0.38, 5, -13.754, 0.0296, 0.388, 0.116, 0.116, 0.506, 99.564] 5UUX7ENhOiMCDd3dO3IQQ6
[0.507, 0.241, 9, -13.191, 0.0287, 0.342, 0.0237, 0.0671, 0.361, 133.939] 3UqX9HBX9o8qeKEUwZykvu
[0.508, 0.308, 2, -12.268, 0.0418, 0.72, 0.0082, 0.0979, 0.307, 155.35] 2gI6qmoB7UU0yBbH9JGi2F
[0.524, 0.301, 9, -13.589, 0.0384, 0.471, 0.0267, 0.0762, 0.44, 148.313] 5tOc0XzOdQkaD4NStTBTvy
[0.555, 0.318, 7, -11.325, 0.0944, 0.164, 3.25e-05, 0.279, 0.525, 98.85] 3rJbAsW1r7CquByZPBShaX
[0.564, 0.312, 2, -10.102, 0.093, 0.474, 7.53e-06, 0.251, 0.273, 177.739] 1NyC8y2DKj0pAZ2Vyd4yWz
[0.49, 0.338, 2, -13.657, 0.2, 0.472, 4.31e-06, 0.109, 0.463, 140.533] 5XdXn1gKWMwsVr270qG7Z8
[0.508, 0.353, 9, -9.402, 0.0362, 0.701, 0.00194, 0.0862, 0.14, 129.23] 4g874bV6UacrMa1icoGOKa
[0.769, 0.586, 4, -6.047, 0.0412, 0.45, 0.0243, 0.11, 0.882, 93.374] 0BrmbJnPYcd7gnvLYqxw0r
[0.533, 0.231, 9, -10.32, 0.0519, 0.817, 0.0145, 0.0931, 0.211, 116.357] 1DY9C5G65UmrIcyOlnBBb4
[0.692, 0.493, 9, -9.662, 0.0325, 0.0934, 0.00166, 0.128, 0.28, 86.644] 1xW9HHRQe8MMGF8SBNgkBY
[0.491, 0.291, 1, -12.889, 0.0439, 0.453, 0.00213, 0.561, 0.337, 105.865] 4Z0crhByRWVoMjzy0ZFYtO
[0.599, 0.495, 3, -9.529, 0.0618, 0.758, 0, 0.0388, 0.62, 114.451] 0LlwhPLGzQkEMR8OwL4JAP
[0.567, 0.349, 4, -9.986, 0.0315, 0.581, 0.173, 0.143, 0.341, 79.535] 4NaKhyBiu375BsAcKGEGCO
[0.613, 0.472, 7, -10.836, 0.0277, 0.722, 0.347, 0.129, 0.675, 79.614] 1ol9HfVFSKwbVVnzc1vzY2
[0.333, 0.603, 0, -8.339, 0.176, 0.331, 0.0268, 0.982, 0.525, 207.8] 2PatEYrrVBNx5LPjTL2ruP
[0.541, 0.283, 0, -13.659, 0.0527, 0.805, 0.0367, 0.0736, 0.564, 76.828] 3DjwjAUPT4zvIu6ZzcgLGJ
[0.508, 0.203, 2, -16.381, 0.0389, 0.903, 0.0587, 0.0537, 0.437, 71.978] 6OnErn8e255EfWRx015sk4
[0.314, 0.361, 2, -10.642, 0.0337, 0.604, 0.88, 0.129, 0.222, 68.963] 4kEwx16hmTtwDKbZrqd8Rx
[0.445, 0.287, 8, -15.663, 0.0351, 0.753, 0.852, 0.253, 0.197, 56.417] 2FO2Z7K49PcfQVs6Mghrqp
[0.619, 0.444, 5, -12.552, 0.0336, 0.175, 0.000863, 0.123, 0.812, 116.624] 2NmBwqOKEx4jcIRrhEvpmy
[0.477, 0.607, 9, -8.33, 0.0471, 0.256, 0.146, 0.107, 0.64, 87.301] 4aWZIBCBMQEgMna9JpgW90
[0.617, 0.415, 9, -10.991, 0.0942, 0.576, 0.000965, 0.303, 0.301, 80.987] 3FOdTAq9pNEMJ8LNJreVIL
[0.521, 0.2, 8, -15.759, 0.0407, 0.762, 0.433, 0.138, 0.348, 117.811] 1MIDCw2NTW3Dtn9c6ohSC8
[0.44, 0.335, 2, -11.105, 0.2, 0.525, 3.02e-06, 0.211, 0.272, 64.261] 1AkApcBwr5wjTvw4bUevcg
[0.666, 0.421, 4, -8.553, 0.0421, 0.537, 0.0134, 0.112, 0.441, 79.919] 1amH1FjaNDAaZVpHWzcztW
[0.504, 0.212, 0, -16.756, 0.0408, 0.893, 0.22, 0.0817, 0.233, 108.629] 5vbw9boDHRHLZiv90e2ZVx
[0.616, 0.131, 5, -20.639, 0.0432, 0.747, 0.00721, 0.121, 0.328, 83.231] 40Gg9yXs1RSE7qcWAferU4
[0.551, 0.178, 2, -16.303, 0.0434, 0.486, 0.00662, 0.086, 0.292, 81.518] 63MynbvINbRgvE2HupTJgF
[0.502, 0.234, 0, -17.453, 0.0345, 0.811, 0.27, 0.16, 0.407, 80.027] 4j7mlE3lNEnRqJTDjSE2Yc
[0.471, 0.358, 7, -15.764, 0.0316, 0.537, 0.676, 0.294, 0.38, 133.365] 2vp3bj9NQ9CmJKU3USRodr
[0.5, 0.372, 4, -8.857, 0.0435, 0.721, 0.0539, 0.151, 0.167, 172.826] 5xAvbGs9u4Sb5t7n6n11wS
[0.479, 0.423, 2, -7.714, 0.0694, 0.768, 0.000305, 0.294, 0.4, 169.527] 7yXuquZiCxTyLXzPnwlqJv
[0.379, 0.432, 7, -6.697, 0.0364, 0.596, 0.331, 0.174, 0.405, 177.935] 47WHiyCLg0ZEoPVwxgikcX
[0.497, 0.338, 6, -15.139, 0.0864, 0.0118, 0.0151, 0.0962, 0.598, 103.706] 3iqRta0fbze98UKpuk5GzL
[0.299, 0.675, 9, -4.006, 0.0414, 0.361, 0.000485, 0.159, 0.578, 164.4] 6raKumUf0iCaBRZWG25KY2
[0.451, 0.785, 4, -3.056, 0.033, 0.0675, 0.000402, 0.367, 0.655, 93.917] 1eMskS6rZQfA0pKYV97GMn
[0.311, 0.752, 7, -3.628, 0.0442, 0.163, 0.00583, 0.0698, 0.669, 161.884] 3Quq5F6UDqRDBcyD4CcRY3
[0.468, 0.333, 0, -14.057, 0.0469, 0.384, 0.00651, 0.349, 0.684, 175.824] 2oUA3izOj9Ou1jjLC3gugw
[0.8, 0.554, 7, -7.144, 0.0292, 0.593, 0.0184, 0.157, 0.923, 117.353] 7BshIT2nb3pKRC5h3VITda
[0.691, 0.582, 4, -9.738, 0.0253, 0.132, 0.102, 0.253, 0.874, 96.602] 5FReB9Xx3jYNEJkuLBLQCs
[0.338, 0.405, 11, -14.21, 0.0358, 0.378, 0.00919, 0.107, 0.55, 78.426] 3VT1mq0EmDLSIAOo1byCQx
[0.545, 0.32, 7, -10.569, 0.0362, 0.789, 0.216, 0.406, 0.329, 80.355] 0fNbhi6aOLCn5gVcKcGZus
[0.503, 0.706, 3, -5.853, 0.028, 0.54, 4.13e-05, 0.0533, 0.332, 77.74] 0lWpblU8RVTRpwYRKGqec0
[0.303, 0.648, 0, -6.795, 0.0512, 0.642, 0.053, 0.407, 0.644, 170.379] 7hoEqshY4qmgOY1PZQLY4o
[0.534, 0.241, 11, -14.281, 0.102, 0.465, 0.0031, 0.494, 0.242, 113.477] 10xMI8vwUqdjsbykXmMZvo
[0.32, 0.539, 2, -11.944, 0.0331, 0.311, 0.00278, 0.301, 0.609, 177.119] 6Xq8b6nBZNs744j0MhE5a3
[0.326, 0.563, 2, -12.352, 0.0328, 0.0403, 0.00098, 0.26, 0.534, 192.345] 0H0g1bov9Zf2Ebqgod7R9R
[0.61, 0.222, 2, -12.489, 0.046, 0.25, 0.213, 0.192, 0.418, 82.114] 4eOunnjWeh6ntrXFhjg4i3
[0.546, 0.125, 2, -18.363, 0.0458, 0.764, 0.00228, 0.0997, 0.266, 141.434] 6C2NvFce82bSbSzosc8z4j
[0.552, 0.443, 9, -9.113, 0.0453, 0.0563, 0.000173, 0.0864, 0.543, 129.888] 2SL0h7FKhJ1O5DcvmvPqU5
[0.478, 0.853, 5, -8.815, 0.0591, 0.0126, 0.015, 0.568, 0.861, 129.855] 7K2evZmB0mWrZNO8qnXfYI
[0.27, 0.721, 8, -5.915, 0.0666, 0.326, 0.516, 0.259, 0.339, 168.297] 5sSAV6wGhrgFRcLxxExXiM
[0.24, 0.684, 7, -8.301, 0.0378, 0.427, 0.825, 0.279, 0.335, 184.439] 3amKIwstjL8znnyjfv4ohd
[0.454, 0.0718, 5, -19.947, 0.072, 0.0561, 2.68e-05, 0.167, 0.451, 96.636] 1NQCZIi5HA2Q2ez764qMkM
[0.39, 0.563, 11, -5.843, 0.0321, 0.00181, 0.0416, 0.0963, 0.26, 110.226] 0YXCJlidjXsr7vnu7EXZtH
[0.301, 0.665, 5, -6.819, 0.0401, 0.644, 0.159, 0.0771, 0.707, 184.144] 5YQ62Gk0d8lJDByqbPwql9
[0.382, 0.479, 4, -8.362, 0.0437, 0.169, 0.219, 0.767, 0.298, 73.641] 4lEdQ2ZR1AeIcdzBcKDKKu
[0.474, 0.502, 7, -11.926, 0.0592, 0.518, 0.00151, 0.09, 0.557, 181.83] 209H0kCLeQkQiC0fuJaCvm
[0.386, 0.36, 10, -10.467, 0.0412, 0.162, 0.818, 0.112, 0.114, 168.552] 2VnooFZSicrSr5CJ6cXlSv
[0.347, 0.37, 2, -11.986, 0.153, 0.448, 0.000384, 0.99, 0.246, 73.058] 4Xrk3j5waSfsMpxJLfu6UO
[0.353, 0.473, 10, -8.821, 0.0397, 0.663, 0.00197, 0.17, 0.272, 175.213] 6jsrvnwRhVVnDQcrLbR2Kt
[0.365, 0.544, 0, -6.35, 0.0341, 0.296, 0.629, 0.124, 0.58, 93.745] 6WsullZQvSAUHLcrMZmTDi
[0.61, 0.34, 7, -14.244, 0.0349, 0.478, 0.865, 0.0977, 0.482, 107.052] 5W9w5zjQ1J98VNauEbxRCX
[0.276, 0.277, 5, -14.888, 0.0355, 0.437, 0.732, 0.158, 0.377, 179.088] 33aiRzOZw9SnpjpDh5doYd
[0.611, 0.517, 9, -11.499, 0.106, 0.302, 0.00896, 0.126, 0.566, 108.981] 70HUwJoKFvXPWIXlCdYyFb
[0.498, 0.376, 2, -12.963, 0.0579, 0.76, 0.104, 0.0898, 0.608, 179.016] 4GqXzaFTxrahaanRQrFUsZ
[0.597, 0.114, 4, -20.567, 0.0434, 0.77, 0.418, 0.118, 0.502, 81.891] 56cXc1h1H3sjHlICYVzSnV
[0.61, 0.481, 8, -9.839, 0.0635, 0.71, 0.000296, 0.124, 0.907, 92.152] 5HaWGQ4E6ogXWoEhRKqOFQ
[0.492, 0.596, 2, -4.038, 0.0395, 0.97, 0.043, 0.284, 0.548, 86.952] 1TVtYIucWI5fqdQwwlZFR3
[0.728, 0.054, 11, -22.557, 0.038, 0.91, 0.048, 0.12, 0.425, 78.033] 4A0uddUBex0iolIxq1b0km
[0.488, 0.426, 0, -8.504, 0.0328, 0.21, 1.57e-05, 0.299, 0.455, 100.225] 28fogaAGvgvywET0knwpsQ
[0.45, 0.561, 2, -7.463, 0.129, 0.824, 0.00122, 0.258, 0.522, 169.867] 2IAB5hQ4RsZamX30Qcybm9
[0.517, 0.421, 5, -7.3, 0.0409, 0.696, 0, 0.12, 0.461, 98.645] 5vUitXO0fTxxS293NR51jA
[0.361, 0.777, 7, -4.516, 0.0456, 0.569, 0.224, 0.696, 0.325, 101.985] 2AfJGBzYH5CBVJgIrPEiMw
[0.389, 0.439, 10, -7.539, 0.0379, 0.948, 0.00143, 0.188, 0.587, 70.849] 72EktO7vntzcSra9qAefuL
[0.294, 0.736, 7, -7.961, 0.151, 0.282, 0.0418, 0.102, 0.753, 208.576] 3YGsgJqtIWKjMjZtKLk11Z
[0.256, 0.423, 6, -11.994, 0.035, 0.000788, 0.402, 0.25, 0.441, 173.27] 5MtN38MGEWJt60LwtBmFNP
[0.248, 0.431, 6, -11.074, 0.0438, 0.0051, 0.137, 0.294, 0.581, 182.18] 0rXcAvuQdrQakSPhIOZ6f8
[0.696, 0.532, 9, -7.869, 0.0458, 0.672, 0.00154, 0.103, 0.5, 101.989] 3jgkfxYX4nblzWhK0oNk6I
[0.433, 0.447, 9, -12.874, 0.0275, 0.0959, 0.0317, 0.0507, 0.652, 94.518] 1FCzqMyUdl2YW1JGU2ungx
[0.527, 0.0835, 5, -23.824, 0.0381, 0.545, 0.273, 0.0589, 0.151, 127.668] 7jTHmPbkS7msLJgrLO8ILW
[0.452, 0.334, 9, -11.177, 0.041, 0.688, 0.0101, 0.101, 0.598, 175.983] 6u8cgMeqfeQS6FToCcxeZw
[0.45, 0.149, 4, -19.213, 0.0373, 0.796, 0.169, 0.0785, 0.179, 119.669] 6hARgjacs2Gj0RZ2ZLMM1p
[0.4, 0.236, 2, -15.854, 0.0406, 0.0492, 0.0177, 0.0819, 0.197, 153.981] 17cQWIf2Pprb1ifTboacCv
[0.556, 0.148, 0, -17.341, 0.0477, 0.862, 0.219, 0.11, 0.359, 68.882] 7rjZOvobfMJQ3YcsRm4iT5
[0.585, 0.11, 0, -19.756, 0.041, 0.857, 0.802, 0.21, 0.265, 95.852] 4bq9Equks9uYjK3Q1kawHs
[0.53, 0.423, 2, -11.875, 0.0678, 0.45, 0.0359, 0.229, 0.254, 117.302] 3HhnKxWtX6TZVaEkOx6sOh
[0.431, 0.595, 1, -5.492, 0.0486, 0.282, 0.0131, 0.0723, 0.572, 149.051] 7F9DoExOu3XpK5d5gJSfce
[0.405, 0.408, 5, -12.963, 0.0788, 0.488, 0.00584, 0.737, 0.607, 97.509] 2P5h4lcZ3BdbVkCbjWSNrq
[0.581, 0.596, 0, -3.831, 0.0242, 0.224, 0.00979, 0.287, 0.574, 82.253] 1xiC0S5ArI50Rnson6KOcE
[0.458, 0.377, 0, -12.844, 0.0489, 0.0219, 0.0771, 0.14, 0.62, 177.684] 74sKApbzqinvajFKIGsdIO
[0.395, 0.619, 9, -5.735, 0.0303, 0.0301, 0.00182, 0.292, 0.449, 179.902] 3qwbH8BkaajucDw2BbOK3q
[0.441, 0.589, 2, -5.372, 0.0452, 0.0833, 0.0592, 0.142, 0.363, 178.847] 78HB6zB7bu9jKL2GQqGTmx
[0.524, 0.274, 2, -15.177, 0.0528, 0.0958, 0.04, 0.0184, 0.258, 119.725] 7LZlJz418kxtuK3QkGvL15
[0.531, 0.175, 10, -18.868, 0.0593, 0.716, 0.132, 0.109, 0.32, 134.924] 1dEkRQ2ASVMTLF7Ig5Mud7
[0.553, 0.594, 2, -12.493, 0.0329, 0.255, 0.00282, 0.21, 0.543, 98.861] 3R4ac0Pyzj6rebsKZxoXQy
[0.587, 0.38, 7, -9.17, 0.0273, 0.729, 0.00267, 0.123, 0.356, 82.566] 5zGCD8uXutwgpKmXYAVYDb
[0.506, 0.397, 9, -9.627, 0.0421, 0.373, 0.0954, 0.186, 0.275, 138.87] 270ldD3P58sG6r0j4eWJNn
[0.505, 0.129, 9, -18.277, 0.0401, 0.629, 0.000508, 0.0868, 0.252, 142.892] 4Ja8Kgt3UEVd22kGfVBQ6g
[0.507, 0.378, 11, -11.627, 0.0374, 0.262, 0.00189, 0.111, 0.327, 95.545] 4qT3fmK4eyLCJ8DpGXDzdB
[0.537, 0.23, 4, -15.371, 0.0351, 0.579, 0.203, 0.12, 0.371, 79.849] 5x7Oxaa9EEIx9nw17CC5yW
[0.396, 0.278, 4, -17.173, 0.0425, 0.493, 0.425, 0.77, 0.138, 133.172] 0VLq7EgMEJmqTXP9YDw0Tz
[0.487, 0.538, 5, -7.429, 0.0397, 0.33, 0.00609, 0.103, 0.269, 118.039] 2glwN5raCeEn0EdjKrNw6i
[0.473, 0.183, 0, -16.006, 0.0394, 0.11, 0.00299, 0.0973, 0.248, 123.346] 7tXVTjc7OpVMGPXXkxK7GI
[0.73, 0.289, 0, -12.337, 0.0433, 0.358, 0.0171, 0.0978, 0.174, 83.257] 0CcySM3v6xGWPdqkYFPZWZ
[0.385, 0.372, 0, -11.512, 0.0562, 0.22, 0.000431, 0.747, 0.308, 115.362] 3mYqC7JgW2nzWC1ECA0K4b
[0.676, 0.249, 0, -13.598, 0.0349, 0.471, 0.00712, 0.128, 0.48, 79.828] 4xu0LW34dFEoHG1x65tQPx
[0.712, 0.373, 10, -7.878, 0.0328, 0.214, 0.04, 0.129, 0.271, 109.699] 29UgTI78R4hzBo0ukz6xkP
[0.387, 0.422, 8, -9.896, 0.0317, 0.00233, 0.131, 0.192, 0.353, 146.274] 1Msf1vU7lpnbqUDxj6HpnW
[0.823, 0.312, 9, -9.347, 0.0349, 0.578, 0.0167, 0.102, 0.561, 67.908] 77DzKhQ0NSS6YuERnUWOeU
[0.56, 0.337, 0, -13.608, 0.0399, 0.756, 0.000995, 0.101, 0.311, 144.41] 4sBgHY0BBmPP2oXtFl7NVY
[0.506, 0.167, 0, -18.562, 0.0486, 0.719, 0.127, 0.092, 0.328, 141.249] 6MSU4GXt4swCRLtGgCE7zo
[0.504, 0.159, 7, -16.818, 0.0335, 0.596, 0.00106, 0.1, 0.447, 141.053] 4OZQgXIA3z2vVte2Ic6Xpv
[0.58, 0.243, 5, -12.118, 0.0527, 0.398, 0.000695, 0.109, 0.461, 130.659] 5cDIbJtehjhImG8eytKwGw
[0.504, 0.24, 10, -17.327, 0.0443, 0.622, 0.00863, 0.449, 0.275, 147.668] 1uPb7QAH2vycKlWdGp6ZlY
[0.473, 0.385, 6, -12.099, 0.0349, 0.0566, 0.0226, 0.278, 0.483, 135.18] 4rpqNradYhGfZ5d3VF9czF
[0.46, 0.34, 0, -10.519, 0.0536, 0.798, 0.00337, 0.0997, 0.196, 133.054] 3Hrj7v45T2lJVZWdqdRf5E
[0.47, 0.213, 0, -9.426, 0.0461, 0.597, 0.000949, 0.117, 0.159, 91.091] 6HA9QpH9xzSXH6qw1FtbzD
[0.318, 0.416, 2, -13.418, 0.0338, 0.0427, 0.00107, 0.207, 0.547, 178.174] 1YtVALMvVeJ5qMpeFGMAaE
[0.451, 0.1, 5, -16.736, 0.0505, 0.977, 0.0141, 0.135, 0.32, 159.458] 2xcvt3rCMZVhPyONbFmsrp
[0.398, 0.605, 4, -5.057, 0.0257, 0.0453, 0.0238, 0.11, 0.189, 81.963] 3BFOW7dc6oxzuEPWKsESTI
[0.485, 0.148, 4, -14.95, 0.0472, 0.769, 0.0145, 0.0746, 0.383, 66.596] 6gNqTbfiinrGDjgrp3vdCR
[0.48, 0.104, 4, -20.295, 0.0877, 0.625, 0.153, 0.0857, 0.23, 181.198] 2yhLL9sVhNVQbD5lWFXlxd
[0.714, 0.0845, 8, -20.366, 0.361, 0.825, 0.00024, 0.385, 0.482, 119.656] 5dzgTYv7PnxQPapfheF4ux
[0.327, 0.322, 0, -14.951, 0.0482, 0.125, 0.245, 0.0841, 0.352, 186.734] 3fFT7RWQ9Zgj2Hoec3644S
[0.605, 0.363, 1, -10.541, 0.0414, 0.779, 0.0852, 0.118, 0.538, 114.067] 72X15O5Hil3UAUeOSe5eYn
[0.389, 0.108, 4, -16.247, 0.0637, 0.842, 0.653, 0.146, 0.11, 166.162] 5sQInKVdpo3XKKn5SAdT2n
[0.64, 0.264, 7, -10.722, 0.0406, 0.707, 0.00302, 0.0428, 0.707, 109.723] 0dvnJe67P2az384UkOm9KU
[0.406, 0.43, 5, -7.702, 0.0423, 0.67, 0.00205, 0.338, 0.417, 176.21] 4xfJSNaQN5eRUL78mor3nj
[0.539, 0.416, 4, -6.538, 0.0254, 0.719, 0, 0.132, 0.273, 72.15] 04CJvX6ueL0FevEE8H8246
[0.546, 0.044, 2, -17.623, 0.0483, 0.87, 0.771, 0.103, 0.326, 102.607] 251EBnu3bn7mnL5l89IkZt
[0.588, 0.144, 5, -17.882, 0.0338, 0.855, 0.000513, 0.129, 0.468, 97.182] 0wJRxU3w6jwuCtUi6FJeK9
[0.545, 0.444, 4, -8.989, 0.0619, 0.249, 0, 0.0896, 0.379, 82.596] 2hQBqQHWrEX0XBnULlDkma
[0.675, 0.379, 6, -10.295, 0.0265, 0.273, 0.0505, 0.101, 0.59, 97.873] 1BNpo855XfdTSbLEPT1tiF
[0.559, 0.209, 2, -13.566, 0.0354, 0.715, 3.1e-05, 0.113, 0.568, 144.084] 2NzFRBmd51ZRRnM050iHHt
[0.68, 0.393, 3, -9.983, 0.0328, 0.966, 0.00117, 0.112, 0.845, 72.16] 7qBhpHyTmWFdLGHKZY4FIl
[0.604, 0.412, 0, -11.564, 0.045, 0.867, 0.0237, 0.0751, 0.88, 142.58] 5ROWR8eKAWxojrrnzLyGfv
[0.75, 0.269, 7, -11.404, 0.0442, 0.724, 3.36e-05, 0.117, 0.558, 118.984] 2MGg4cIpTq01bQcnE8X8Ds
[0.352, 0.54, 7, -5.962, 0.0291, 0.205, 0.0563, 0.161, 0.54, 171.62] 4MU7gIQajZa1tpiMNL2kL9
[0.45, 0.391, 5, -9.524, 0.0344, 0.506, 0.0155, 0.092, 0.474, 187.397] 18zo8CgBYj45ATurtb4H4W
[0.552, 0.14, 4, -10.704, 0.0648, 0.72, 0.832, 0.13, 0.579, 91.456] 5yLkkk0MiWAW0xuHUWKlX2
[0.675, 0.308, 6, -8.081, 0.0348, 0.824, 3.75e-05, 0.0607, 0.69, 97.446] 4ghvDvK0tWXLfvG4znwpAe
[0.582, 0.191, 5, -19.464, 0.033, 0.867, 0.00752, 0.105, 0.341, 70.307] 4a11mgA6NtRrNK19yWx1Wh
[0.794, 0.251, 7, -15.17, 0.0832, 0.826, 0.00815, 0.141, 0.959, 108.445] 0VdV4ka3IsCmS4tgZjQQon
[0.316, 0.928, 11, -5.381, 0.0652, 0.599, 0.778, 0.363, 0.506, 107.982] 5Y1KXqKJN3GQvRYCWSvE4k
[0.402, 0.0982, 5, -19.814, 0.0401, 0.356, 0.194, 0.358, 0.191, 141.54] 56UsciEGCYrmCTSI3veuvC
[0.608, 0.486, 11, -6.566, 0.0365, 0.597, 0.00192, 0.101, 0.452, 74.259] 2RXXb2uTCzOKp1n76cqSP7
[0.737, 0.307, 0, -8.74, 0.0501, 0.668, 5.15e-06, 0.105, 0.527, 80.168] 1ZRz0wBAXFzjNzD7DmXzOn
[0.592, 0.51, 4, -5.923, 0.0733, 0.767, 2.39e-05, 0.105, 0.368, 73.536] 7epXc4BZQUG6OjJ69K6yAF
[0.439, 0.48, 2, -9.738, 0.0329, 0.508, 0.33, 0.126, 0.688, 104.962] 0UPsrU3VnEZMJQQX1T3Egg
[0.49, 0.372, 7, -9.589, 0.0636, 0.834, 0.0549, 0.244, 0.362, 173.533] 6Jn8qnYJvaCLuq0gg4Ksiu
[0.666, 0.421, 4, -8.553, 0.0421, 0.537, 0.0134, 0.112, 0.441, 79.919] 3OpDEJPWzv76Y9Q6ccLVE6
[0.732, 0.329, 9, -9.006, 0.0314, 0.938, 0.0369, 0.0669, 0.707, 102.114] 1zHxhqZZ9eOju22K8dS1JV
[0.425, 0.489, 0, -9.063, 0.0268, 0.0162, 0.000111, 0.106, 0.497, 96.777] 5ll3WCIvUPqcRVKqXBCxR2
[0.452, 0.483, 6, -8.919, 0.0799, 0.24, 0, 0.112, 0.474, 69.428] 7MFkmvySBDx4SHHIpHl4TZ
[0.678, 0.454, 10, -9.921, 0.0265, 0.484, 0.0513, 0.151, 0.543, 96.776] 6He1hej5HlbXjyghBkFDkq
[0.534, 0.446, 2, -10.323, 0.0261, 0.149, 0.0932, 0.0888, 0.685, 105.606] 1fyFJzJDgt3Xmvb4HgBAvA
[0.624, 0.369, 5, -10.742, 0.0282, 0.269, 0.0913, 0.105, 0.38, 98.542] 1dXlXS881jS9wQphrI4b5a
[0.586, 0.336, 7, -11.303, 0.0307, 0.253, 0.000223, 0.129, 0.692, 107.074] 7iCwvCrIfpx9ayCUXgVGSO
[0.395, 0.458, 0, -12.527, 0.0462, 0.419, 0.000132, 0.594, 0.474, 168.933] 3dwWMDLZlZxtkvTjVA5J1Z
[0.299, 0.553, 1, -9.755, 0.0402, 0.00212, 0.0129, 0.136, 0.575, 154.559] 60hDwZ15xq801EdHSB2FYn
[0.382, 0.537, 0, -10.517, 0.0343, 0.0939, 0.00563, 0.058, 0.671, 196.201] 0PSQoeol6jZFXFZZ3cT4BJ
[0.587, 0.38, 7, -9.17, 0.0273, 0.729, 0.00267, 0.123, 0.356, 82.566] 5zGCD8uXutwgpKmXYAVYDb
[0.504, 0.568, 0, -7.877, 0.0331, 0.64, 5.44e-06, 0.33, 0.489, 139.752] 7CnZwqjv4EgxVT0S17GVMM
[0.571, 0.479, 10, -13.164, 0.0276, 0.449, 0.285, 0.26, 0.826, 97.107] 53cOCw0PN0NqBz4PyEerkm
[0.533, 0.192, 5, -12.052, 0.032, 0.427, 0.241, 0.253, 0.303, 127.621] 18Pi5LPQoqGP3WfuVWWTjc
[0.568, 0.0102, 9, -17.902, 0.0886, 0.733, 0.118, 0.0754, 0.438, 82.464] 1cAvj1vIjepzwbZLIx4yKR
[0.575, 0.366, 9, -9.909, 0.047, 0.187, 0.0145, 0.0901, 0.487, 172.407] 4DHOVT26Oh9N0AffTCHASx
[0.369, 0.612, 1, -9.089, 0.0795, 0.627, 0.0636, 0.563, 0.647, 177.951] 20nQpaFVoEMA5aUGD8yn3i
[0.644, 0.382, 5, -9.77, 0.0354, 0.59, 0.00017, 0.106, 0.614, 72.353] 7GCC5Nq4gnImhyMeqULoi3
[0.491, 0.283, 4, -16.36, 0.0496, 0.419, 0.00504, 0.0846, 0.433, 71.695] 4BXmW7ySx3gXpKLrQBYMqI
[0.48, 0.338, 0, -15.961, 0.0527, 0.398, 0.00104, 0.178, 0.628, 102.676] 15jeLtVTCeotyTHlGcGsUO
[0.436, 0.539, 0, -10.955, 0.0314, 0.579, 0.000671, 0.0974, 0.35, 149.598] 5ycKlID6uuZJR6E0a29zFN
[0.606, 0.301, 0, -11.402, 0.0423, 0.545, 0.00194, 0.0419, 0.457, 100.979] 1i7nQGgwloILcp6ZftH2Qa
[0.492, 0.596, 2, -4.038, 0.0395, 0.97, 0.043, 0.284, 0.548, 86.952] 1TVtYIucWI5fqdQwwlZFR3
[0.527, 0.0566, 4, -19.528, 0.0706, 0.965, 0.188, 0.11, 0.275, 187.055] 6VXyqp5UEQx6B3QO1YFEZU
[0.393, 0.358, 5, -9.598, 0.0471, 0.33, 0.0313, 0.12, 0.598, 180.075] 4OGyibX2nayDVCUfFN4u8x
[0.545, 0.271, 0, -17.69, 0.0667, 0.767, 6e-06, 0.0728, 0.679, 113.963] 7lpsRa4kcNoxSHUDNDXpnn
[0.696, 0.532, 9, -7.869, 0.0458, 0.672, 0.00154, 0.103, 0.5, 101.989] 3jgkfxYX4nblzWhK0oNk6I
[0.404, 0.331, 9, -11.487, 0.0245, 0.518, 0.353, 0.0786, 0.247, 73.904] 3d5e9kJDkgc7Jum8d8xtrl
[0.61, 0.543, 5, -5.498, 0.0301, 0.482, 0.209, 0.156, 0.433, 130.965] 44FnSZip0XhEBR3l7rPeJ1
[0.48, 0.061, 0, -16.696, 0.0388, 0.976, 0.483, 0.125, 0.261, 138.439] 78WaOAO3xm45gOXqMhI09d
[0.501, 0.701, 7, -6.088, 0.0324, 0.0919, 0.072, 0.117, 0.608, 122.477] 3sHYNMaWmlnCRZmzWzpCW2
[0.576, 0.0968, 6, -19.439, 0.036, 0.546, 0.286, 0.226, 0.168, 113.232] 7zto61V8ySp03Qi6X1LU2X
[0.384, 0.449, 0, -8.153, 0.0282, 0.416, 0.00105, 0.107, 0.169, 104.615] 2XJBHxDHgimhJ67fzpp8Ip
[0.457, 0.449, 10, -12.013, 0.0596, 0.0451, 0.00203, 0.0887, 0.478, 170.242] 0LUEBWAnO3CGjASnVqqUkV
[0.479, 0.461, 7, -6.892, 0.046, 0.721, 0.0031, 0.136, 0.368, 66.311] 1qxvyvIFtWiV3QNkv17z10
[0.676, 0.249, 0, -13.598, 0.0349, 0.471, 0.00712, 0.128, 0.48, 79.828] 4xu0LW34dFEoHG1x65tQPx
[0.796, 0.149, 3, -17.885, 0.0414, 0.163, 0.0114, 0.081, 0.433, 73.953] 7sheAObhEOIqDY8YFu3HJf
[0.53, 0.669, 3, -6.907, 0.0273, 0.573, 6.06e-05, 0.057, 0.379, 77.134] 5x43Y3cKUlwnOlRWkb2IMJ
[0.529, 0.108, 7, -15.96, 0.0423, 0.889, 0.00727, 0.264, 0.213, 158.223] 6SVMrke6GfTo8VFWaDH8Yu
[0.677, 0.0841, 9, -20.242, 0.0591, 0.281, 0.014, 0.494, 0.463, 69.771] 6COKdVANVlvIPZVGG08nRt
[0.546, 0.424, 2, -9.275, 0.0409, 0.448, 0.00204, 0.0868, 0.425, 147.8] 56cQKq9cveZtNl2c284ttH
[0.498, 0.342, 0, -13.847, 0.0287, 0.877, 0.0784, 0.407, 0.417, 82.195] 4Uwno0Vk8Onh37MXJ0PbNu
[0.695, 0.493, 9, -9.539, 0.0308, 0.0673, 0.00335, 0.105, 0.26, 86.862] 15arjwNdYNSiwWHRDBJ6zQ
[0.554, 0.49, 9, -8.725, 0.0267, 0.736, 0.00728, 0.327, 0.578, 67.591] 0tYJ6uY0ETQOtOM8KySMSp
[0.396, 0.424, 2, -10.812, 0.0298, 0.304, 0.175, 0.103, 0.216, 129.597] 30sJmjuLalNSzlRIml1PlJ
[0.535, 0.177, 1, -11.311, 0.0384, 0.861, 1.97e-06, 0.11, 0.404, 134.764] 0oQtjAjUeksVd9gHE5fl02
[0.562, 0.638, 0, -5.12, 0.0328, 0.0884, 6.42e-06, 0.149, 0.585, 115.674] 05JGVUwt7XJk5FPqH0Wsch
[0.522, 0.223, 2, -12.703, 0.0354, 0.147, 6.1e-06, 0.219, 0.292, 138.782] 6c2AVy8Szc2nRJe2SfvZ2M
[0.436, 0.547, 6, -12.301, 0.0698, 0.242, 0.0974, 0.288, 0.755, 181.415] 5F1PDuoQ9ajtBnKAPVOqT4
[0.492, 0.286, 5, -10.823, 0.0432, 0.865, 0.000347, 0.132, 0.534, 185.727] 09ZLCAXgUrQb6cDb3MiYn0
[0.539, 0.398, 9, -6.513, 0.0253, 0.661, 0.000519, 0.191, 0.588, 81.579] 7keRsHHqmuFRv8agWvaYxE
[0.427, 0.553, 6, -11.434, 0.0405, 0.344, 0.000956, 0.227, 0.674, 109.629] 3QwDN08fGnGfRrsn5wLTej
[0.523, 0.717, 5, -3.84, 0.0353, 0.0874, 0.001, 0.0866, 0.313, 114.021] 51R3YhOIXXaCPcvdB9k21j
[0.453, 0.675, 2, -4.947, 0.141, 0.847, 0.00243, 0.211, 0.54, 172.737] 0hORgg6aV6GgDn5VQfZpcl
[0.668, 0.583, 3, -8.889, 0.0768, 0.468, 3.62e-05, 0.337, 0.818, 118.655] 71zy5nvPveBvRVhR5IduJW
[0.405, 0.408, 5, -12.963, 0.0788, 0.488, 0.00584, 0.737, 0.607, 97.509] 2P5h4lcZ3BdbVkCbjWSNrq
[0.698, 0.662, 11, -5.97, 0.0272, 0.513, 0.000229, 0.0362, 0.905, 91.39] 4vvBxMwo7U5oIYP10Apgwx
[0.721, 0.3, 1, -9.181, 0.0758, 0.817, 0.000413, 0.0921, 0.526, 67.548] 6OX2RKQdMDiv6D4a6QRYlX
[0.524, 0.364, 9, -10.793, 0.027, 0.699, 0.0723, 0.164, 0.101, 77.785] 2Yt8XDP6HIWvlwC0n4pAkl
[0.656, 0.605, 4, -7.899, 0.0266, 0.736, 0.0235, 0.217, 0.682, 77.621] 1XZ2xceHCOm3qYuYyIELuo
[0.485, 0.148, 4, -14.95, 0.0472, 0.769, 0.0145, 0.0746, 0.383, 66.596] 6gNqTbfiinrGDjgrp3vdCR
[0.48, 0.104, 4, -20.295, 0.0877, 0.625, 0.153, 0.0857, 0.23, 181.198] 2yhLL9sVhNVQbD5lWFXlxd
[0.714, 0.0845, 8, -20.366, 0.361, 0.825, 0.00024, 0.385, 0.482, 119.656] 5dzgTYv7PnxQPapfheF4ux
[0.327, 0.322, 0, -14.951, 0.0482, 0.125, 0.245, 0.0841, 0.352, 186.734] 3fFT7RWQ9Zgj2Hoec3644S
[0.605, 0.363, 1, -10.541, 0.0414, 0.779, 0.0852, 0.118, 0.538, 114.067] 72X15O5Hil3UAUeOSe5eYn
[0.389, 0.108, 4, -16.247, 0.0637, 0.842, 0.653, 0.146, 0.11, 166.162] 5sQInKVdpo3XKKn5SAdT2n
[0.64, 0.264, 7, -10.722, 0.0406, 0.707, 0.00302, 0.0428, 0.707, 109.723] 0dvnJe67P2az384UkOm9KU
[0.406, 0.43, 5, -7.702, 0.0423, 0.67, 0.00205, 0.338, 0.417, 176.21] 4xfJSNaQN5eRUL78mor3nj
[0.539, 0.416, 4, -6.538, 0.0254, 0.719, 0, 0.132, 0.273, 72.15] 04CJvX6ueL0FevEE8H8246
[0.546, 0.044, 2, -17.623, 0.0483, 0.87, 0.771, 0.103, 0.326, 102.607] 251EBnu3bn7mnL5l89IkZt
[0.588, 0.144, 5, -17.882, 0.0338, 0.855, 0.000513, 0.129, 0.468, 97.182] 0wJRxU3w6jwuCtUi6FJeK9
[0.545, 0.444, 4, -8.989, 0.0619, 0.249, 0, 0.0896, 0.379, 82.596] 2hQBqQHWrEX0XBnULlDkma
[0.675, 0.379, 6, -10.295, 0.0265, 0.273, 0.0505, 0.101, 0.59, 97.873] 1BNpo855XfdTSbLEPT1tiF
[0.559, 0.209, 2, -13.566, 0.0354, 0.715, 3.1e-05, 0.113, 0.568, 144.084] 2NzFRBmd51ZRRnM050iHHt
[0.68, 0.393, 3, -9.983, 0.0328, 0.966, 0.00117, 0.112, 0.845, 72.16] 7qBhpHyTmWFdLGHKZY4FIl
[0.604, 0.412, 0, -11.564, 0.045, 0.867, 0.0237, 0.0751, 0.88, 142.58] 5ROWR8eKAWxojrrnzLyGfv
[0.75, 0.269, 7, -11.404, 0.0442, 0.724, 3.36e-05, 0.117, 0.558, 118.984] 2MGg4cIpTq01bQcnE8X8Ds
[0.352, 0.54, 7, -5.962, 0.0291, 0.205, 0.0563, 0.161, 0.54, 171.62] 4MU7gIQajZa1tpiMNL2kL9
[0.45, 0.391, 5, -9.524, 0.0344, 0.506, 0.0155, 0.092, 0.474, 187.397] 18zo8CgBYj45ATurtb4H4W
[0.552, 0.14, 4, -10.704, 0.0648, 0.72, 0.832, 0.13, 0.579, 91.456] 5yLkkk0MiWAW0xuHUWKlX2
[0.675, 0.308, 6, -8.081, 0.0348, 0.824, 3.75e-05, 0.0607, 0.69, 97.446] 4ghvDvK0tWXLfvG4znwpAe
[0.582, 0.191, 5, -19.464, 0.033, 0.867, 0.00752, 0.105, 0.341, 70.307] 4a11mgA6NtRrNK19yWx1Wh
[0.794, 0.251, 7, -15.17, 0.0832, 0.826, 0.00815, 0.141, 0.959, 108.445] 0VdV4ka3IsCmS4tgZjQQon
[0.316, 0.928, 11, -5.381, 0.0652, 0.599, 0.778, 0.363, 0.506, 107.982] 5Y1KXqKJN3GQvRYCWSvE4k
[0.402, 0.0982, 5, -19.814, 0.0401, 0.356, 0.194, 0.358, 0.191, 141.54] 56UsciEGCYrmCTSI3veuvC
[0.608, 0.486, 11, -6.566, 0.0365, 0.597, 0.00192, 0.101, 0.452, 74.259] 2RXXb2uTCzOKp1n76cqSP7
[0.737, 0.307, 0, -8.74, 0.0501, 0.668, 5.15e-06, 0.105, 0.527, 80.168] 1ZRz0wBAXFzjNzD7DmXzOn
[0.592, 0.51, 4, -5.923, 0.0733, 0.767, 2.39e-05, 0.105, 0.368, 73.536] 7epXc4BZQUG6OjJ69K6yAF
[0.439, 0.48, 2, -9.738, 0.0329, 0.508, 0.33, 0.126, 0.688, 104.962] 0UPsrU3VnEZMJQQX1T3Egg
[0.49, 0.372, 7, -9.589, 0.0636, 0.834, 0.0549, 0.244, 0.362, 173.533] 6Jn8qnYJvaCLuq0gg4Ksiu
[0.666, 0.421, 4, -8.553, 0.0421, 0.537, 0.0134, 0.112, 0.441, 79.919] 3OpDEJPWzv76Y9Q6ccLVE6
[0.732, 0.329, 9, -9.006, 0.0314, 0.938, 0.0369, 0.0669, 0.707, 102.114] 1zHxhqZZ9eOju22K8dS1JV
[0.425, 0.489, 0, -9.063, 0.0268, 0.0162, 0.000111, 0.106, 0.497, 96.777] 5ll3WCIvUPqcRVKqXBCxR2
[0.452, 0.483, 6, -8.919, 0.0799, 0.24, 0, 0.112, 0.474, 69.428] 7MFkmvySBDx4SHHIpHl4TZ
[0.678, 0.454, 10, -9.921, 0.0265, 0.484, 0.0513, 0.151, 0.543, 96.776] 6He1hej5HlbXjyghBkFDkq
[0.534, 0.446, 2, -10.323, 0.0261, 0.149, 0.0932, 0.0888, 0.685, 105.606] 1fyFJzJDgt3Xmvb4HgBAvA
[0.624, 0.369, 5, -10.742, 0.0282, 0.269, 0.0913, 0.105, 0.38, 98.542] 1dXlXS881jS9wQphrI4b5a
[0.586, 0.336, 7, -11.303, 0.0307, 0.253, 0.000223, 0.129, 0.692, 107.074] 7iCwvCrIfpx9ayCUXgVGSO
[0.395, 0.458, 0, -12.527, 0.0462, 0.419, 0.000132, 0.594, 0.474, 168.933] 3dwWMDLZlZxtkvTjVA5J1Z
[0.299, 0.553, 1, -9.755, 0.0402, 0.00212, 0.0129, 0.136, 0.575, 154.559] 60hDwZ15xq801EdHSB2FYn
[0.382, 0.537, 0, -10.517, 0.0343, 0.0939, 0.00563, 0.058, 0.671, 196.201] 0PSQoeol6jZFXFZZ3cT4BJ
[0.587, 0.38, 7, -9.17, 0.0273, 0.729, 0.00267, 0.123, 0.356, 82.566] 5zGCD8uXutwgpKmXYAVYDb
[0.504, 0.568, 0, -7.877, 0.0331, 0.64, 5.44e-06, 0.33, 0.489, 139.752] 7CnZwqjv4EgxVT0S17GVMM
[0.571, 0.479, 10, -13.164, 0.0276, 0.449, 0.285, 0.26, 0.826, 97.107] 53cOCw0PN0NqBz4PyEerkm
[0.533, 0.192, 5, -12.052, 0.032, 0.427, 0.241, 0.253, 0.303, 127.621] 18Pi5LPQoqGP3WfuVWWTjc
[0.568, 0.0102, 9, -17.902, 0.0886, 0.733, 0.118, 0.0754, 0.438, 82.464] 1cAvj1vIjepzwbZLIx4yKR
[0.575, 0.366, 9, -9.909, 0.047, 0.187, 0.0145, 0.0901, 0.487, 172.407] 4DHOVT26Oh9N0AffTCHASx
[0.369, 0.612, 1, -9.089, 0.0795, 0.627, 0.0636, 0.563, 0.647, 177.951] 20nQpaFVoEMA5aUGD8yn3i
[0.644, 0.382, 5, -9.77, 0.0354, 0.59, 0.00017, 0.106, 0.614, 72.353] 7GCC5Nq4gnImhyMeqULoi3
[0.491, 0.283, 4, -16.36, 0.0496, 0.419, 0.00504, 0.0846, 0.433, 71.695] 4BXmW7ySx3gXpKLrQBYMqI
[0.48, 0.338, 0, -15.961, 0.0527, 0.398, 0.00104, 0.178, 0.628, 102.676] 15jeLtVTCeotyTHlGcGsUO
[0.436, 0.539, 0, -10.955, 0.0314, 0.579, 0.000671, 0.0974, 0.35, 149.598] 5ycKlID6uuZJR6E0a29zFN
[0.606, 0.301, 0, -11.402, 0.0423, 0.545, 0.00194, 0.0419, 0.457, 100.979] 1i7nQGgwloILcp6ZftH2Qa
[0.492, 0.596, 2, -4.038, 0.0395, 0.97, 0.043, 0.284, 0.548, 86.952] 1TVtYIucWI5fqdQwwlZFR3
[0.527, 0.0566, 4, -19.528, 0.0706, 0.965, 0.188, 0.11, 0.275, 187.055] 6VXyqp5UEQx6B3QO1YFEZU
[0.393, 0.358, 5, -9.598, 0.0471, 0.33, 0.0313, 0.12, 0.598, 180.075] 4OGyibX2nayDVCUfFN4u8x
[0.545, 0.271, 0, -17.69, 0.0667, 0.767, 6e-06, 0.0728, 0.679, 113.963] 7lpsRa4kcNoxSHUDNDXpnn
[0.696, 0.532, 9, -7.869, 0.0458, 0.672, 0.00154, 0.103, 0.5, 101.989] 3jgkfxYX4nblzWhK0oNk6I
[0.404, 0.331, 9, -11.487, 0.0245, 0.518, 0.353, 0.0786, 0.247, 73.904] 3d5e9kJDkgc7Jum8d8xtrl
[0.61, 0.543, 5, -5.498, 0.0301, 0.482, 0.209, 0.156, 0.433, 130.965] 44FnSZip0XhEBR3l7rPeJ1
[0.48, 0.061, 0, -16.696, 0.0388, 0.976, 0.483, 0.125, 0.261, 138.439] 78WaOAO3xm45gOXqMhI09d
[0.501, 0.701, 7, -6.088, 0.0324, 0.0919, 0.072, 0.117, 0.608, 122.477] 3sHYNMaWmlnCRZmzWzpCW2
[0.576, 0.0968, 6, -19.439, 0.036, 0.546, 0.286, 0.226, 0.168, 113.232] 7zto61V8ySp03Qi6X1LU2X
[0.384, 0.449, 0, -8.153, 0.0282, 0.416, 0.00105, 0.107, 0.169, 104.615] 2XJBHxDHgimhJ67fzpp8Ip
[0.457, 0.449, 10, -12.013, 0.0596, 0.0451, 0.00203, 0.0887, 0.478, 170.242] 0LUEBWAnO3CGjASnVqqUkV
[0.479, 0.461, 7, -6.892, 0.046, 0.721, 0.0031, 0.136, 0.368, 66.311] 1qxvyvIFtWiV3QNkv17z10
[0.676, 0.249, 0, -13.598, 0.0349, 0.471, 0.00712, 0.128, 0.48, 79.828] 4xu0LW34dFEoHG1x65tQPx
[0.796, 0.149, 3, -17.885, 0.0414, 0.163, 0.0114, 0.081, 0.433, 73.953] 7sheAObhEOIqDY8YFu3HJf
[0.53, 0.669, 3, -6.907, 0.0273, 0.573, 6.06e-05, 0.057, 0.379, 77.134] 5x43Y3cKUlwnOlRWkb2IMJ
[0.529, 0.108, 7, -15.96, 0.0423, 0.889, 0.00727, 0.264, 0.213, 158.223] 6SVMrke6GfTo8VFWaDH8Yu
[0.677, 0.0841, 9, -20.242, 0.0591, 0.281, 0.014, 0.494, 0.463, 69.771] 6COKdVANVlvIPZVGG08nRt
[0.548, 0.337, 7, -11.281, 0.0288, 0.805, 0, 0.12, 0.233, 132.182] 6VjeuA1GAK1jxk8Ic2N3tq
[0.703, 0.207, 3, -8.265, 0.028, 0.823, 0, 0.109, 0.505, 95.932] 4HXUMRdT6s6Am6YHcWmuib
[0.464, 0.283, 7, -11.401, 0.033, 0.616, 0.000512, 0.0925, 0.17, 80.995] 0D9IM4pkY0VtmUhompijKm
[0.607, 0.201, 1, -11.489, 0.031, 0.736, 2.15e-05, 0.113, 0.189, 118.976] 12NJunsYai7rMT0kM3E8GV
[0.295, 0.417, 6, -8.002, 0.0307, 0.222, 6.01e-06, 0.148, 0.135, 64.687] 0xiHNGGiSfrFfOJZGpxpJY
[0.365, 0.273, 4, -16.526, 0.038, 0.94, 0.431, 0.109, 0.238, 132.285] 4HbeGjbt7u3pvwDk1vN7P0
[0.373, 0.367, 9, -8.075, 0.0277, 0.405, 0, 0.119, 0.165, 77.285] 0InJPuWIYp8fwlBGIQglLf
[0.56, 0.442, 5, -7.224, 0.0243, 0.727, 1.71e-05, 0.11, 0.212, 146.448] 75JFxkI2RXiU7L9VXzMkle
[0.209, 0.418, 3, -8.74, 0.0338, 0.163, 0.00195, 0.113, 0.123, 138.265] 7LVHVU3tWfcxj5aiPFEW4Q
[0.363, 0.71, 2, -3.08, 0.0308, 0.216, 0, 0.121, 0.383, 170.113] 1fkYmLPG2Oi2AkUmcspWKl
[0.563, 0.592, 9, -4.571, 0.0276, 0.209, 5.08e-05, 0.132, 0.136, 104.016] 11bD1JtSjlIgKgZG2134DZ
[0.581, 0.717, 4, -4.433, 0.0318, 0.0298, 0.000186, 0.243, 0.316, 107.884] 7GAaTpSoTWUTbP2Yxlt4Hd
[0.23, 0.216, 10, -14.727, 0.0376, 0.911, 0.829, 0.0934, 0.0618, 92.022] 77yuzxCS3csrgTPSW0pvyk
[0.488, 0.487, 4, -6.371, 0.0307, 0.577, 0, 0.193, 0.217, 77.344] 7jDe24vXWUNX8Jl2hZHrIS
[0.677, 0.497, 5, -5.763, 0.0809, 0.152, 0, 0.0911, 0.419, 99.137] 0Zbbxnx4SGGHoIow4PpISP
[0.492, 0.122, 9, -13.619, 0.0296, 0.95, 0.0708, 0.102, 0.294, 95.507] 0zOpsSpHiHzNBZAhxd8y38
[0.494, 0.582, 0, -4.769, 0.0266, 0.102, 0, 0.0797, 0.416, 82.025] 1Duym1lVQurgKHHSqpOWhY
[0.707, 0.222, 7, -11.716, 0.0329, 0.788, 0, 0.205, 0.556, 110.095] 7kSLdGdXLey7pzLsWpdg1h
[0.672, 0.52, 8, -7.747, 0.0353, 0.859, 0, 0.115, 0.37, 120.001] 5O2P9iiztwhomNh8xkR9lJ
[0.641, 0.655, 7, -5.763, 0.0294, 0.0136, 0.000175, 0.154, 0.441, 128.037] 2ux8CLOcArj4QsXygAB7u3
[0.599, 0.785, 3, -4.013, 0.0309, 0.448, 0.00336, 0.151, 0.52, 140.046] 0mUyMawtxj1CJ76kn9gIZK
[0.773, 0.437, 9, -8.281, 0.0963, 0.836, 2.42e-05, 0.544, 0.707, 103.861] 75ls0gurX68lUmMjE7QcsE
[0.62, 0.574, 5, -7.788, 0.0479, 0.57, 0, 0.19, 0.352, 100.021] 5tz69p7tJuGPeMGwNTxYuV
